SCMBranch=USR-717
SCMRepository=User Interface/Task Time Tracker/Web/Shared/TasksAndWorkflow/TaskSchedule/Controls
SCMMainlineUUID={6a359bb0-6131-417f-b48a-3113b3a22182}
SCMBranchRepositoryID=29211
Details.ascx;4217618847;1;1417403915;|27587|278153
Details.ascx.cs;1964379523;1;1417403915;|27591|278157
Details.ascx.designer.cs;1104413885;1;1417403915;|27592|278158
Generic.ascx;3845706839;1;1417403915;|27588|278154
Generic.ascx.cs;2345328132;1;1417403915;|27593|278159
Generic.ascx.designer.cs;347508369;1;1417403915;|27594|278160
List.ascx;2853291430;1;1417403915;|27589|278155
List.ascx.cs;2845212702;1;1417403915;|27595|278161
List.ascx.designer.cs;997646287;1;1417403915;|27596|278162
SearchFilter.ascx;3404114439;1;1417403915;|27590|278156
SearchFilter.ascx.cs;3781980865;1;1417403915;|27597|278163
SearchFilter.ascx.designer.cs;2002355235;1;1417403915;|27598|278164
Validation.xml;2817056797;1;1417403915;|27599|278165
