SCMBranch=USR-717
SCMRepository=User Interface/Task Time Tracker/Web/Shared/ApplicationManagement/ReleaseLog
SCMMainlineUUID={6a359bb0-6131-417f-b48a-3113b3a22182}
SCMBranchRepositoryID=5545
ReleaseNotesTestPage.aspx.designer.cs;3688093011;5;1370539662;|5354|60283
ReleaseNotesTestPage.aspx;260744983;13;1372994961;|5355|71651
ReleaseNotesTestPage.aspx.cs;821825159;18;1375869309;|5353|76968
Clone.aspx.cs;3347551040;8;1394430868;|1627|118559
Clone.aspx.designer.cs;302986281;2;1394430868;|1628|68702
Default.aspx.designer.cs;266942880;3;1394430868;|1631|117452
Delete.aspx.designer.cs;2864071640;2;1394430868;|1632|68706
Details.aspx.designer.cs;1263146728;3;1394430868;|1626|118563
Export.aspx;636267356;2;1394430868;|1634|118808
Export.aspx.designer.cs;4265737328;2;1394430868;|1623|154660
Insert.aspx.cs;716418253;11;1394430868;|1622|118564
Insert.aspx.designer.cs;2777434690;2;1394430868;|1621|68703
Update.aspx.designer.cs;1980371916;2;1394430868;|1624|68704
CommonUpdate.aspx.designer.cs;3116946881;1;1395858214;|17773|184658
ReleaseNotes.aspx.designer.cs;3620726561;20;1400788062;|5320|189800
ReleaseNotes.aspx;1097165063;51;1400863837;|5321|189888
ReleaseNotes.aspx.cs;1586270511;89;1400865446;|5319|189889
Clone.aspx;2552855059;5;1401678839;|1637|201403
CommonUpdate.aspx;3095193213;2;1401678839;|17774|199195
Delete.aspx;1741740069;6;1401678839;|1639|201404
Details.aspx;251465367;9;1401678839;|1640|201405
Insert.aspx;2958954197;5;1401678840;|1635|201406
Update.aspx;2232631098;8;1401678840;|1636|201407
Details.aspx.cs;2262320642;18;1404188269;|1629|209433
Update.aspx.cs;1512816296;24;1404188269;|1633|209434
Export.aspx.cs;389688737;5;1404187932;|1625|209435
Delete.aspx.cs;981997188;11;1404236644;|1620|209531
CommonUpdate.aspx.cs;1883226188;4;1405911752;|17775|215645
Default.aspx;3954691777;9;1406649550;|1638|222757
Default.aspx.cs;3739731819;18;1406649550;|1630|222758
index.html;4218379971;1;1422332808;|35169|295384
