SCMBranch=USR-717
SCMRepository=User Interface/Task Time Tracker/Web/Configuration/FieldConfigurationMode
SCMMainlineUUID={6a359bb0-6131-417f-b48a-3113b3a22182}
SCMBranchRepositoryID=29110
Clone.aspx.cs;3251205193;1;1417403877;|27926|278510
Clone.aspx.designer.cs;2931097592;1;1417403877;|27925|278509
Delete.aspx.cs;2494951707;1;1417403877;|27920|278504
Delete.aspx.designer.cs;3209142374;1;1417403877;|27919|278503
Details.aspx;2965394228;1;1417403877;|27927|278511
Details.aspx.cs;1473384454;1;1417403877;|27918|278502
Details.aspx.designer.cs;3498306276;1;1417403877;|27917|278501
Export.aspx;1122030462;1;1417403877;|27914|278498
Export.aspx.cs;730622193;1;1417403877;|27916|278500
Export.aspx.designer.cs;2913700672;1;1417403877;|27915|278499
InlineUpdate.aspx;140420209;1;1417403877;|27908|278492
InlineUpdate.aspx.designer.cs;1271108134;1;1417403877;|27913|278497
Insert.aspx.cs;702175824;1;1417403877;|27912|278496
Insert.aspx.designer.cs;2279348147;1;1417403877;|27930|278514
Search.aspx;1385962338;1;1417403877;|27910|278494
Search.aspx.cs;683728450;1;1417403877;|27931|278515
Search.aspx.designer.cs;3710648993;1;1417403877;|27932|278516
Update.aspx.cs;3222246926;1;1417403877;|27933|278517
Clone.aspx;2049704837;2;1417540916;|27935|280253
Delete.aspx;802098516;2;1417540916;|27928|280255
Insert.aspx;3048183467;2;1417540916;|27909|280256
Update.aspx;3185025640;4;1428633515;|27911|299775
Update.aspx.designer.cs;2770278469;2;1428633515;|27934|299776
CommonUpdate.aspx;3901180202;2;1462161176;|27937|346244
CommonUpdate.aspx.cs;4216867485;2;1462161176;|27924|346245
CommonUpdate.aspx.designer.cs;31816821;2;1462161177;|27923|346246
Default.aspx;1499190608;3;1462161177;|27929|346247
Default.aspx.cs;952753306;2;1462161177;|27922|346248
Default.aspx.designer.cs;169834934;2;1462161177;|27921|346249
UI_Pages.cs;1309701801;1;1462161177;|41537|346159
UI_Pages.tt;2909564401;1;1462161177;|41536|346158
InlineUpdate.aspx.cs;172378643;2;1464838855;|27936|349173
