SCMBranch=USR-717
SCMRepository=User Interface/Task Time Tracker/Web/MS/EventNotification/NotificationPublisherXEventType/Controls
SCMMainlineUUID={6a359bb0-6131-417f-b48a-3113b3a22182}
SCMBranchRepositoryID=30818
Details.ascx;3626466684;1;1418613675;|33776|286354
Details.ascx.designer.cs;3639633396;1;1418613675;|33769|286347
List.ascx;2592899690;1;1418613675;|33765|286343
List.ascx.cs;4266416004;1;1418613675;|33774|286352
List.ascx.designer.cs;849283515;1;1418613675;|33772|286350
SearchFilter.ascx.cs;85657713;1;1418613675;|33773|286351
SearchFilter.ascx.designer.cs;3375601877;1;1418613675;|33775|286353
Validation.xml;455833259;1;1418613675;|33767|286345
Generic.ascx.designer.cs;3937977391;2;1422358630;|33771|295524
Generic.ascx;2413570354;2;1422358694;|33764|295525
SearchFilter.ascx;291718580;2;1422882971;|33766|295759
Details.ascx.cs;3890021104;2;1469426650;|33768|352132
Generic.ascx.cs;3870066618;3;1469426650;|33770|353405
