SCMBranch=USR-717
SCMRepository=User Interface/Task Time Tracker/Web/APIV2/Controllers/Legal
SCMMainlineUUID={6a359bb0-6131-417f-b48a-3113b3a22182}
SCMBranchRepositoryID=35039
Core.cs;546881451;1;1433220972;|38606|307367
TransactionTypeController.cs;2775660768;2;1435115489;|38615|310987
Core.tt;2202476731;5;1446526481;|38602|333471
CaseStatusController.cs;1439148719;5;1471951988;|38603|354503
CaseTypeController.cs;3411869100;5;1471951988;|38604|354504
ClientTypeController.cs;970620837;5;1471951988;|38605|354505
CounselController.cs;315153311;5;1471951988;|38607|354506
JurisdictionsController.cs;1003122116;5;1471951988;|38608|354507
MovantTypeController.cs;3135346782;5;1471951988;|38609|354508
PressReleaseTypeController.cs;286461873;5;1471951988;|38610|354509
ReportingRequirementController.cs;3459402263;5;1471951988;|38611|354510
ReportTypeController.cs;1021091416;5;1471951988;|38612|354511
RetrievalMethodController.cs;31220758;5;1471952056;|38613|354512
SettlementStatusController.cs;1588325728;5;1471952056;|38614|354513
