SCMBranch=USR-717
SCMRepository=User Interface/Task Time Tracker/Web/Prototype/Kendo/content/mobile/listview
SCMMainlineUUID={6a359bb0-6131-417f-b48a-3113b3a22182}
SCMBranchRepositoryID=19042
california-rolls.jpg;3121783728;1;1394430807;|13150|158239
edamame.jpg;4078151549;1;1394430807;|13156|158245
food.jpg;2386724715;1;1394430807;|13151|158240
maguro.jpg;2809947486;1;1394430807;|13152|158241
sashimi-salad.jpg;1138041771;1;1394430808;|13153|158242
seaweed-salad.jpg;2176001081;1;1394430808;|13154|158243
tekka-maki.jpg;3581528126;1;1394430808;|13155|158244
