SCMBranch=USR-717
SCMRepository=User Interface/Task Time Tracker/Web/app/BM/DayCare/views/Gen/Detail
SCMMainlineUUID={6a359bb0-6131-417f-b48a-3113b3a22182}
SCMBranchRepositoryID=35731
WorkSchedules.cs;1566315191;1;1439350565;|40117|324828
detailActivitySubType.html;3039849621;1;1439869195;|40303|325867
detailActivityType.html;3472470028;1;1439869195;|40304|325868
detailCourse.html;1842371409;1;1439869195;|40305|325869
detailDepartment.html;3396886352;1;1439869195;|40306|325870
detailDiaperStatus.html;3064310106;1;1439869195;|40307|325871
detailDiscount.html;1213047278;1;1439869195;|40308|325872
detailEventType.html;362622167;1;1439869195;|40309|325873
detailFoodType.html;639730708;1;1439869195;|40310|325874
detailMealType.html;2773412346;1;1439869195;|40301|325865
detailNeedItem.html;1082853932;1;1439869195;|40297|325861
detailPaymentMethod.html;2589579902;1;1439869195;|40298|325862
ReferenceData.cs;42954251;1;1439869195;|40300|325864
detailSchedule.html;1750972912;5;1449804416;|40113|338439
detailScheduleDetail.html;2841164871;4;1449804416;|40114|338440
detailScheduleDetailActivityCategory.html;1429090255;3;1449804416;|40115|338441
detailScheduleState.html;1675590814;3;1449804416;|40116|338442
Core.cs;42954251;1;1450840083;|41065|339172
Core.tt;2684267750;1;1450840083;|41061|339168
detailAccidentPlace.html;717690724;1;1450840083;|41066|339173
detailAccidentReport.html;3058185295;1;1450840083;|41064|339171
detailBathRoom.html;3726077849;1;1450840083;|41063|339170
detailComment.html;496387532;1;1450840083;|41062|339169
detailMeal.html;4113857734;1;1450840083;|41055|339162
detailMealDetail.html;238320429;1;1450840083;|41060|339167
detailSickReport.html;2308933801;1;1450840083;|41059|339166
detailSleep.html;1190095812;1;1450840083;|41058|339165
detailStudent.html;3004942404;1;1450840083;|41057|339164
detailTeacher.html;2677275191;1;1450840083;|41056|339236
detailTuition.html;1497589952;1;1450840083;|41067|339174
detailRegistration.html;802675473;3;1451535729;|40299|339936
Enrollment.cs;42954251;1;1451535729;|41117|339861
detailVacationPlan.html;89458458;1;1454649028;|41159|341895
VacationPlan.cs;42954251;1;1454649028;|41160|341896
VacationPlan.tt;2916020996;1;1454649028;|41161|341897
WorkSchedules.tt;2454189965;3;1454667562;|40112|341985
Classes.cs;42954251;1;1457064384;|41258|342888
detailClassInstance.html;1128003760;1;1457064384;|41256|342886
Classes.tt;459078747;2;1457323678;|41257|342987
detailCourseInstance.html;526854878;1;1457323678;|41275|342964
detailSubjectMatter.html;3555118810;1;1457323678;|41276|342965
Enrollment.tt;2347074500;2;1473219470;|41118|355256
ReferenceData.tt;2862663942;3;1473219470;|40302|355257
Users.cs;42954251;1;1473219470;|41732|355068
Users.tt;713603128;1;1473219470;|41731|355067
