SCMBranch=USR-717
SCMRepository=User Interface/Task Time Tracker/Web/Scripts/Kendo/Full/cultures
SCMMainlineUUID={6a359bb0-6131-417f-b48a-3113b3a22182}
SCMBranchRepositoryID=19211
kendo.culture.af-ZA.min.js;810125465;1;1394430849;|16025|161114
kendo.culture.af-ZA.min.js.map;3780348657;1;1394430849;|16027|161116
kendo.culture.af.min.js;3257443401;1;1394430849;|16028|161117
kendo.culture.af.min.js.map;1802078175;1;1394430849;|16029|161118
kendo.culture.am-ET.min.js;3211422702;1;1394430849;|16030|161119
kendo.culture.am-ET.min.js.map;635123817;1;1394430849;|16031|161120
kendo.culture.am.min.js;2628031924;1;1394430849;|16032|161121
kendo.culture.am.min.js.map;1043648538;1;1394430849;|16033|161122
kendo.culture.ar-AE.min.js;777334565;1;1394430849;|16026|161115
kendo.culture.ar-AE.min.js.map;3072793990;1;1394430849;|16024|161113
kendo.culture.ar-BH.min.js;1246158771;1;1394430849;|16034|161123
kendo.culture.ar-BH.min.js.map;2359226815;1;1394430849;|16022|161111
kendo.culture.ar-DZ.min.js;1384821529;1;1394430849;|16021|161110
kendo.culture.ar-DZ.min.js.map;151599821;1;1394430849;|16020|161109
kendo.culture.ar-EG.min.js;24328218;1;1394430849;|16019|161108
kendo.culture.ar-EG.min.js.map;3167388515;1;1394430849;|16018|161107
kendo.culture.ar-IQ.min.js;3557910647;1;1394430849;|16017|161106
kendo.culture.ar-IQ.min.js.map;1241710012;1;1394430849;|16016|161105
kendo.culture.ar-JO.min.js;1240333409;1;1394430849;|16015|161104
kendo.culture.ar-JO.min.js.map;3936044061;1;1394430849;|16014|161103
kendo.culture.ar-KW.min.js;1496566734;1;1394430849;|16013|161102
kendo.culture.ar-KW.min.js.map;244496094;1;1394430849;|16012|161101
kendo.culture.ar-LB.min.js;1621178579;1;1394430849;|16011|161100
kendo.culture.ar-LB.min.js.map;3687335599;1;1394430849;|16010|161099
kendo.culture.ar-LY.min.js;3865835898;1;1394430849;|16009|161098
kendo.culture.ar-LY.min.js.map;3956065844;1;1394430849;|16008|161097
kendo.culture.ar-MA.min.js;1738391833;1;1394430849;|16007|161096
kendo.culture.ar-MA.min.js.map;1067254992;1;1394430849;|16006|161095
kendo.culture.ar-OM.min.js;1995641357;1;1394430849;|16005|161094
kendo.culture.ar-OM.min.js.map;2800681256;1;1394430849;|16004|161093
kendo.culture.ar-QA.min.js;4123126989;1;1394430849;|16003|161092
kendo.culture.ar-QA.min.js.map;618787259;1;1394430850;|16002|161091
kendo.culture.ar-SA.min.js;1296350391;1;1394430850;|16001|161090
kendo.culture.ar-SA.min.js.map;379880870;1;1394430850;|16000|161089
kendo.culture.ar-SY.min.js;2568991052;1;1394430850;|15999|161088
kendo.culture.ar-SY.min.js.map;1885428542;1;1394430850;|15998|161087
kendo.culture.ar-TN.min.js;3579645207;1;1394430850;|15997|161086
kendo.culture.ar-TN.min.js.map;1479534354;1;1394430850;|15996|161085
kendo.culture.ar-YE.min.js;806378163;1;1394430850;|15995|161084
kendo.culture.ar-YE.min.js.map;859491441;1;1394430850;|15994|161083
kendo.culture.ar.min.js;1364545730;1;1394430850;|15993|161082
kendo.culture.ar.min.js.map;1856791093;1;1394430850;|15992|161081
kendo.culture.arn-CL.min.js;4138429307;1;1394430850;|15991|161080
kendo.culture.arn-CL.min.js.map;2261538092;1;1394430850;|15990|161079
kendo.culture.arn.min.js;1107131189;1;1394430850;|15989|161078
kendo.culture.arn.min.js.map;710804550;1;1394430850;|15988|161077
kendo.culture.as-IN.min.js;1498062250;1;1394430850;|15987|161076
kendo.culture.as-IN.min.js.map;897909433;1;1394430850;|15986|161075
kendo.culture.as.min.js;2049119755;1;1394430850;|15985|161074
kendo.culture.as.min.js.map;550123734;1;1394430850;|15984|161073
kendo.culture.az-Cyrl-AZ.min.js;1330605977;1;1394430850;|15983|161072
kendo.culture.az-Cyrl-AZ.min.js.map;2439132006;1;1394430850;|15982|161071
kendo.culture.az-Cyrl.min.js;1040836524;1;1394430850;|15981|161070
kendo.culture.az-Cyrl.min.js.map;387865706;1;1394430850;|15980|161069
kendo.culture.az-Latn-AZ.min.js;2821359535;1;1394430850;|15979|161068
kendo.culture.az-Latn-AZ.min.js.map;3032444312;1;1394430850;|15978|161067
kendo.culture.az-Latn.min.js;3902997650;1;1394430850;|15977|161066
kendo.culture.az-Latn.min.js.map;3651926949;1;1394430850;|15976|161065
kendo.culture.az.min.js;766081736;1;1394430850;|15975|161064
kendo.culture.az.min.js.map;2991196925;1;1394430850;|15974|161063
kendo.culture.ba-RU.min.js;710693207;1;1394430850;|15973|161062
kendo.culture.ba-RU.min.js.map;3545124621;1;1394430850;|15972|161061
kendo.culture.ba.min.js;4157255520;1;1394430850;|15971|161060
kendo.culture.ba.min.js.map;3530712887;1;1394430850;|15970|161059
kendo.culture.be-BY.min.js;3071349769;1;1394430850;|15969|161058
kendo.culture.be-BY.min.js.map;1341218304;1;1394430850;|15968|161057
kendo.culture.be.min.js;1455464379;1;1394430850;|15967|161056
kendo.culture.be.min.js.map;208478033;1;1394430850;|15966|161055
kendo.culture.bg-BG.min.js;2477319293;1;1394430850;|15965|161054
kendo.culture.bg-BG.min.js.map;565475676;1;1394430850;|15964|161053
kendo.culture.bg.min.js;2617994519;1;1394430850;|15963|161052
kendo.culture.bg.min.js.map;761664454;1;1394430850;|15962|161051
kendo.culture.bn-BD.min.js;1336221761;1;1394430850;|15961|161050
kendo.culture.bn-BD.min.js.map;2822298857;1;1394430850;|15960|161049
kendo.culture.bn-IN.min.js;1822004692;1;1394430850;|15959|161048
kendo.culture.bn-IN.min.js.map;2942969412;1;1394430850;|15958|161047
kendo.culture.bn.min.js;3400125202;1;1394430850;|15957|161046
kendo.culture.bn.min.js.map;3828481577;1;1394430850;|15956|161045
kendo.culture.bo-CN.min.js;1254441500;1;1394430850;|15955|161044
kendo.culture.bo-CN.min.js.map;1115590669;1;1394430850;|15954|161043
kendo.culture.bo.min.js;3204966889;1;1394430850;|15953|161042
kendo.culture.bo.min.js.map;1755510579;1;1394430850;|15952|161041
kendo.culture.br-FR.min.js;297012176;1;1394430850;|15951|161040
kendo.culture.br-FR.min.js.map;2086212876;1;1394430850;|15950|161039
kendo.culture.br.min.js;3421048329;1;1394430850;|15949|161038
kendo.culture.br.min.js.map;3234631091;1;1394430850;|15948|161037
kendo.culture.bs-Cyrl-BA.min.js;3860533108;1;1394430850;|15947|161036
kendo.culture.bs-Cyrl-BA.min.js.map;1757574300;1;1394430850;|15946|161035
kendo.culture.bs-Cyrl.min.js;2068440453;1;1394430850;|15945|161034
kendo.culture.bs-Cyrl.min.js.map;1332308377;1;1394430850;|15944|161033
kendo.culture.bs-Latn-BA.min.js;3636204836;1;1394430850;|15943|161032
kendo.culture.bs-Latn-BA.min.js.map;1750678152;1;1394430850;|15942|161031
kendo.culture.bs-Latn.min.js;470570512;1;1394430850;|15941|161030
kendo.culture.bs-Latn.min.js.map;2261198935;1;1394430850;|15940|161029
kendo.culture.bs.min.js;1935678075;1;1394430850;|15939|161028
kendo.culture.bs.min.js.map;132364907;1;1394430850;|15938|161027
kendo.culture.ca-ES.min.js;1704908298;1;1394430850;|15937|161026
kendo.culture.ca-ES.min.js.map;947758826;1;1394430850;|15936|161025
kendo.culture.ca.min.js;2083335268;1;1394430850;|15935|161024
kendo.culture.ca.min.js.map;3896204410;1;1394430850;|15934|161023
kendo.culture.co-FR.min.js;3662968777;1;1394430850;|15933|161022
kendo.culture.co-FR.min.js.map;1227317410;1;1394430850;|15932|161021
kendo.culture.co.min.js;3812603304;1;1394430850;|15931|161020
kendo.culture.co.min.js.map;84223938;1;1394430850;|15930|161019
kendo.culture.cs-CZ.min.js;3268504353;1;1394430850;|15929|161018
kendo.culture.cs-CZ.min.js.map;381117174;1;1394430850;|15928|161017
kendo.culture.cs.min.js;3303976841;1;1394430850;|15927|161016
kendo.culture.cs.min.js.map;2808654809;1;1394430850;|15926|161015
kendo.culture.cy-GB.min.js;2345894184;1;1394430850;|15925|161014
kendo.culture.cy-GB.min.js.map;2261206557;1;1394430850;|15924|161013
kendo.culture.cy.min.js;2464844451;1;1394430850;|15923|161012
kendo.culture.cy.min.js.map;1233129025;1;1394430850;|15922|161011
kendo.culture.da-DK.min.js;4255068420;1;1394430850;|15921|161010
kendo.culture.da-DK.min.js.map;2494083522;1;1394430850;|15920|161009
kendo.culture.da.min.js;654195619;1;1394430850;|15919|161008
kendo.culture.da.min.js.map;4081970047;1;1394430850;|15918|161007
kendo.culture.de-AT.min.js;3268804166;1;1394430850;|15917|161006
kendo.culture.de-AT.min.js.map;2477262721;1;1394430850;|15916|161005
kendo.culture.de-CH.min.js;348293112;1;1394430850;|15915|161004
kendo.culture.de-CH.min.js.map;4193754401;1;1394430850;|15914|161003
kendo.culture.de-DE.min.js;3849951531;1;1394430850;|15913|161002
kendo.culture.de-DE.min.js.map;810392779;1;1394430850;|15912|161001
kendo.culture.de-LI.min.js;1041902021;1;1394430850;|15911|161000
kendo.culture.de-LI.min.js.map;2803168000;1;1394430850;|15910|160999
kendo.culture.de-LU.min.js;4240162127;1;1394430850;|15909|160998
kendo.culture.de-LU.min.js.map;3781576742;1;1394430850;|15908|160997
kendo.culture.de.min.js;2716633884;1;1394430850;|15907|160996
kendo.culture.de.min.js.map;376974159;1;1394430850;|15906|160995
kendo.culture.dsb-DE.min.js;3542401056;1;1394430850;|15905|160994
kendo.culture.dsb-DE.min.js.map;1134369890;1;1394430850;|15904|160993
kendo.culture.dsb.min.js;284016659;1;1394430850;|15903|160992
kendo.culture.dsb.min.js.map;1726001110;1;1394430850;|15902|160991
kendo.culture.dv-MV.min.js;1833701057;1;1394430850;|15901|160990
kendo.culture.dv-MV.min.js.map;912824363;1;1394430850;|15900|160989
kendo.culture.dv.min.js;875332657;1;1394430850;|15899|160988
kendo.culture.dv.min.js.map;3466352338;1;1394430850;|15898|160987
kendo.culture.el-GR.min.js;2196463198;1;1394430850;|15897|160986
kendo.culture.el-GR.min.js.map;97282758;1;1394430850;|15896|160985
kendo.culture.el.min.js;425132043;1;1394430850;|15895|160984
kendo.culture.el.min.js.map;4160562098;1;1394430850;|15894|160983
kendo.culture.en-029.min.js;4008361858;1;1394430850;|15893|160982
kendo.culture.en-029.min.js.map;2458840821;1;1394430850;|15892|160981
kendo.culture.en-AU.min.js;3185557849;1;1394430850;|15891|160980
kendo.culture.en-AU.min.js.map;1261661779;1;1394430850;|15890|160979
kendo.culture.en-BZ.min.js;3214150849;1;1394430850;|15889|160978
kendo.culture.en-BZ.min.js.map;248674303;1;1394430850;|15888|160977
kendo.culture.en-CA.min.js;4270787693;1;1394430850;|15887|160976
kendo.culture.en-CA.min.js.map;376287853;1;1394430850;|15886|160975
kendo.culture.en-GB.min.js;1811089456;1;1394430850;|15885|160974
kendo.culture.en-GB.min.js.map;2126136247;1;1394430850;|15884|160973
kendo.culture.en-IE.min.js;4139592798;1;1394430850;|15883|160972
kendo.culture.en-IE.min.js.map;2756735929;1;1394430850;|15882|160971
kendo.culture.en-IN.min.js;2304198635;1;1394430850;|15881|160970
kendo.culture.en-IN.min.js.map;841681014;1;1394430850;|15880|160969
kendo.culture.en-JM.min.js;2888624607;1;1394430850;|15879|160968
kendo.culture.en-JM.min.js.map;336668047;1;1394430851;|15878|160967
kendo.culture.en-MY.min.js;2841856525;1;1394430851;|15877|160966
kendo.culture.en-MY.min.js.map;1386346648;1;1394430851;|15876|160965
kendo.culture.en-NZ.min.js;1868254026;1;1394430851;|15875|160964
kendo.culture.en-NZ.min.js.map;1644038509;1;1394430851;|15874|160963
kendo.culture.en-PH.min.js;507305390;1;1394430851;|15873|160962
kendo.culture.en-PH.min.js.map;2194556867;1;1394430851;|15872|160961
kendo.culture.en-SG.min.js;3348306877;1;1394430851;|15871|160960
kendo.culture.en-SG.min.js.map;413386211;1;1394430851;|15870|160959
kendo.culture.en-TT.min.js;4089056075;1;1394430851;|15869|160958
kendo.culture.en-TT.min.js.map;403878805;1;1394430851;|15868|160957
kendo.culture.en-US.min.js;1030280891;1;1394430851;|15867|160956
kendo.culture.en-US.min.js.map;1709812230;1;1394430851;|15866|160955
kendo.culture.en-ZA.min.js;3715245142;1;1394430851;|15865|160954
kendo.culture.en-ZA.min.js.map;4166411240;1;1394430851;|15864|160953
kendo.culture.en-ZW.min.js;1615101141;1;1394430851;|15863|160952
kendo.culture.en-ZW.min.js.map;3283791205;1;1394430851;|15862|160951
kendo.culture.en.min.js;1496695159;1;1394430851;|15861|160950
kendo.culture.en.min.js.map;3697622228;1;1394430851;|15860|160949
kendo.culture.es-AR.min.js;4200905114;1;1394430851;|15859|160948
kendo.culture.es-AR.min.js.map;3913683034;1;1394430851;|15858|160947
kendo.culture.es-BO.min.js;1151133159;1;1394430851;|15857|160946
kendo.culture.es-BO.min.js.map;2338904413;1;1394430851;|15856|160945
kendo.culture.es-CL.min.js;2266511401;1;1394430851;|15855|160944
kendo.culture.es-CL.min.js.map;815691631;1;1394430851;|15854|160943
kendo.culture.es-CO.min.js;1547839821;1;1394430851;|15853|160942
kendo.culture.es-CO.min.js.map;4250642498;1;1394430851;|15852|160941
kendo.culture.es-CR.min.js;3293148777;1;1394430851;|15851|160940
kendo.culture.es-CR.min.js.map;1269066929;1;1394430851;|15850|160939
kendo.culture.es-DO.min.js;888506487;1;1394430851;|15849|160938
kendo.culture.es-DO.min.js.map;430606087;1;1394430851;|15848|160937
kendo.culture.es-EC.min.js;2781360849;1;1394430851;|15847|160936
kendo.culture.es-EC.min.js.map;2209425151;1;1394430851;|15846|160935
kendo.culture.es-ES.min.js;143687071;1;1394430851;|15845|160934
kendo.culture.es-ES.min.js.map;3821894054;1;1394430851;|15844|160933
kendo.culture.es-GT.min.js;1300712358;1;1394430851;|15843|160932
kendo.culture.es-GT.min.js.map;1027131889;1;1394430851;|15842|160931
kendo.culture.es-HN.min.js;339416268;1;1394430851;|15841|160930
kendo.culture.es-HN.min.js.map;721793573;1;1394430851;|15840|160929
kendo.culture.es-MX.min.js;2178699424;1;1394430851;|15583|160672
kendo.culture.es-MX.min.js.map;3649156782;1;1394430851;|15327|160416
kendo.culture.es-NI.min.js;1978062064;1;1394430851;|15328|160417
kendo.culture.es-NI.min.js.map;2779700866;1;1394430851;|15329|160418
kendo.culture.es-PA.min.js;2082154291;1;1394430851;|15330|160419
kendo.culture.es-PA.min.js.map;2364407720;1;1394430851;|15331|160420
kendo.culture.es-PE.min.js;2944540739;1;1394430851;|15332|160421
kendo.culture.es-PE.min.js.map;2871950287;1;1394430851;|15333|160422
kendo.culture.es-PR.min.js;2596234100;1;1394430851;|15334|160423
kendo.culture.es-PR.min.js.map;2980058382;1;1394430851;|15335|160424
kendo.culture.es-PY.min.js;1232520021;1;1394430851;|15336|160425
kendo.culture.es-PY.min.js.map;3842151137;1;1394430851;|15337|160426
kendo.culture.es-SV.min.js;820910117;1;1394430851;|15338|160427
kendo.culture.es-SV.min.js.map;699881588;1;1394430851;|15339|160428
kendo.culture.es-US.min.js;3753540920;1;1394430851;|15340|160429
kendo.culture.es-US.min.js.map;2844142975;1;1394430851;|15341|160430
kendo.culture.es-UY.min.js;2940328021;1;1394430851;|15342|160431
kendo.culture.es-UY.min.js.map;945990665;1;1394430851;|15343|160432
kendo.culture.es-VE.min.js;790262504;1;1394430851;|15344|160433
kendo.culture.es-VE.min.js.map;3961247238;1;1394430851;|15345|160434
kendo.culture.es.min.js;3782570193;1;1394430851;|15346|160435
kendo.culture.es.min.js.map;3279617197;1;1394430851;|15347|160436
kendo.culture.et-EE.min.js;3788653885;1;1394430851;|15348|160437
kendo.culture.et-EE.min.js.map;4294272086;1;1394430851;|15349|160438
kendo.culture.et.min.js;3779417588;1;1394430851;|15350|160439
kendo.culture.et.min.js.map;1816929810;1;1394430851;|15351|160440
kendo.culture.eu-ES.min.js;431214420;1;1394430851;|15352|160441
kendo.culture.eu-ES.min.js.map;2235697720;1;1394430851;|15353|160442
kendo.culture.eu.min.js;1880861851;1;1394430851;|15354|160443
kendo.culture.eu.min.js.map;1699123678;1;1394430851;|15355|160444
kendo.culture.fa-IR.min.js;1543089305;1;1394430851;|15356|160445
kendo.culture.fa-IR.min.js.map;96094590;1;1394430851;|15357|160446
kendo.culture.fa.min.js;22669983;1;1394430851;|15358|160447
kendo.culture.fa.min.js.map;1629980171;1;1394430851;|15359|160448
kendo.culture.fi-FI.min.js;2174779262;1;1394430851;|15360|160449
kendo.culture.fi-FI.min.js.map;217927101;1;1394430851;|15361|160450
kendo.culture.fi.min.js;4017993402;1;1394430851;|15362|160451
kendo.culture.fi.min.js.map;2882058156;1;1394430851;|15363|160452
kendo.culture.fil-PH.min.js;2798131781;1;1394430851;|15364|160453
kendo.culture.fil-PH.min.js.map;3962888664;1;1394430851;|15365|160454
kendo.culture.fil.min.js;4176530284;1;1394430851;|15366|160455
kendo.culture.fil.min.js.map;2064682370;1;1394430851;|15367|160456
kendo.culture.fo-FO.min.js;1639437986;1;1394430851;|15368|160457
kendo.culture.fo-FO.min.js.map;2464696590;1;1394430851;|15369|160458
kendo.culture.fo.min.js;2581846099;1;1394430851;|15370|160459
kendo.culture.fo.min.js.map;3670155012;1;1394430851;|15371|160460
kendo.culture.fr-BE.min.js;3781960347;1;1394430851;|15372|160461
kendo.culture.fr-BE.min.js.map;1173638303;1;1394430851;|15373|160462
kendo.culture.fr-CA.min.js;2515883636;1;1394430851;|15374|160463
kendo.culture.fr-CA.min.js.map;2489515651;1;1394430851;|15375|160464
kendo.culture.fr-CH.min.js;3337446684;1;1394430851;|15376|160465
kendo.culture.fr-CH.min.js.map;1410249769;1;1394430851;|15377|160466
kendo.culture.fr-FR.min.js;1844973730;1;1394430851;|15378|160467
kendo.culture.fr-FR.min.js.map;2275107783;1;1394430851;|15379|160468
kendo.culture.fr-LU.min.js;434690680;1;1394430852;|15380|160469
kendo.culture.fr-LU.min.js.map;1285513518;1;1394430852;|15381|160470
kendo.culture.fr-MC.min.js;3467910867;1;1394430852;|15382|160471
kendo.culture.fr-MC.min.js.map;1062722343;1;1394430852;|15383|160472
kendo.culture.fr.min.js;1684439300;1;1394430852;|15384|160473
kendo.culture.fr.min.js.map;722724223;1;1394430852;|15385|160474
kendo.culture.fy-NL.min.js;1521029515;1;1394430852;|15386|160475
kendo.culture.fy-NL.min.js.map;2876024479;1;1394430852;|15387|160476
kendo.culture.fy.min.js;1683142353;1;1394430852;|15388|160477
kendo.culture.fy.min.js.map;1948446074;1;1394430852;|15389|160478
kendo.culture.ga-IE.min.js;864025567;1;1394430852;|15390|160479
kendo.culture.ga-IE.min.js.map;1354876782;1;1394430852;|15391|160480
kendo.culture.ga.min.js;584788152;1;1394430852;|15392|160481
kendo.culture.ga.min.js.map;3347386616;1;1394430852;|15393|160482
kendo.culture.gd-GB.min.js;1668143783;1;1394430852;|15394|160483
kendo.culture.gd-GB.min.js.map;1408829822;1;1394430852;|15395|160484
kendo.culture.gd.min.js;3993510993;1;1394430852;|15396|160485
kendo.culture.gd.min.js.map;3980859470;1;1394430852;|15397|160486
kendo.culture.gl-ES.min.js;3188429929;1;1394430852;|15398|160487
kendo.culture.gl-ES.min.js.map;3599661283;1;1394430852;|15399|160488
kendo.culture.gl.min.js;67784817;1;1394430852;|15400|160489
kendo.culture.gl.min.js.map;2745787508;1;1394430852;|15401|160490
kendo.culture.gsw-FR.min.js;2438227884;1;1394430852;|15402|160491
kendo.culture.gsw-FR.min.js.map;450900887;1;1394430852;|15403|160492
kendo.culture.gsw.min.js;1175199122;1;1394430852;|15404|160493
kendo.culture.gsw.min.js.map;2350740223;1;1394430852;|15405|160494
kendo.culture.gu-IN.min.js;333864096;1;1394430852;|15406|160495
kendo.culture.gu-IN.min.js.map;4050645018;1;1394430852;|15407|160496
kendo.culture.gu.min.js;2335155547;1;1394430852;|15408|160497
kendo.culture.gu.min.js.map;2879709490;1;1394430852;|15409|160498
kendo.culture.ha-Latn-NG.min.js;3673283412;1;1394430852;|15410|160499
kendo.culture.ha-Latn-NG.min.js.map;2027101481;1;1394430852;|15411|160500
kendo.culture.ha-Latn.min.js;1171164075;1;1394430852;|15412|160501
kendo.culture.ha-Latn.min.js.map;1560733324;1;1394430852;|15413|160502
kendo.culture.ha.min.js;1600245068;1;1394430852;|15414|160503
kendo.culture.ha.min.js.map;3998850055;1;1394430852;|15415|160504
kendo.culture.he-IL.min.js;2629861418;1;1394430852;|15416|160505
kendo.culture.he-IL.min.js.map;2225712352;1;1394430852;|15417|160506
kendo.culture.he.min.js;1321314445;1;1394430852;|15418|160507
kendo.culture.he.min.js.map;1785333469;1;1394430852;|15419|160508
kendo.culture.hi-IN.min.js;3489761548;1;1394430852;|15420|160509
kendo.culture.hi-IN.min.js.map;2475651344;1;1394430852;|15421|160510
kendo.culture.hi.min.js;2983988197;1;1394430852;|15422|160511
kendo.culture.hi.min.js.map;53395724;1;1394430852;|15423|160512
kendo.culture.hr-BA.min.js;190641108;1;1394430852;|15424|160513
kendo.culture.hr-BA.min.js.map;1681475360;1;1394430852;|15425|160514
kendo.culture.hr-HR.min.js;198478611;1;1394430852;|15426|160515
kendo.culture.hr-HR.min.js.map;3272172976;1;1394430852;|15427|160516
kendo.culture.hr.min.js;599308599;1;1394430852;|15428|160517
kendo.culture.hr.min.js.map;1144086269;1;1394430852;|15429|160518
kendo.culture.hsb-DE.min.js;2727885101;1;1394430852;|15430|160519
kendo.culture.hsb-DE.min.js.map;3670867246;1;1394430852;|15431|160520
kendo.culture.hsb.min.js;948690930;1;1394430852;|15432|160521
kendo.culture.hsb.min.js.map;2758389654;1;1394430852;|15433|160522
kendo.culture.hu-HU.min.js;18403478;1;1394430852;|15434|160523
kendo.culture.hu-HU.min.js.map;3128979397;1;1394430852;|15435|160524
kendo.culture.hu.min.js;1632754119;1;1394430852;|15436|160525
kendo.culture.hu.min.js.map;3905592858;1;1394430852;|15437|160526
kendo.culture.hy-AM.min.js;1729828211;1;1394430852;|15438|160527
kendo.culture.hy-AM.min.js.map;2196401814;1;1394430852;|15439|160528
kendo.culture.hy.min.js;1035137376;1;1394430852;|15440|160529
kendo.culture.hy.min.js.map;2169177375;1;1394430852;|15441|160530
kendo.culture.id-ID.min.js;2268409778;1;1394430852;|15442|160531
kendo.culture.id-ID.min.js.map;3329100848;1;1394430852;|15443|160532
kendo.culture.id.min.js;1460787075;1;1394430852;|15444|160533
kendo.culture.id.min.js.map;3837013275;1;1394430852;|15445|160534
kendo.culture.ig-NG.min.js;3372349205;1;1394430852;|15446|160535
kendo.culture.ig-NG.min.js.map;3465059551;1;1394430852;|15447|160536
kendo.culture.ig.min.js;3375844026;1;1394430852;|15448|160537
kendo.culture.ig.min.js.map;2878509415;1;1394430852;|15449|160538
kendo.culture.ii-CN.min.js;205920966;1;1394430852;|15450|160539
kendo.culture.ii-CN.min.js.map;3290800751;1;1394430852;|15451|160540
kendo.culture.ii.min.js;1988488017;1;1394430852;|15452|160541
kendo.culture.ii.min.js.map;2185253467;1;1394430852;|15453|160542
kendo.culture.is-IS.min.js;1581142361;1;1394430852;|15454|160543
kendo.culture.is-IS.min.js.map;2309405454;1;1394430852;|15455|160544
kendo.culture.is.min.js;23215560;1;1394430852;|15456|160545
kendo.culture.is.min.js.map;4164116278;1;1394430852;|15457|160546
kendo.culture.it-CH.min.js;511241025;1;1394430852;|15458|160547
kendo.culture.it-CH.min.js.map;2020491352;1;1394430852;|15459|160548
kendo.culture.it-IT.min.js;1117898546;1;1394430852;|15460|160549
kendo.culture.it-IT.min.js.map;2706571716;1;1394430852;|15461|160550
kendo.culture.it.min.js;795302947;1;1394430852;|15462|160551
kendo.culture.it.min.js.map;2337513315;1;1394430852;|15463|160552
kendo.culture.iu-Cans-CA.min.js;1171297410;1;1394430852;|15464|160553
kendo.culture.iu-Cans-CA.min.js.map;3011131808;1;1394430852;|15465|160554
kendo.culture.iu-Cans.min.js;1168068809;1;1394430852;|15466|160555
kendo.culture.iu-Cans.min.js.map;3188604600;1;1394430852;|15467|160556
kendo.culture.iu-Latn-CA.min.js;518178211;1;1394430852;|15468|160557
kendo.culture.iu-Latn-CA.min.js.map;2946262429;1;1394430852;|15469|160558
kendo.culture.iu-Latn.min.js;3859158657;1;1394430852;|15470|160559
kendo.culture.iu-Latn.min.js.map;3445754145;1;1394430852;|15471|160560
kendo.culture.iu.min.js;698698279;1;1394430852;|15472|160561
kendo.culture.iu.min.js.map;3913141598;1;1394430852;|15473|160562
kendo.culture.ja-JP.min.js;3782252647;1;1394430852;|15474|160563
kendo.culture.ja-JP.min.js.map;1089427919;1;1394430852;|15475|160564
kendo.culture.ja.min.js;1975851155;1;1394430852;|15476|160565
kendo.culture.ja.min.js.map;3872029886;1;1394430852;|15477|160566
kendo.culture.ka-GE.min.js;109325078;1;1394430852;|15478|160567
kendo.culture.ka-GE.min.js.map;2676123112;1;1394430852;|15479|160568
kendo.culture.ka.min.js;1220535804;1;1394430852;|15480|160569
kendo.culture.ka.min.js.map;3362023694;1;1394430852;|15481|160570
kendo.culture.kk-KZ.min.js;1769033439;1;1394430852;|15482|160571
kendo.culture.kk-KZ.min.js.map;1987438537;1;1394430852;|15483|160572
kendo.culture.kk.min.js;1105178842;1;1394430852;|15484|160573
kendo.culture.kk.min.js.map;91401490;1;1394430852;|15485|160574
kendo.culture.kl-GL.min.js;4194457401;1;1394430852;|15486|160575
kendo.culture.kl-GL.min.js.map;895047113;1;1394430852;|15487|160576
kendo.culture.kl.min.js;2193929706;1;1394430852;|15488|160577
kendo.culture.kl.min.js.map;4180776600;1;1394430852;|15489|160578
kendo.culture.km-KH.min.js;507530897;1;1394430852;|15490|160579
kendo.culture.km-KH.min.js.map;2242632792;1;1394430852;|15491|160580
kendo.culture.km.min.js;3837486291;1;1394430852;|15492|160581
kendo.culture.km.min.js.map;4014972194;1;1394430852;|15493|160582
kendo.culture.kn-IN.min.js;2296197281;1;1394430852;|15494|160583
kendo.culture.kn-IN.min.js.map;2296682319;1;1394430852;|15495|160584
kendo.culture.kn.min.js;1239892453;1;1394430852;|15496|160585
kendo.culture.kn.min.js.map;1442613052;1;1394430852;|15497|160586
kendo.culture.ko-KR.min.js;3855168549;1;1394430852;|15498|160587
kendo.culture.ko-KR.min.js.map;2795638142;1;1394430852;|15499|160588
kendo.culture.ko.min.js;1338248965;1;1394430852;|15500|160589
kendo.culture.ko.min.js.map;1621368459;1;1394430852;|15501|160590
kendo.culture.kok-IN.min.js;3541387827;1;1394430852;|15502|160591
kendo.culture.kok-IN.min.js.map;944931781;1;1394430852;|15503|160592
kendo.culture.kok.min.js;2657639209;1;1394430853;|15504|160593
kendo.culture.kok.min.js.map;3174959388;1;1394430853;|15505|160594
kendo.culture.ky-KG.min.js;408163705;1;1394430853;|15506|160595
kendo.culture.ky-KG.min.js.map;850246799;1;1394430853;|15507|160596
kendo.culture.ky.min.js;4146147279;1;1394430853;|15508|160597
kendo.culture.ky.min.js.map;60052648;1;1394430853;|15509|160598
kendo.culture.lb-LU.min.js;2013882682;1;1394430853;|15510|160599
kendo.culture.lb-LU.min.js.map;742659826;1;1394430853;|15511|160600
kendo.culture.lb.min.js;2801504173;1;1394430853;|15512|160601
kendo.culture.lb.min.js.map;571685057;1;1394430853;|15513|160602
kendo.culture.lo-LA.min.js;2338946769;1;1394430853;|15514|160603
kendo.culture.lo-LA.min.js.map;1820034645;1;1394430853;|15515|160604
kendo.culture.lo.min.js;1363149779;1;1394430853;|15516|160605
kendo.culture.lo.min.js.map;4059709887;1;1394430853;|15517|160606
kendo.culture.lt-LT.min.js;8986847;1;1394430853;|15518|160607
kendo.culture.lt-LT.min.js.map;673791593;1;1394430853;|15519|160608
kendo.culture.lt.min.js;2226563250;1;1394430853;|15520|160609
kendo.culture.lt.min.js.map;2169628823;1;1394430853;|15521|160610
kendo.culture.lv-LV.min.js;195554726;1;1394430853;|15522|160611
kendo.culture.lv-LV.min.js.map;2031485952;1;1394430853;|15523|160612
kendo.culture.lv.min.js;2904556231;1;1394430853;|15524|160613
kendo.culture.lv.min.js.map;781282642;1;1394430853;|15525|160614
kendo.culture.mi-NZ.min.js;1627661013;1;1394430853;|15526|160615
kendo.culture.mi-NZ.min.js.map;2027344887;1;1394430853;|15527|160616
kendo.culture.mi.min.js;3487991956;1;1394430853;|15528|160617
kendo.culture.mi.min.js.map;1399530447;1;1394430853;|15529|160618
kendo.culture.mk-MK.min.js;1857742808;1;1394430853;|15530|160619
kendo.culture.mk-MK.min.js.map;2634594219;1;1394430853;|15531|160620
kendo.culture.mk.min.js;1854800764;1;1394430853;|15532|160621
kendo.culture.mk.min.js.map;1812596666;1;1394430853;|15533|160622
kendo.culture.ml-IN.min.js;3798570426;1;1394430853;|15534|160623
kendo.culture.ml-IN.min.js.map;136436229;1;1394430853;|15535|160624
kendo.culture.ml.min.js;546969223;1;1394430853;|15536|160625
kendo.culture.ml.min.js.map;2256463108;1;1394430853;|15537|160626
kendo.culture.mn-Cyrl.min.js;3666827844;1;1394430853;|15538|160627
kendo.culture.mn-Cyrl.min.js.map;1913362391;1;1394430853;|15539|160628
kendo.culture.mn-MN.min.js;2378033135;1;1394430853;|15540|160629
kendo.culture.mn-MN.min.js.map;4158688532;1;1394430853;|15541|160630
kendo.culture.mn-Mong-CN.min.js;890457852;1;1394430853;|15542|160631
kendo.culture.mn-Mong-CN.min.js.map;87333953;1;1394430853;|15543|160632
kendo.culture.mn-Mong.min.js;3643144152;1;1394430853;|15544|160633
kendo.culture.mn-Mong.min.js.map;796489315;1;1394430853;|15545|160634
kendo.culture.mn.min.js;3723402510;1;1394430853;|15546|160635
kendo.culture.mn.min.js.map;51461002;1;1394430853;|15547|160636
kendo.culture.moh-CA.min.js;3354087933;1;1394430853;|15548|160637
kendo.culture.moh-CA.min.js.map;996537608;1;1394430853;|15549|160638
kendo.culture.moh.min.js;1679580716;1;1394430853;|15550|160639
kendo.culture.moh.min.js.map;3654744652;1;1394430853;|15551|160640
kendo.culture.mr-IN.min.js;1979605963;1;1394430853;|15552|160641
kendo.culture.mr-IN.min.js.map;269739155;1;1394430853;|15553|160642
kendo.culture.mr.min.js;1767481850;1;1394430853;|15554|160643
kendo.culture.mr.min.js.map;3266942122;1;1394430853;|15555|160644
kendo.culture.ms-BN.min.js;1832135699;1;1394430853;|15556|160645
kendo.culture.ms-BN.min.js.map;3675787789;1;1394430853;|15557|160646
kendo.culture.ms-MY.min.js;2693493353;1;1394430853;|15558|160647
kendo.culture.ms-MY.min.js.map;932468234;1;1394430853;|15559|160648
kendo.culture.ms.min.js;2785643790;1;1394430853;|15560|160649
kendo.culture.ms.min.js.map;304556122;1;1394430853;|15561|160650
kendo.culture.mt-MT.min.js;2833913649;1;1394430853;|15562|160651
kendo.culture.mt-MT.min.js.map;2868871526;1;1394430853;|15563|160652
kendo.culture.mt.min.js;2140087152;1;1394430853;|15564|160653
kendo.culture.mt.min.js.map;2327895281;1;1394430853;|15565|160654
kendo.culture.nb-NO.min.js;2517226971;1;1394430853;|15566|160655
kendo.culture.nb-NO.min.js.map;2078620566;1;1394430853;|15567|160656
kendo.culture.nb.min.js;2091661837;1;1394430853;|15568|160657
kendo.culture.nb.min.js.map;3819957689;1;1394430853;|15569|160658
kendo.culture.ne-NP.min.js;2341133029;1;1394430853;|15570|160659
kendo.culture.ne-NP.min.js.map;4080568011;1;1394430853;|15571|160660
kendo.culture.ne.min.js;3210529220;1;1394430853;|15572|160661
kendo.culture.ne.min.js.map;880405883;1;1394430853;|15573|160662
kendo.culture.nl-BE.min.js;95021724;1;1394430853;|15574|160663
kendo.culture.nl-BE.min.js.map;733075064;1;1394430853;|15575|160664
kendo.culture.nl-NL.min.js;2348437058;1;1394430853;|15576|160665
kendo.culture.nl-NL.min.js.map;163314514;1;1394430853;|15577|160666
kendo.culture.nl.min.js;360389357;1;1394430853;|15578|160667
kendo.culture.nl.min.js.map;503995146;1;1394430853;|15579|160668
kendo.culture.nn-NO.min.js;2618762707;1;1394430853;|15580|160669
kendo.culture.nn-NO.min.js.map;3007177641;1;1394430853;|15581|160670
kendo.culture.nn.min.js;615497290;1;1394430853;|15582|160671
kendo.culture.nn.min.js.map;4048182388;1;1394430853;|16023|161112
kendo.culture.no.min.js;782057347;1;1394430853;|15584|160673
kendo.culture.no.min.js.map;1806839046;1;1394430853;|15585|160674
kendo.culture.nso-ZA.min.js;3131209800;1;1394430853;|15586|160675
kendo.culture.nso-ZA.min.js.map;1132367313;1;1394430853;|15587|160676
kendo.culture.nso.min.js;3741485901;1;1394430853;|15588|160677
kendo.culture.nso.min.js.map;2934012031;1;1394430853;|15589|160678
kendo.culture.oc-FR.min.js;2074587990;1;1394430853;|15590|160679
kendo.culture.oc-FR.min.js.map;2668896598;1;1394430853;|15591|160680
kendo.culture.oc.min.js;27652155;1;1394430853;|15592|160681
kendo.culture.oc.min.js.map;2461747345;1;1394430853;|15593|160682
kendo.culture.or-IN.min.js;847948293;1;1394430853;|15594|160683
kendo.culture.or-IN.min.js.map;1846036178;1;1394430853;|15595|160684
kendo.culture.or.min.js;3608749879;1;1394430853;|15596|160685
kendo.culture.or.min.js.map;3934565815;1;1394430853;|15597|160686
kendo.culture.pa-IN.min.js;2366824714;1;1394430853;|15598|160687
kendo.culture.pa-IN.min.js.map;59999246;1;1394430853;|15599|160688
kendo.culture.pa.min.js;3716477318;1;1394430853;|15600|160689
kendo.culture.pa.min.js.map;1612164712;1;1394430853;|15601|160690
kendo.culture.pl-PL.min.js;2773908308;1;1394430853;|15602|160691
kendo.culture.pl-PL.min.js.map;1842922443;1;1394430853;|15603|160692
kendo.culture.pl.min.js;2750915872;1;1394430853;|15604|160693
kendo.culture.pl.min.js.map;3921609257;1;1394430853;|15605|160694
kendo.culture.prs-AF.min.js;1449812290;1;1394430853;|15606|160695
kendo.culture.prs-AF.min.js.map;2541748863;1;1394430853;|15607|160696
kendo.culture.prs.min.js;4279562460;1;1394430854;|15608|160697
kendo.culture.prs.min.js.map;478557468;1;1394430854;|15609|160698
kendo.culture.ps-AF.min.js;1554331733;1;1394430854;|15610|160699
kendo.culture.ps-AF.min.js.map;980159402;1;1394430854;|15611|160700
kendo.culture.ps.min.js;3437697059;1;1394430854;|15612|160701
kendo.culture.ps.min.js.map;80205913;1;1394430854;|15613|160702
kendo.culture.pt-BR.min.js;912524757;1;1394430854;|15614|160703
kendo.culture.pt-BR.min.js.map;997242027;1;1394430854;|15615|160704
kendo.culture.pt-PT.min.js;2866906084;1;1394430854;|15616|160705
kendo.culture.pt-PT.min.js.map;4184472225;1;1394430854;|15617|160706
kendo.culture.pt.min.js;3461807832;1;1394430854;|15618|160707
kendo.culture.pt.min.js.map;1362324201;1;1394430854;|15619|160708
kendo.culture.qut-GT.min.js;3404597864;1;1394430854;|15620|160709
kendo.culture.qut-GT.min.js.map;1538911125;1;1394430854;|15621|160710
kendo.culture.qut.min.js;2614844542;1;1394430854;|15622|160711
kendo.culture.qut.min.js.map;2799337561;1;1394430854;|15623|160712
kendo.culture.quz-BO.min.js;2588651337;1;1394430854;|15624|160713
kendo.culture.quz-BO.min.js.map;129115587;1;1394430854;|15625|160714
kendo.culture.quz-EC.min.js;2304483993;1;1394430854;|15626|160715
kendo.culture.quz-EC.min.js.map;1909137074;1;1394430854;|15627|160716
kendo.culture.quz-PE.min.js;1156619248;1;1394430854;|15628|160717
kendo.culture.quz-PE.min.js.map;2359489471;1;1394430854;|15629|160718
kendo.culture.quz.min.js;2084940494;1;1394430854;|15630|160719
kendo.culture.quz.min.js.map;2726553156;1;1394430854;|15631|160720
kendo.culture.rm-CH.min.js;2485485160;1;1394430854;|15632|160721
kendo.culture.rm-CH.min.js.map;1706813744;1;1394430854;|15633|160722
kendo.culture.rm.min.js;2247789442;1;1394430854;|15634|160723
kendo.culture.rm.min.js.map;3237680;1;1394430854;|15635|160724
kendo.culture.ro-RO.min.js;2241270347;1;1394430854;|15636|160725
kendo.culture.ro-RO.min.js.map;2620981299;1;1394430854;|15637|160726
kendo.culture.ro.min.js;1716464926;1;1394430854;|15638|160727
kendo.culture.ro.min.js.map;2660419502;1;1394430854;|15639|160728
kendo.culture.ru-RU.min.js;519175750;1;1394430854;|15640|160729
kendo.culture.ru-RU.min.js.map;1699950739;1;1394430854;|15641|160730
kendo.culture.ru-UA.min.js;2256087847;1;1394430854;|15642|160731
kendo.culture.ru-UA.min.js.map;595367998;1;1394430854;|15643|160732
kendo.culture.ru.min.js;290564515;1;1394430854;|15644|160733
kendo.culture.ru.min.js.map;2777252480;1;1394430854;|15645|160734
kendo.culture.rw-RW.min.js;2392049397;1;1394430854;|15646|160735
kendo.culture.rw-RW.min.js.map;570665630;1;1394430854;|15647|160736
kendo.culture.rw.min.js;2009678286;1;1394430854;|15648|160737
kendo.culture.rw.min.js.map;1109079076;1;1394430854;|15649|160738
kendo.culture.sa-IN.min.js;1852833642;1;1394430854;|15650|160739
kendo.culture.sa-IN.min.js.map;478342197;1;1394430854;|15651|160740
kendo.culture.sa.min.js;3968829567;1;1394430854;|15652|160741
kendo.culture.sa.min.js.map;3497573168;1;1394430854;|15653|160742
kendo.culture.sah-RU.min.js;241658696;1;1394430854;|15654|160743
kendo.culture.sah-RU.min.js.map;4141233899;1;1394430854;|15655|160744
kendo.culture.sah.min.js;3338926473;1;1394430854;|15656|160745
kendo.culture.sah.min.js.map;3923164276;1;1394430854;|15657|160746
kendo.culture.se-FI.min.js;2161807654;1;1394430854;|15658|160747
kendo.culture.se-FI.min.js.map;644123927;1;1394430854;|15659|160748
kendo.culture.se-NO.min.js;2570013576;1;1394430854;|15660|160749
kendo.culture.se-NO.min.js.map;1681050167;1;1394430854;|15661|160750
kendo.culture.se-SE.min.js;3359761608;1;1394430854;|15662|160751
kendo.culture.se-SE.min.js.map;1488738298;1;1394430854;|15663|160752
kendo.culture.se.min.js;1793133864;1;1394430854;|15664|160753
kendo.culture.se.min.js.map;3005164858;1;1394430854;|15665|160754
kendo.culture.si-LK.min.js;1325844053;1;1394430854;|15666|160755
kendo.culture.si-LK.min.js.map;1704059360;1;1394430854;|15667|160756
kendo.culture.si.min.js;2271124776;1;1394430854;|15668|160757
kendo.culture.si.min.js.map;1061562572;1;1394430854;|15669|160758
kendo.culture.sk-SK.min.js;2916450404;1;1394430854;|15670|160759
kendo.culture.sk-SK.min.js.map;2342993248;1;1394430854;|15671|160760
kendo.culture.sk.min.js;3156402149;1;1394430854;|15672|160761
kendo.culture.sk.min.js.map;3750540493;1;1394430854;|15673|160762
kendo.culture.sl-SI.min.js;393704920;1;1394430854;|15674|160763
kendo.culture.sl-SI.min.js.map;1692830322;1;1394430854;|15675|160764
kendo.culture.sl.min.js;4139894655;1;1394430854;|15676|160765
kendo.culture.sl.min.js.map;2403961888;1;1394430854;|15677|160766
kendo.culture.sma-NO.min.js;3449410016;1;1394430854;|15678|160767
kendo.culture.sma-NO.min.js.map;1770885373;1;1394430854;|15679|160768
kendo.culture.sma-SE.min.js;2266687171;1;1394430854;|15680|160769
kendo.culture.sma-SE.min.js.map;1579363075;1;1394430854;|15681|160770
kendo.culture.sma.min.js;1219958994;1;1394430854;|15682|160771
kendo.culture.sma.min.js.map;2227531075;1;1394430854;|15683|160772
kendo.culture.smj-NO.min.js;2395841900;1;1394430854;|15684|160773
kendo.culture.smj-NO.min.js.map;1483333360;1;1394430854;|15685|160774
kendo.culture.smj-SE.min.js;1550309405;1;1394430854;|15686|160775
kendo.culture.smj-SE.min.js.map;2409013058;1;1394430854;|15687|160776
kendo.culture.smj.min.js;622873395;1;1394430854;|15688|160777
kendo.culture.smj.min.js.map;2440056461;1;1394430854;|15689|160778
kendo.culture.smn-FI.min.js;500569485;1;1394430855;|15690|160779
kendo.culture.smn-FI.min.js.map;3360955991;1;1394430855;|15691|160780
kendo.culture.smn.min.js;2725630143;1;1394430855;|15692|160781
kendo.culture.smn.min.js.map;315897747;1;1394430855;|15693|160782
kendo.culture.sms-FI.min.js;2647855602;1;1394430855;|15694|160783
kendo.culture.sms-FI.min.js.map;3065025551;1;1394430855;|15695|160784
kendo.culture.sms.min.js;4101432040;1;1394430855;|15696|160785
kendo.culture.sms.min.js.map;1651480942;1;1394430855;|15697|160786
kendo.culture.sq-AL.min.js;3930726510;1;1394430855;|15698|160787
kendo.culture.sq-AL.min.js.map;1711988245;1;1394430855;|15699|160788
kendo.culture.sq.min.js;3140378878;1;1394430855;|15700|160789
kendo.culture.sq.min.js.map;3419796370;1;1394430855;|15701|160790
kendo.culture.sr-Cyrl-BA.min.js;3264626641;1;1394430855;|15702|160791
kendo.culture.sr-Cyrl-BA.min.js.map;3097376012;1;1394430855;|15703|160792
kendo.culture.sr-Cyrl-CS.min.js;567041770;1;1394430855;|15704|160793
kendo.culture.sr-Cyrl-CS.min.js.map;2724940766;1;1394430855;|15705|160794
kendo.culture.sr-Cyrl-ME.min.js;1436319301;1;1394430855;|15706|160795
kendo.culture.sr-Cyrl-ME.min.js.map;2382474138;1;1394430855;|15707|160796
kendo.culture.sr-Cyrl-RS.min.js;4209159626;1;1394430855;|15708|160797
kendo.culture.sr-Cyrl-RS.min.js.map;2679711418;1;1394430855;|15709|160798
kendo.culture.sr-Cyrl.min.js;2551309501;1;1394430855;|15710|160799
kendo.culture.sr-Cyrl.min.js.map;4129544399;1;1394430855;|15711|160800
kendo.culture.sr-Latn-BA.min.js;2378482872;1;1394430855;|15712|160801
kendo.culture.sr-Latn-BA.min.js.map;3488291375;1;1394430855;|15713|160802
kendo.culture.sr-Latn-CS.min.js;3045757085;1;1394430855;|15714|160803
kendo.culture.sr-Latn-CS.min.js.map;2105897142;1;1394430855;|15715|160804
kendo.culture.sr-Latn-ME.min.js;3280949708;1;1394430855;|15716|160805
kendo.culture.sr-Latn-ME.min.js.map;2394726945;1;1394430855;|15717|160806
kendo.culture.sr-Latn-RS.min.js;2707614577;1;1394430855;|15718|160807
kendo.culture.sr-Latn-RS.min.js.map;1079451090;1;1394430855;|15719|160808
kendo.culture.sr-Latn.min.js;341372680;1;1394430855;|15720|160809
kendo.culture.sr-Latn.min.js.map;3774409853;1;1394430855;|15721|160810
kendo.culture.sr.min.js;3077689214;1;1394430855;|15722|160811
kendo.culture.sr.min.js.map;289241779;1;1394430855;|15723|160812
kendo.culture.sv-FI.min.js;1219334325;1;1394430855;|15724|160813
kendo.culture.sv-FI.min.js.map;839925084;1;1394430855;|15725|160814
kendo.culture.sv-SE.min.js;1188779579;1;1394430855;|15726|160815
kendo.culture.sv-SE.min.js.map;677885542;1;1394430855;|15727|160816
kendo.culture.sv.min.js;826363159;1;1394430855;|15728|160817
kendo.culture.sv.min.js.map;2499306981;1;1394430855;|15729|160818
kendo.culture.sw-KE.min.js;2879096115;1;1394430855;|15730|160819
kendo.culture.sw-KE.min.js.map;1477848877;1;1394430855;|15731|160820
kendo.culture.sw.min.js;1063119739;1;1394430855;|15732|160821
kendo.culture.sw.min.js.map;2225936192;1;1394430855;|15733|160822
kendo.culture.syr-SY.min.js;189036172;1;1394430855;|15734|160823
kendo.culture.syr-SY.min.js.map;3900223519;1;1394430855;|15735|160824
kendo.culture.syr.min.js;111637739;1;1394430855;|15736|160825
kendo.culture.syr.min.js.map;3534819968;1;1394430855;|15737|160826
kendo.culture.ta-IN.min.js;3148466244;1;1394430855;|15738|160827
kendo.culture.ta-IN.min.js.map;2777190402;1;1394430855;|15739|160828
kendo.culture.ta.min.js;872626083;1;1394430855;|15740|160829
kendo.culture.ta.min.js.map;570627378;1;1394430855;|15741|160830
kendo.culture.te-IN.min.js;2925657252;1;1394430855;|15742|160831
kendo.culture.te-IN.min.js.map;550473783;1;1394430855;|15743|160832
kendo.culture.te.min.js;1067177114;1;1394430855;|15744|160833
kendo.culture.te.min.js.map;1257440460;1;1394430855;|15745|160834
kendo.culture.tg-Cyrl-TJ.min.js;50248276;1;1394430855;|15746|160835
kendo.culture.tg-Cyrl-TJ.min.js.map;1673712632;1;1394430855;|15747|160836
kendo.culture.tg-Cyrl.min.js;2578961578;1;1394430855;|15748|160837
kendo.culture.tg-Cyrl.min.js.map;529107524;1;1394430855;|15749|160838
kendo.culture.tg.min.js;2052094165;1;1394430855;|15750|160839
kendo.culture.tg.min.js.map;2071858183;1;1394430855;|15751|160840
kendo.culture.th-TH.min.js;1899249788;1;1394430855;|15752|160841
kendo.culture.th-TH.min.js.map;1201389348;1;1394430855;|15753|160842
kendo.culture.th.min.js;2625115879;1;1394430855;|15754|160843
kendo.culture.th.min.js.map;373653439;1;1394430855;|15755|160844
kendo.culture.tk-TM.min.js;575735507;1;1394430855;|15756|160845
kendo.culture.tk-TM.min.js.map;3556911253;1;1394430855;|15757|160846
kendo.culture.tk.min.js;4103041268;1;1394430855;|15758|160847
kendo.culture.tk.min.js.map;874868860;1;1394430855;|15759|160848
kendo.culture.tn-ZA.min.js;2864295108;1;1394430855;|15760|160849
kendo.culture.tn-ZA.min.js.map;37720521;1;1394430855;|15761|160850
kendo.culture.tn.min.js;216666297;1;1394430855;|15762|160851
kendo.culture.tn.min.js.map;1309364643;1;1394430855;|15763|160852
kendo.culture.tr-TR.min.js;3754651794;1;1394430855;|15764|160853
kendo.culture.tr-TR.min.js.map;3629235057;1;1394430855;|15765|160854
kendo.culture.tr.min.js;1514841079;1;1394430855;|15766|160855
kendo.culture.tr.min.js.map;134806486;1;1394430855;|15767|160856
kendo.culture.tt-RU.min.js;2587329902;1;1394430855;|15768|160857
kendo.culture.tt-RU.min.js.map;3838872715;1;1394430855;|15769|160858
kendo.culture.tt.min.js;36960717;1;1394430855;|15770|160859
kendo.culture.tt.min.js.map;152097228;1;1394430855;|15771|160860
kendo.culture.tzm-Latn-DZ.min.js;1516454151;1;1394430855;|15772|160861
kendo.culture.tzm-Latn-DZ.min.js.map;210293482;1;1394430855;|15773|160862
kendo.culture.tzm-Latn.min.js;445015111;1;1394430855;|15774|160863
kendo.culture.tzm-Latn.min.js.map;2422767313;1;1394430855;|15775|160864
kendo.culture.tzm.min.js;1499463768;1;1394430855;|15776|160865
kendo.culture.tzm.min.js.map;2238970283;1;1394430855;|15777|160866
kendo.culture.ug-CN.min.js;988235980;1;1394430855;|15778|160867
kendo.culture.ug-CN.min.js.map;827115875;1;1394430855;|15779|160868
kendo.culture.ug.min.js;2091731387;1;1394430855;|15780|160869
kendo.culture.ug.min.js.map;4177677106;1;1394430855;|15781|160870
kendo.culture.uk-UA.min.js;2619256523;1;1394430855;|15782|160871
kendo.culture.uk-UA.min.js.map;833577797;1;1394430855;|15783|160872
kendo.culture.uk.min.js;2411033608;1;1394430855;|15784|160873
kendo.culture.uk.min.js.map;3578082742;1;1394430855;|15785|160874
kendo.culture.ur-PK.min.js;1303170807;1;1394430856;|15786|160875
kendo.culture.ur-PK.min.js.map;2768861061;1;1394430856;|15787|160876
kendo.culture.ur.min.js;3224799746;1;1394430856;|15788|160877
kendo.culture.ur.min.js.map;1454454384;1;1394430856;|15789|160878
kendo.culture.uz-Cyrl-UZ.min.js;2621731948;1;1394430856;|15790|160879
kendo.culture.uz-Cyrl-UZ.min.js.map;2317481088;1;1394430856;|15791|160880
kendo.culture.uz-Cyrl.min.js;408215753;1;1394430856;|15792|160881
kendo.culture.uz-Cyrl.min.js.map;1748191387;1;1394430856;|15793|160882
kendo.culture.uz-Latn-UZ.min.js;103015852;1;1394430856;|15794|160883
kendo.culture.uz-Latn-UZ.min.js.map;1219047325;1;1394430856;|15795|160884
kendo.culture.uz-Latn.min.js;1112030081;1;1394430856;|15796|160885
kendo.culture.uz-Latn.min.js.map;3430194499;1;1394430856;|15797|160886
kendo.culture.uz.min.js;67708071;1;1394430856;|15798|160887
kendo.culture.uz.min.js.map;2676734518;1;1394430856;|15799|160888
kendo.culture.vi-VN.min.js;1741652428;1;1394430856;|15800|160889
kendo.culture.vi-VN.min.js.map;3391093608;1;1394430856;|15801|160890
kendo.culture.vi.min.js;1242443619;1;1394430856;|15802|160891
kendo.culture.vi.min.js.map;508345587;1;1394430856;|15803|160892
kendo.culture.wo-SN.min.js;1467921377;1;1394430856;|15804|160893
kendo.culture.wo-SN.min.js.map;2267889452;1;1394430856;|15805|160894
kendo.culture.wo.min.js;1383790957;1;1394430856;|15806|160895
kendo.culture.wo.min.js.map;2306602125;1;1394430856;|15807|160896
kendo.culture.xh-ZA.min.js;3763140036;1;1394430856;|15808|160897
kendo.culture.xh-ZA.min.js.map;4224759014;1;1394430856;|15809|160898
kendo.culture.xh.min.js;3698177639;1;1394430856;|15810|160899
kendo.culture.xh.min.js.map;4163799528;1;1394430856;|15811|160900
kendo.culture.yo-NG.min.js;2104889402;1;1394430856;|15812|160901
kendo.culture.yo-NG.min.js.map;1209830752;1;1394430856;|15813|160902
kendo.culture.yo.min.js;791286058;1;1394430856;|15814|160903
kendo.culture.yo.min.js.map;356561876;1;1394430856;|15815|160904
kendo.culture.zh-CHS.min.js;477262182;1;1394430856;|15816|160905
kendo.culture.zh-CHS.min.js.map;3626851640;1;1394430856;|15817|160906
kendo.culture.zh-CHT.min.js;585067831;1;1394430856;|15818|160907
kendo.culture.zh-CHT.min.js.map;4036851609;1;1394430856;|15819|160908
kendo.culture.zh-CN.min.js;345752318;1;1394430856;|15820|160909
kendo.culture.zh-CN.min.js.map;1223719208;1;1394430856;|15821|160910
kendo.culture.zh-Hans.min.js;3595733365;1;1394430856;|15822|160911
kendo.culture.zh-Hans.min.js.map;3937169161;1;1394430856;|15823|160912
kendo.culture.zh-Hant.min.js;3429437523;1;1394430856;|15824|160913
kendo.culture.zh-Hant.min.js.map;766936075;1;1394430856;|15825|160914
kendo.culture.zh-HK.min.js;3683828531;1;1394430856;|15826|160915
kendo.culture.zh-HK.min.js.map;188970930;1;1394430856;|15827|160916
kendo.culture.zh-MO.min.js;513154567;1;1394430856;|15828|160917
kendo.culture.zh-MO.min.js.map;3702068833;1;1394430856;|15829|160918
kendo.culture.zh-SG.min.js;173920693;1;1394430856;|15830|160919
kendo.culture.zh-SG.min.js.map;1013727656;1;1394430856;|15831|160920
kendo.culture.zh-TW.min.js;253324679;1;1394430856;|15832|160921
kendo.culture.zh-TW.min.js.map;3310526472;1;1394430856;|15833|160922
kendo.culture.zh.min.js;395836721;1;1394430856;|15834|160923
kendo.culture.zh.min.js.map;646195670;1;1394430856;|15835|160924
kendo.culture.zu-ZA.min.js;3091791837;1;1394430856;|15836|160925
kendo.culture.zu-ZA.min.js.map;7883378;1;1394430856;|15837|160926
kendo.culture.zu.min.js;3589822408;1;1394430856;|15838|160927
kendo.culture.zu.min.js.map;2172284713;1;1394430856;|15839|160928
