SCMBranch=USR-717
SCMRepository=User Interface/Task Time Tracker/Web/Shared/QualityAssurance/FunctionalityActiveStatus/Controls
SCMMainlineUUID={6a359bb0-6131-417f-b48a-3113b3a22182}
SCMBranchRepositoryID=12779
Details.ascx.designer.cs;1449284201;2;1394430896;|8371|155028
List.ascx.cs;704686223;4;1394430896;|8374|141465
List.ascx.designer.cs;308705608;1;1394430896;|8375|30512
Validation.xml;3687457457;1;1394430896;|8382|30519
Generic.ascx.cs;2694143826;16;1395025027;|8372|182426
Generic.ascx.designer.cs;3425427497;2;1395025027;|8373|182427
Generic.ascx;2381584999;5;1401244947;|8379|193915
List.ascx;2930219299;2;1401244947;|8380|193916
Details.ascx;632926590;5;1401678846;|8378|200396
Details.ascx.cs;3310341390;11;1401678846;|8370|200397
SearchFilter.ascx;3507130134;19;1405544893;|8381|213197
SearchFilter.ascx.cs;2220383557;15;1405544893;|8376|213198
SearchFilter.ascx.designer.cs;1686327435;7;1405544893;|8377|213199
