SCMBranch=USR-717
SCMRepository=User Interface/Task Time Tracker/Web/app/BM/ReferenceData/services/Gen
SCMMainlineUUID={6a359bb0-6131-417f-b48a-3113b3a22182}
SCMBranchRepositoryID=35835
airportService.js;1011418137;1;1439960240;|40492|326499
calendarService.js;1072028355;1;1439960240;|40493|326500
cityService.js;1126364462;1;1439960240;|40494|326501
continentService.js;3369819172;1;1439960240;|40495|326502
countryService.js;3457751639;1;1439960240;|40496|326503
currencyService.js;1684136039;1;1439960240;|40497|326504
geographicRegionService.js;4119289365;1;1439960240;|40498|326505
helpLineService.js;522803656;1;1439960240;|40499|326506
holidayService.js;865831266;1;1439960240;|40500|326507
mallService.js;217283070;1;1439960240;|40501|326508
monumentService.js;1810821168;1;1439960240;|40502|326509
personSuffixService.js;3248941715;1;1439960240;|40503|326510
raceTypeService.js;3860486272;1;1439960240;|40504|326511
regionService.js;2125112359;1;1439960240;|40505|326512
religionService.js;2861047578;1;1439960240;|40506|326513
sexTypeService.js;807955951;1;1439960240;|40508|326515
stateService.js;767668964;1;1439960240;|40509|326516
timeZoneService.js;878174813;1;1439960240;|40510|326517
trainStationService.js;628975829;1;1439960240;|40511|326518
ServiceGenerator.cs;1566315191;1;1440999138;|40507|326514
addressService.js;3875105699;2;1442550746;|40607|331637
ethnicityService.js;1872099231;2;1442550746;|40579|331638
genderService.js;533802510;2;1442550746;|40695|331546
provinceService.js;444859585;2;1442550746;|40668|331547
provinceTypeService.js;2279842020;2;1442550746;|40667|331548
CrossReference.cs;1566315191;1;1462249284;|41602|347026
timeZoneXCountryService.js;3702837741;2;1462249284;|41579|347040
countryXReligionService.js;867821429;1;1462765641;|41648|347386
CrossReference.tt;4095810365;3;1462765641;|41603|347400
holidayXCountryService.js;1838061600;1;1462765641;|41641|347328
layerNameService.js;2652251069;1;1462765641;|41662|347446
taskNameService.js;1143349218;1;1462765641;|41654|347419
ServiceGenerator.tt;1571385844;16;1463717733;|40491|348013
