SCMBranch=USR-717
SCMRepository=User Interface/Task Time Tracker/Web/Content/kendo/2013.3.1119/MetroBlack
SCMMainlineUUID={6a359bb0-6131-417f-b48a-3113b3a22182}
SCMBranchRepositoryID=18994
editor.png;3050983162;1;1394430785;|12917|158006
imagebrowser.png;3276459510;1;1394430785;|12909|157998
indeterminate.gif;261437507;1;1394430785;|12910|157999
loading-image.gif;1670162505;1;1394430785;|12911|158000
loading.gif;899144747;1;1394430785;|12913|158002
loading_2x.gif;3266446073;1;1394430785;|12914|158003
slider-h.gif;228991092;1;1394430785;|12915|158004
slider-v.gif;1086571847;1;1394430785;|12916|158005
sprite.png;1365974343;1;1394430785;|12912|158001
sprite_2x.png;2870903999;1;1394430785;|12908|157997
