SCMBranch=USR-717
SCMRepository=User Interface/Task Time Tracker/Web/app/BM/ReferenceData/controllers/Gen/List
SCMMainlineUUID={6a359bb0-6131-417f-b48a-3113b3a22182}
SCMBranchRepositoryID=35833
listTableraceTypeCtrl.js;3665498559;2;1442202271;|40400|330346
listTablesexTypeCtrl.js;3831784115;2;1442202271;|40403|330349
listTableaddressCtrl.js;4154116389;4;1449034035;|40605|338004
listTableairportCtrl.js;2868580443;3;1449034035;|40387|337809
listTablecalendarCtrl.js;1474675857;3;1449034035;|40388|337810
listTablecityCtrl.js;3902377437;3;1449034035;|40389|337811
listTablecontinentCtrl.js;390905149;3;1449034035;|40390|337812
listTablecountryCtrl.js;482294477;3;1449034035;|40392|337814
listTablecurrencyCtrl.js;294291968;3;1449034035;|40393|337815
listTableethnicityCtrl.js;2453000453;4;1449034035;|40577|338006
listTablegenderCtrl.js;3974820529;3;1449034035;|40693|337817
listTablegeographicRegionCtrl.js;319949614;3;1449034035;|40394|337818
listTablehelpLineCtrl.js;1739489589;3;1449034035;|40395|337819
listTableholidayCtrl.js;391860081;3;1449034035;|40396|337820
listTablemallCtrl.js;3100259996;3;1449034035;|40397|337821
listTablemonumentCtrl.js;427184629;3;1449034035;|40398|337822
listTablepersonSuffixCtrl.js;2663704074;3;1449034035;|40399|337823
listTableprovinceCtrl.js;3130034240;4;1449034035;|40663|337824
listTableprovinceTypeCtrl.js;1644744295;4;1449034035;|40664|337825
listTableregionCtrl.js;2845811433;3;1449034035;|40401|337826
listTablereligionCtrl.js;1040220332;3;1449034035;|40402|337827
listTablestateCtrl.js;3744484624;3;1449034035;|40404|337828
listTabletimeZoneCtrl.js;2419598372;3;1449034035;|40405|337829
listTabletrainStationCtrl.js;2885972099;3;1449034035;|40386|337830
listTablelayerNameCtrl.js;2539199296;1;1462765641;|41660|347444
listTabletaskNameCtrl.js;2065733427;1;1462765641;|41652|347417
ListTableControllerGenerator.cs;1547346507;7;1462853221;|40391|347619
ListTableControllerGenerator.tt;119759304;15;1462853221;|40385|347620
