SCMBranch=USR-717
SCMRepository=User Interface/Task Time Tracker/Web/MS/EventMonitoring/ApplicationMonitoredEventProcessingState
SCMMainlineUUID={6a359bb0-6131-417f-b48a-3113b3a22182}
SCMBranchRepositoryID=30808
CommonUpdate.aspx;1322771679;1;1418613674;|33576|286154
CommonUpdate.aspx.designer.cs;3717471633;1;1418613674;|33582|286160
Export.aspx;4080663454;1;1418613674;|33556|286134
Export.aspx.cs;1095520600;1;1418613674;|33568|286146
Export.aspx.designer.cs;3818786805;1;1418613674;|33567|286145
InlineUpdate.aspx;3406612333;1;1418613674;|33555|286133
InlineUpdate.aspx.designer.cs;150880661;1;1418613674;|33565|286143
Settings.aspx;2672607714;1;1418613674;|33553|286131
Settings.aspx.cs;3579784256;1;1418613674;|33562|286140
Settings.aspx.designer.cs;1232692523;1;1418613674;|33561|286139
Details.aspx.cs;1916941267;1;1418613674;|33570|286148
Update.aspx.cs;2010242841;1;1418613674;|33560|286138
Insert.aspx.designer.cs;3385398681;1;1418613674;|33563|286141
Insert.aspx.cs;1339897916;1;1418613674;|33564|286142
Details.aspx.designer.cs;3629588958;1;1418613674;|33569|286147
Delete.aspx.designer.cs;4045137183;1;1418613674;|33571|286149
Insert.aspx;1992348162;2;1418759550;|33554|289083
Delete.aspx;3501046976;2;1418759535;|33558|289085
Default.aspx;1272372800;2;1418759527;|33575|289086
Clone.aspx;216934655;2;1418759513;|33577|289087
Clone.aspx.cs;3364702857;1;1418613674;|33579|286157
Clone.aspx.designer.cs;2118987952;1;1418613674;|33580|286158
Default.aspx.cs;1065181876;1;1418613674;|33574|286152
Default.aspx.designer.cs;209712549;1;1418613674;|33573|286151
Delete.aspx.cs;2465223896;1;1418613674;|33572|286150
Update.aspx.designer.cs;2250953522;1;1418613674;|33578|286156
Details.aspx;857339113;3;1419542783;|33557|290961
Update.aspx;2897462551;3;1419542783;|33559|290962
UI_Pages.cs;1309701801;1;1462161207;|41530|346101
UI_Pages.tt;2111120779;1;1462161207;|41531|346102
InlineUpdate.aspx.cs;2500475281;2;1464933980;|33566|349522
CommonUpdate.aspx.cs;3100243610;3;1493092262;|33581|357834
