SCMBranch=USR-717
SCMRepository=User Interface/Task Time Tracker/Web/MS/EventMonitoring/ApplicationMonitoredEventSource
SCMMainlineUUID={6a359bb0-6131-417f-b48a-3113b3a22182}
SCMBranchRepositoryID=30810
CommonUpdate.aspx;241291149;1;1418613674;|33600|286178
CommonUpdate.aspx.designer.cs;298740792;1;1418613674;|33598|286176
Export.aspx;443477659;1;1418613674;|33622|286200
Export.aspx.cs;2919550077;1;1418613674;|33608|286186
Export.aspx.designer.cs;1124212198;1;1418613674;|33609|286187
InlineUpdate.aspx;2870270918;1;1418613674;|33621|286199
InlineUpdate.aspx.designer.cs;3749680175;1;1418613674;|33611|286189
Settings.aspx;3161444658;1;1418613674;|33619|286197
Settings.aspx.cs;1027620430;1;1418613674;|33614|286192
Settings.aspx.designer.cs;1599481478;1;1418613674;|33615|286193
Default.aspx;868892007;2;1418759584;|33601|289088
Delete.aspx;2934209650;2;1418759592;|33624|289089
Insert.aspx;3115449659;2;1418759609;|33620|289091
Clone.aspx;1911404568;2;1418759576;|33599|289093
Clone.aspx.cs;142518566;1;1418613674;|33597|286175
Clone.aspx.designer.cs;940114962;1;1418613674;|33596|286174
Default.aspx.cs;2831818314;1;1418613674;|33602|286180
Default.aspx.designer.cs;606874010;1;1418613674;|33603|286181
Delete.aspx.cs;1806515058;1;1418613674;|33604|286182
Delete.aspx.designer.cs;2432463185;1;1418613674;|33605|286183
Details.aspx.cs;2991337594;1;1418613674;|33606|286184
Details.aspx.designer.cs;1154978006;1;1418613674;|33607|286185
Insert.aspx.cs;2339100162;1;1418613674;|33612|286190
Insert.aspx.designer.cs;4277594953;1;1418613674;|33613|286191
Update.aspx.cs;1032306460;1;1418613674;|33616|286194
Update.aspx.designer.cs;3211028199;1;1418613674;|33617|286195
Details.aspx;2806332370;3;1419542783;|33623|290963
Update.aspx;3920205447;3;1419542783;|33618|290964
InlineUpdate.aspx.cs;2051416275;2;1464933980;|33610|349523
CommonUpdate.aspx.cs;2725058395;3;1493092262;|33625|357835
