SCMBranch=USR-717
SCMRepository=User Interface/Task Time Tracker/Web/Prototype/Kendo/web/listview
SCMMainlineUUID={6a359bb0-6131-417f-b48a-3113b3a22182}
SCMBranchRepositoryID=19188
editing.html;544333571;3;1406516549;|14187|221384
index.html;1271334183;3;1406516549;|14186|221385
mvvm.html;321660305;3;1406516549;|14185|221386
navigation.html;2062062482;3;1406516549;|14184|221387
remote-data.html;1169426657;3;1406516549;|14183|221388
rtl.html;2973671963;3;1406516550;|14182|221389
selection.html;1466941797;3;1406516550;|14188|221390
