SCMBranch=USR-717
SCMRepository=User Interface/Task Time Tracker/Web/Prototype/Kendo/content/web/24x24
SCMMainlineUUID={6a359bb0-6131-417f-b48a-3113b3a22182}
SCMBranchRepositoryID=19081
Chart.png;1977930881;1;1394430813;|13474|158563
ComboBox.png;2614080178;1;1394430813;|13475|158564
Grid.png;2996223203;1;1394430813;|13476|158565
Menu.png;379451223;1;1394430813;|13477|158566
PanelBar.png;1372479595;1;1394430813;|13478|158567
Slider.png;633303032;1;1394430813;|13483|158572
Splitter.png;3941338435;1;1394430813;|13479|158568
TabStrip.png;944308156;1;1394430813;|13480|158569
Thumbs.db;3837344275;1;1394430813;|13473|158562
TreeView.png;4211606634;1;1394430813;|13481|158570
Upload.png;3171899903;1;1394430813;|13482|158571
