SCMBranch=USR-717
SCMRepository=User Interface/Task Time Tracker/Web/MA/ApplicationDevelopment/FunctionalityPriority/Controls
SCMMainlineUUID={6a359bb0-6131-417f-b48a-3113b3a22182}
SCMBranchRepositoryID=30768
Details.ascx.cs;1760331832;1;1418613669;|32853|285431
Generic.ascx.designer.cs;1913287597;1;1418613669;|32855|285433
List.ascx;4247401659;1;1418613669;|32859|285437
List.ascx.cs;1163230586;1;1418613669;|32856|285434
List.ascx.designer.cs;1210969299;1;1418613669;|32862|285440
SearchFilter.ascx;1119968839;1;1418613669;|32858|285436
SearchFilter.ascx.cs;2015315570;1;1418613669;|32863|285441
SearchFilter.ascx.designer.cs;2581356985;1;1418613669;|32864|285442
Validation.xml;3687457457;1;1418613669;|32857|285435
Details.ascx;2576019116;2;1428633518;|32861|299862
Details.ascx.designer.cs;178553383;2;1428633518;|32865|299863
Generic.ascx;3552999237;2;1428633518;|32860|299864
Generic.ascx.cs;466075230;3;1469426635;|32854|352104
