SCMBranch=USR-717
SCMRepository=User Interface/Task Time Tracker/Web/Shared/ApplicationManagement/ReleaseNote/ReleasePublishCategory/Controls
SCMMainlineUUID={6a359bb0-6131-417f-b48a-3113b3a22182}
SCMBranchRepositoryID=23949
Details.ascx;3469144391;1;1407766916;|20866|224415
Details.ascx.designer.cs;1325560884;1;1407766916;|20864|224413
Generic.ascx;2780187813;1;1407766916;|20867|224416
Generic.ascx.designer.cs;2339283046;1;1407766916;|20871|224420
List.ascx;362946702;1;1407766916;|20868|224417
List.ascx.designer.cs;1536637696;1;1407766916;|20861|224410
SearchFilter.ascx;4279119156;1;1407766916;|20869|224418
Validation.xml;1066268328;1;1407766916;|20870|224419
List.ascx.cs;1000301975;2;1408639050;|20862|231479
Details.ascx.cs;3530851148;3;1413170140;|20865|263693
SearchFilter.ascx.cs;2298097486;2;1413170142;|20860|263694
SearchFilter.ascx.designer.cs;4129434069;2;1413170142;|20859|263695
Generic.ascx.cs;841051575;4;1469426679;|20863|352195
