SCMBranch=USR-717
SCMRepository=User Interface/Task Time Tracker/Web/MA/ApplicationManagement/HelpPage
SCMMainlineUUID={6a359bb0-6131-417f-b48a-3113b3a22182}
SCMBranchRepositoryID=30780
Export.aspx;4157637474;1;1418613670;|33084|285662
Export.aspx.cs;2751876961;1;1418613670;|33074|285652
Export.aspx.designer.cs;3006050504;1;1418613670;|33080|285658
Default.aspx;1102757054;3;1418757125;|33081|4294967295
Default.aspx.designer.cs;3623464249;3;1418758756;|33092|4294967295
Default.aspx.cs;3518022960;3;1418758875;|33093|4294967295
Clone.aspx;565277721;2;1418757265;|33075|289043
Update.aspx.designer.cs;3888888316;2;1418758168;|33077|289044
Delete.aspx;3912522785;2;1418757392;|33082|289045
Insert.aspx;3593746622;2;1418758102;|33091|289047
Update.aspx.cs;2123613214;2;1418758241;|33076|289049
Insert.aspx.designer.cs;48731665;2;1418758102;|33094|289050
Insert.aspx.cs;1682880841;2;1418758136;|33079|289051
Details.aspx.designer.cs;3760375712;2;1418758056;|33087|289052
Details.aspx.cs;1032061002;2;1418758057;|33088|289053
Delete.aspx.designer.cs;1469980070;2;1418757386;|33089|289054
Clone.aspx.cs;1182753291;2;1418757337;|33085|289055
Clone.aspx.designer.cs;1892669155;2;1418757265;|33086|289056
Delete.aspx.cs;765102962;2;1418757691;|33090|289057
Details.aspx;4052237662;3;1419542783;|33083|290953
Update.aspx;3172879060;3;1419542783;|33078|290954
