SCMBranch=USR-717
SCMRepository=User Interface/Task Time Tracker/Web/Scripts/ace-editor/src-min
SCMMainlineUUID={6a359bb0-6131-417f-b48a-3113b3a22182}
SCMBranchRepositoryID=27227
ace.js;4033149614;1;1410186255;|23450|251787
ext-beautify.js;1978804972;1;1410186255;|23451|251788
ext-chromevox.js;3017057797;1;1410186255;|23452|251789
ext-elastic_tabstops_lite.js;1905941655;1;1410186255;|23453|251790
ext-emmet.js;2611373020;1;1410186255;|23454|251791
ext-error_marker.js;679491522;1;1410186255;|23481|251818
ext-keybinding_menu.js;567830364;1;1410186255;|23408|251745
ext-language_tools.js;793015482;1;1410186255;|23322|251659
ext-linking.js;249055873;1;1410186255;|23323|251660
ext-modelist.js;665082083;1;1410186255;|23324|251661
ext-old_ie.js;1006153210;1;1410186255;|23325|251662
ext-searchbox.js;2586750942;1;1410186255;|23326|251663
ext-settings_menu.js;3715491474;1;1410186255;|23327|251664
ext-spellcheck.js;3904678136;1;1410186255;|23328|251665
ext-split.js;3739390550;1;1410186255;|23329|251666
ext-static_highlight.js;1115950022;1;1410186255;|23330|251667
ext-statusbar.js;809470550;1;1410186255;|23331|251668
ext-textarea.js;2327981424;1;1410186255;|23332|251669
ext-themelist.js;1751907579;1;1410186255;|23333|251670
ext-whitespace.js;2160671691;1;1410186255;|23334|251671
keybinding-emacs.js;1206470660;1;1410186255;|23335|251672
keybinding-vim.js;3548540861;1;1410186255;|23336|251673
mode-abap.js;2433584761;1;1410186255;|23337|251674
mode-actionscript.js;2243098773;1;1410186255;|23338|251675
mode-ada.js;382365030;1;1410186255;|23339|251676
mode-apache_conf.js;1842749013;1;1410186255;|23340|251677
mode-applescript.js;3265933882;1;1410186255;|23341|251678
mode-asciidoc.js;2293237019;1;1410186255;|23342|251679
mode-assembly_x86.js;1989896952;1;1410186255;|23343|251680
mode-autohotkey.js;1966350673;1;1410186255;|23344|251681
mode-batchfile.js;4259046758;1;1410186255;|23345|251682
mode-c9search.js;644119933;1;1410186255;|23346|251683
mode-c_cpp.js;3543963450;1;1410186255;|23347|251684
mode-cirru.js;3806725375;1;1410186255;|23348|251685
mode-clojure.js;317769515;1;1410186255;|23349|251686
mode-cobol.js;3051166835;1;1410186255;|23350|251687
mode-coffee.js;171553538;1;1410186255;|23351|251688
mode-coldfusion.js;10700702;1;1410186255;|23352|251689
mode-csharp.js;4271280491;1;1410186255;|23353|251690
mode-css.js;1316863069;1;1410186255;|23354|251691
mode-curly.js;3474296659;1;1410186255;|23355|251692
mode-d.js;84653847;1;1410186255;|23356|251693
mode-dart.js;741416069;1;1410186256;|23357|251694
mode-diff.js;833555882;1;1410186256;|23358|251695
mode-django.js;2195459774;1;1410186256;|23359|251696
mode-dockerfile.js;234275102;1;1410186256;|23360|251697
mode-dot.js;2303009183;1;1410186256;|23361|251698
mode-ejs.js;489712967;1;1410186256;|23362|251699
mode-erlang.js;2840761196;1;1410186256;|23363|251700
mode-forth.js;3597278396;1;1410186256;|23364|251701
mode-ftl.js;1293319401;1;1410186256;|23365|251702
mode-gherkin.js;70588757;1;1410186256;|23366|251703
mode-gitignore.js;2986720815;1;1410186256;|23367|251704
mode-glsl.js;1752103295;1;1410186256;|23368|251705
mode-golang.js;3888681363;1;1410186256;|23369|251706
mode-groovy.js;3858653384;1;1410186256;|23370|251707
mode-haml.js;860893191;1;1410186256;|23371|251708
mode-handlebars.js;967761092;1;1410186256;|23372|251709
mode-haskell.js;200739307;1;1410186256;|23373|251710
mode-haxe.js;1661530116;1;1410186256;|23374|251711
mode-html.js;879398032;1;1410186256;|23375|251712
mode-html_ruby.js;3186295494;1;1410186256;|23376|251713
mode-ini.js;1782269638;1;1410186256;|23377|251714
mode-jack.js;347774;1;1410186256;|23378|251715
mode-jade.js;2160391977;1;1410186256;|23379|251716
mode-java.js;1710459817;1;1410186256;|23380|251717
mode-javascript.js;1662483508;1;1410186256;|23381|251718
mode-json.js;2601661782;1;1410186256;|23382|251719
mode-jsoniq.js;1179016816;1;1410186256;|23383|251720
mode-jsp.js;2931366391;1;1410186256;|23384|251721
mode-jsx.js;1409467912;1;1410186256;|23385|251722
mode-julia.js;657740626;1;1410186256;|23386|251723
mode-latex.js;791453773;1;1410186256;|23387|251724
mode-less.js;548210687;1;1410186256;|23388|251725
mode-liquid.js;3428619862;1;1410186256;|23389|251726
mode-lisp.js;2676693523;1;1410186256;|23390|251727
mode-livescript.js;2865546876;1;1410186256;|23391|251728
mode-logiql.js;1220120549;1;1410186256;|23392|251729
mode-lsl.js;2991359610;1;1410186256;|23393|251730
mode-lua.js;3123256540;1;1410186256;|23394|251731
mode-luapage.js;3079862469;1;1410186256;|23395|251732
mode-lucene.js;1081859191;1;1410186256;|23396|251733
mode-makefile.js;1832645208;1;1410186256;|23397|251734
mode-markdown.js;743184286;1;1410186256;|23398|251735
mode-matlab.js;1343110156;1;1410186256;|23399|251736
mode-mel.js;3174227420;1;1410186256;|23400|251737
mode-mushcode.js;3484088286;1;1410186256;|23401|251738
mode-mysql.js;4087559485;1;1410186256;|23402|251739
mode-nix.js;472201225;1;1410186256;|23403|251740
mode-objectivec.js;2769267226;1;1410186256;|23404|251741
mode-ocaml.js;3137917655;1;1410186256;|23405|251742
mode-pascal.js;782281027;1;1410186256;|23406|251743
mode-perl.js;2889147214;1;1410186256;|23407|251744
mode-pgsql.js;275085806;1;1410186256;|23465|251802
mode-php.js;2282849891;1;1410186256;|23409|251746
mode-plain_text.js;1624610837;1;1410186256;|23410|251747
mode-powershell.js;4250695578;1;1410186256;|23411|251748
mode-prolog.js;2799630703;1;1410186256;|23412|251749
mode-properties.js;1699190171;1;1410186256;|23413|251750
mode-protobuf.js;3250831594;1;1410186256;|23414|251751
mode-python.js;778384363;1;1410186256;|23415|251752
mode-r.js;4087608557;1;1410186256;|23416|251753
mode-rdoc.js;3110659072;1;1410186256;|23417|251754
mode-rhtml.js;3119954266;1;1410186256;|23418|251755
mode-ruby.js;3962817766;1;1410186256;|23419|251756
mode-rust.js;1278930823;1;1410186256;|23420|251757
mode-sass.js;1067064582;1;1410186256;|23421|251758
mode-scad.js;1531231036;1;1410186256;|23422|251759
mode-scala.js;1300680163;1;1410186256;|23423|251760
mode-scheme.js;3199388094;1;1410186256;|23424|251761
mode-scss.js;1784839557;1;1410186256;|23425|251762
mode-sh.js;2256784907;1;1410186256;|23426|251763
mode-sjs.js;2613025973;1;1410186256;|23427|251764
mode-smarty.js;3417512019;1;1410186256;|23428|251765
mode-snippets.js;1100881100;1;1410186256;|23429|251766
mode-soy_template.js;33234927;1;1410186256;|23430|251767
mode-space.js;2777158445;1;1410186256;|23431|251768
mode-sql.js;2120885803;1;1410186256;|23432|251769
mode-stylus.js;1317990808;1;1410186256;|23433|251770
mode-svg.js;2804772846;1;1410186256;|23434|251771
mode-tcl.js;2048665384;1;1410186256;|23435|251772
mode-tex.js;587586823;1;1410186256;|23436|251773
mode-text.js;0;1;1410186256;|23437|251774
mode-textile.js;1727931179;1;1410186256;|23438|251775
mode-toml.js;3257564344;1;1410186256;|23439|251776
mode-twig.js;1617079231;1;1410186256;|23440|251777
mode-typescript.js;3698876852;1;1410186256;|23441|251778
mode-vala.js;909662032;1;1410186256;|23442|251779
mode-vbscript.js;4279237038;1;1410186256;|23443|251780
mode-velocity.js;4025843688;1;1410186256;|23444|251781
mode-verilog.js;2888352208;1;1410186256;|23445|251782
mode-vhdl.js;949787557;1;1410186256;|23446|251783
mode-xml.js;127199015;1;1410186256;|23447|251784
mode-xquery.js;2928524042;1;1410186256;|23448|251785
mode-yaml.js;2495405055;1;1410186256;|23449|251786
theme-ambiance.js;1064518649;1;1410186257;|23496|251833
theme-chaos.js;51220357;1;1410186257;|23495|251832
theme-chrome.js;2194730892;1;1410186257;|23494|251831
theme-clouds.js;464932909;1;1410186257;|23493|251830
theme-clouds_midnight.js;936819153;1;1410186257;|23492|251829
theme-cobalt.js;3039398755;1;1410186257;|23491|251828
theme-crimson_editor.js;1661635355;1;1410186257;|23490|251827
theme-dawn.js;840733305;1;1410186257;|23489|251826
theme-dreamweaver.js;871370225;1;1410186257;|23488|251825
theme-eclipse.js;2942841238;1;1410186257;|23487|251824
theme-github.js;1126361610;1;1410186257;|23486|251823
theme-idle_fingers.js;3425355216;1;1410186257;|23485|251822
theme-katzenmilch.js;3142187403;1;1410186257;|23484|251821
theme-kr.js;1013892238;1;1410186257;|23483|251820
theme-kuroir.js;2009919721;1;1410186257;|23482|251819
theme-merbivore.js;1203542267;1;1410186257;|23480|251817
theme-merbivore_soft.js;3583790226;1;1410186257;|23479|251816
theme-mono_industrial.js;3018937563;1;1410186257;|23478|251815
theme-monokai.js;622668205;1;1410186257;|23477|251814
theme-pastel_on_dark.js;1483112161;1;1410186257;|23476|251813
theme-solarized_dark.js;4254576309;1;1410186257;|23475|251812
theme-solarized_light.js;796784470;1;1410186257;|23474|251811
theme-terminal.js;2388364510;1;1410186257;|23473|251810
theme-textmate.js;1353716500;1;1410186257;|23472|251809
theme-tomorrow.js;4006084653;1;1410186257;|23471|251808
theme-tomorrow_night.js;1690669900;1;1410186257;|23470|251807
theme-tomorrow_night_blue.js;946094727;1;1410186257;|23469|251806
theme-tomorrow_night_bright.js;2968491145;1;1410186257;|23468|251805
theme-tomorrow_night_eighties.js;4021793157;1;1410186257;|23467|251804
theme-twilight.js;4058026928;1;1410186257;|23466|251803
theme-vibrant_ink.js;1520750660;1;1410186257;|23464|251801
theme-xcode.js;741263824;1;1410186258;|23463|251800
worker-coffee.js;1938890884;1;1410186258;|23462|251799
worker-css.js;2662343082;1;1410186258;|23461|251798
worker-html.js;2022531415;1;1410186258;|23460|251797
worker-javascript.js;119318988;1;1410186258;|23459|251796
worker-json.js;3546770138;1;1410186258;|23458|251795
worker-lua.js;3064570658;1;1410186258;|23457|251794
worker-php.js;1605911766;1;1410186258;|23456|251793
worker-xquery.js;2211921349;1;1410186258;|23455|251792
