SCMBranch=USR-717
SCMRepository=User Interface/Task Time Tracker/Web/Shared/QualityAssurance/FunctionalityXFunctionalityImage/Controls
SCMMainlineUUID={6a359bb0-6131-417f-b48a-3113b3a22182}
SCMBranchRepositoryID=13055
Details.ascx.designer.cs;3556408629;5;1394430901;|8789|155058
List.ascx.cs;2194366823;3;1394430901;|8787|146967
List.ascx.designer.cs;2385313056;3;1394430901;|8786|146832
Generic.ascx.designer.cs;4186282226;6;1395025031;|8788|182441
Generic.ascx;3418088791;9;1401244948;|8794|193958
Generic.ascx.cs;1233231910;7;1401244948;|8796|190083
List.ascx;2798667444;4;1401244948;|8793|193959
SearchFilter.ascx.cs;414041959;5;1401244948;|8784|190084
Details.ascx;1807085367;8;1401678847;|8795|200418
Details.ascx.cs;3811471554;6;1401678847;|8790|200419
SearchFilter.ascx;498903102;12;1405544898;|8792|213241
SearchFilter.ascx.designer.cs;2712696449;4;1405544898;|8785|213242
