SCMBranch=USR-717
SCMRepository=User Interface/Task Time Tracker/Web/Shared/QualityAssurance/DeveloperRole
SCMMainlineUUID={6a359bb0-6131-417f-b48a-3113b3a22182}
SCMBranchRepositoryID=12132
Clone.aspx.cs;3797632528;6;1394430893;|6700|107920
Clone.aspx.designer.cs;3457067055;2;1394430893;|6707|58707
CommonUpdate.aspx.designer.cs;1494483649;1;1394430893;|9024|71326
Default.aspx;1546774761;7;1394430893;|6689|172593
Default.aspx.designer.cs;2860466960;4;1394430893;|6691|99649
Delete.aspx.designer.cs;211962911;2;1394430893;|6697|58713
Details.aspx.designer.cs;2034291654;3;1394430893;|6706|108102
Export.aspx;690711750;2;1394430893;|6692|118913
Export.aspx.cs;1292546887;5;1394430893;|6704|155012
Export.aspx.designer.cs;373124738;2;1394430893;|6703|155013
InlineUpdate.aspx.designer.cs;3367674525;1;1394430893;|9026|71328
Insert.aspx.designer.cs;859506688;2;1394430893;|6701|58719
Settings.aspx.designer.cs;1989748775;2;1394430893;|9029|156286
Update.aspx.cs;1095057922;10;1394430893;|6695|107922
Update.aspx.designer.cs;1723833279;2;1394430893;|6699|58722
CommonUpdate.aspx.cs;3202624062;8;1395688972;|9023|184010
Clone.aspx;4075301927;4;1401678846;|6705|199403
CommonUpdate.aspx;1213318549;4;1401678846;|9027|199404
Delete.aspx;823934914;5;1401678846;|6690|199405
Details.aspx;2477053488;5;1401678846;|6698|199406
InlineUpdate.aspx;3832878228;3;1401678846;|9022|199407
Insert.aspx;4290944118;4;1401678846;|6693|199408
Settings.aspx;2592656525;3;1401678846;|9030|199409
Update.aspx;2348763975;4;1401678846;|6694|199410
Details.aspx.cs;1105763635;10;1402972150;|6708|203946
InlineUpdate.aspx.cs;2723122830;9;1402972150;|9025|203947
Insert.aspx.cs;1908505188;10;1402972150;|6702|203948
Settings.aspx.cs;2909415011;4;1402972150;|9028|203949
Delete.aspx.cs;1349076687;11;1404236648;|6696|209327
Default.aspx.cs;4057023261;16;1405359275;|6688|212576
