SCMBranch=USR-717
SCMRepository=User Interface/Task Time Tracker/Web/Shared/QualityAssurance/Module/Controls
SCMMainlineUUID={6a359bb0-6131-417f-b48a-3113b3a22182}
SCMBranchRepositoryID=12141
Details.ascx.designer.cs;3966429970;2;1394430901;|6846|155061
List.ascx.cs;4115027944;4;1394430901;|6849|141158
List.ascx.designer.cs;3961548980;1;1394430901;|6850|23610
Validation.xml;3687457457;1;1394430901;|6857|23617
Generic.ascx.cs;1423812403;15;1395025031;|6847|182443
Generic.ascx.designer.cs;2512478411;2;1395025031;|6848|182444
Generic.ascx;921559065;5;1401244949;|6854|193962
List.ascx;579123799;2;1401244949;|6855|193963
Details.ascx;649451358;5;1401678847;|6853|200420
Details.ascx.cs;1896861375;10;1401678847;|6845|200421
SearchFilter.ascx;2272299072;19;1405544898;|6856|213244
SearchFilter.ascx.cs;4120317005;18;1405544898;|6851|213245
SearchFilter.ascx.designer.cs;947006875;7;1405544898;|6852|213246
