SCMBranch=USR-717
SCMRepository=User Interface/Task Time Tracker/Web/Configuration/Menu/Controls
SCMMainlineUUID={6a359bb0-6131-417f-b48a-3113b3a22182}
SCMBranchRepositoryID=29125
SearchFilter.ascx;223387116;1;1417403879;|28161|278745
SearchFilter.ascx.cs;1437186914;1;1417403879;|28163|278747
SearchFilter.ascx.designer.cs;1106358649;1;1417403879;|28157|278741
Details.ascx;1854466922;2;1433221010;|28158|304121
Details.ascx.cs;1985625180;2;1433221010;|28169|304122
Details.ascx.designer.cs;1413027734;2;1433221010;|28168|304123
MenuDisplayName.ascx;3301134406;2;1437547127;|28160|319804
Validation.xml;3889850880;2;1437546445;|28162|319805
MenuDisplayName.ascx.designer.cs;439292828;1;1417403879;|28164|278748
MenuDisplayName.ascx.cs;869668388;2;1447042478;|28165|335261
Generic.ascx.designer.cs;1604657676;5;1447070109;|28166|335707
Generic.ascx;2975651179;6;1447170515;|28159|335841
Generic.ascx.cs;2799085450;7;1469426620;|28167|353398
