SCMBranch=USR-717
SCMRepository=User Interface/Task Time Tracker/Web/Styles/font-awesome/less
SCMMainlineUUID={6a359bb0-6131-417f-b48a-3113b3a22182}
SCMBranchRepositoryID=13370
bootstrap.less;758506163;1;1394430903;|9502|77345
core.less;3276035280;1;1394430903;|9499|77342
extras.less;3590428011;1;1394430903;|9498|77341
font-awesome-ie7.less;1100034891;1;1394430903;|9503|77346
font-awesome.less;3804243415;1;1394430903;|9500|77343
icons.less;360686909;1;1394430903;|9497|77340
mixins.less;3432259664;1;1394430903;|9501|77344
path.less;24787177;1;1394430903;|9495|77338
variables.less;3645951433;1;1394430903;|9496|77339
