SCMBranch=USR-717
SCMRepository=User Interface/Task Time Tracker/Web/Shared/Configuration/FieldConfigurationModeCategory
SCMMainlineUUID={6a359bb0-6131-417f-b48a-3113b3a22182}
SCMBranchRepositoryID=12664
Clone.aspx.cs;2778732013;7;1394430878;|8232|111683
Details.aspx.cs;2650580503;9;1394430878;|8242|120454
Export.aspx;2025075337;2;1394430878;|8227|119004
Export.aspx.designer.cs;306828603;2;1394430878;|8239|155240
Insert.aspx.cs;3877769530;8;1394430878;|8223|111690
Settings.aspx.designer.cs;1581964575;2;1394430878;|8220|156397
Update.aspx.cs;1206753996;10;1394430878;|8219|111691
Settings.aspx;2220087968;4;1401678842;|8230|201793
CommonUpdate.aspx.cs;1888399674;11;1408639051;|8234|233833
Default.aspx;4113176802;10;1408639051;|8224|233837
InlineUpdate.aspx.cs;3243139241;10;1408639051;|8237|233841
Default.aspx.cs;2634825348;23;1409070503;|8244|237522
Export.aspx.cs;3553560711;8;1409070503;|8240|237524
Clone.aspx;3818560424;6;1410146597;|8217|250787
Clone.aspx.designer.cs;4290805074;3;1410146597;|8233|250788
CommonUpdate.aspx;3902908061;5;1410146597;|8218|250789
CommonUpdate.aspx.designer.cs;2661525835;3;1410146597;|8235|250790
Default.aspx.designer.cs;1192868182;5;1410146597;|8245|250791
Delete.aspx;3568982749;6;1410146597;|8225|250792
Delete.aspx.designer.cs;2768844412;3;1410146597;|8243|250793
Details.aspx;1275762394;7;1410146597;|8226|250794
Details.aspx.designer.cs;1081156905;4;1410146597;|8241|250795
InlineUpdate.aspx;2403625647;5;1410146597;|8228|250796
InlineUpdate.aspx.designer.cs;2033451664;3;1410146597;|8236|250797
Insert.aspx;2044397205;5;1410146597;|8229|250798
Insert.aspx.designer.cs;4024784015;3;1410146597;|8222|250799
Settings.aspx.cs;2982842883;2;1410146597;|8221|250800
Update.aspx;1443861960;5;1410146597;|8231|250801
Update.aspx.designer.cs;2613868026;3;1410146597;|8238|250802
Delete.aspx.cs;2354103211;14;1414437912;|8246|273837
