SCMBranch=USR-717
SCMRepository=User Interface/Task Time Tracker/Web/Prototype/Kendo/content/spa/websushi/images/200
SCMMainlineUUID={6a359bb0-6131-417f-b48a-3113b3a22182}
SCMBranchRepositoryID=19076
california-rolls.jpg;3135330480;1;1394430812;|13415|158504
chicken-teriyaki.jpg;2884853124;1;1394430812;|13413|158502
chirashi-sushi.jpg;3786988159;1;1394430812;|13412|158501
ebi-rolls.jpg;2018918928;1;1394430812;|13411|158500
edamame.jpg;2368586168;1;1394430812;|13410|158499
gohan.jpg;1549321575;1;1394430812;|13409|158498
hosomaki-mix.jpg;2312176201;1;1394430812;|13408|158497
maguro.jpg;4145558798;1;1394430812;|13407|158496
miso-soup.jpg;1607452429;1;1394430812;|13406|158495
salmon-teriyaki.jpg;1105495947;1;1394430812;|13405|158494
sashimi-salad.jpg;1146293688;1;1394430812;|13417|158506
seattle-rolls.jpg;4166534793;1;1394430812;|13414|158503
seaweed-salad.jpg;4250607400;1;1394430812;|13416|158505
shake.jpg;3165522173;1;1394430812;|13399|158488
shiromi.jpg;4110493548;1;1394430812;|13400|158489
spicytuna-rolls.jpg;2439550040;1;1394430812;|13401|158490
tekka-maki.jpg;473384297;1;1394430812;|13402|158491
tori-katsu.jpg;280004579;1;1394430812;|13403|158492
yaki-udon.jpg;1620293902;1;1394430812;|13404|158493
