SCMBranch=USR-717
SCMRepository=User Interface/Task Time Tracker/Web/app/BM/CapitalMarkets/controllers
SCMMainlineUUID={6a359bb0-6131-417f-b48a-3113b3a22182}
SCMBranchRepositoryID=31513
scheduleStateDetailCtrl.js;2851324787;1;1419542772;|34108|290560
scheduleStateListCtrl.js;1634544662;1;1419542772;|34107|290559
DetailControllerGenerator.cs;546881451;1;1429757177;|35853|301228
DetailControllerGenerator.tt;2917529863;1;1429757177;|35850|301225
ListTableControllerGenerator.cs;546881451;1;1429757177;|35863|301238
ListTableControllerGenerator.tt;3139054310;1;1429757177;|35845|301220
SaveControllerGenerator.cs;546881451;1;1429757178;|35873|301248
SaveControllerGenerator.tt;2614281053;1;1429757178;|35844|301219
detailassetTypeCtrl.js;3045315450;2;1430706964;|35851|302337
detailbrokerCtrl.js;3633060762;2;1430706964;|35852|302338
detailcustodianCtrl.js;968490572;2;1430706964;|35854|302339
detailfundCtrl.js;1948345461;2;1430706964;|35855|302340
detailinvestmentTypeCtrl.js;3756655767;2;1430706964;|35856|302341
detaillegalEntityCtrl.js;334406246;2;1430706964;|35857|302342
detailmanagementFirmCtrl.js;632175198;2;1430706964;|35858|302343
detailportfolioCtrl.js;3859590463;2;1430706964;|35859|302344
detailstrategyCtrl.js;110575467;2;1430706964;|35860|302345
listTableassetTypeCtrl.js;2840535573;2;1430706965;|35861|302346
listTablebrokerCtrl.js;718481727;2;1430706965;|35862|302347
listTablecustodianCtrl.js;3569969535;2;1430706965;|35864|302348
listTablefundCtrl.js;2794830494;2;1430706965;|35865|302349
listTableinvestmentTypeCtrl.js;900390878;2;1430706965;|35866|302350
listTablelegalEntityCtrl.js;1633707718;2;1430706965;|35867|302351
listTablemanagementFirmCtrl.js;3299245110;2;1430706965;|35868|302352
listTableportfolioCtrl.js;952524499;2;1430706965;|35869|302353
listTablestrategyCtrl.js;1254406850;2;1430706965;|35870|302354
saveassetTypeCtrl.js;4247476753;2;1430706965;|35871|302356
savebrokerCtrl.js;3533698671;2;1430706965;|35872|302357
savecustodianCtrl.js;4130750123;2;1430706965;|35874|302358
savefundCtrl.js;3430563788;2;1430706965;|35875|302359
saveinvestmentTypeCtrl.js;2521127306;2;1430706965;|35849|302360
savelegalEntityCtrl.js;2077625034;2;1430706965;|35848|302361
savemanagementFirmCtrl.js;4191279548;2;1430706965;|35847|302362
saveportfolioCtrl.js;1882383643;2;1430706965;|35846|302363
savestrategyCtrl.js;2879404970;2;1430706965;|35843|302364
navCtrl.js;3222541990;3;1433301240;|35137|308210
detailStrategyGroupCtrl.js;1420023854;1;1435056992;|38879|310782
NonStdEntitySaveControllerGenerator.cs;1566315191;1;1435056992;|38873|310776
saveStrategyGroupCtrl.js;2303537398;1;1435056992;|38876|310779
detailPositionCtrl.js;1841735986;1;1435121418;|38893|310808
savePositionCtrl.js;3742506156;1;1435121418;|38895|310810
detailRatingCtrl.js;1676676585;1;1436151887;|38950|312745
saveRatingCtrl.js;2524367972;1;1436151887;|38948|312743
detailTransactionEventCtrl.js;3606023417;1;1436410217;|38956|312894
saveTransactionEventCtrl.js;2158823079;1;1436410217;|38958|312977
detailFinancialAccountClassCtrl.js;3879766130;1;1436443905;|38974|313200
listTableFinancialAccountClassCtrl.js;3531355527;1;1436443905;|38975|313201
saveFinancialAccountClassCtrl.js;2508059612;1;1436443905;|38973|313199
detailFinancialAccountTypeCtrl.js;3559598754;1;1436847534;|39020|313932
listTableFinancialAccountTypeCtrl.js;144514047;1;1436847534;|39021|313933
listTablePositionCtrl.js;581030203;4;1436847534;|38894|314162
listTableRatingCtrl.js;2348666665;2;1436847534;|38949|314163
listTableStrategyGroupCtrl.js;424610444;2;1436847534;|38878|314164
listTableTransactionEventCtrl.js;1311232889;2;1436847534;|38957|314165
NonStdEntityDetailControllerGenerator.cs;17864673;2;1436847534;|38880|314166
NonStdEntityDetailControllerGenerator.tt;3143817964;7;1436847534;|38877|314167
NonStdEntityListTableControllerGenerator.cs;17864673;2;1436847534;|38872|314168
NonStdEntityListTableControllerGenerator.tt;4117593945;7;1436847534;|38874|314169
NonStdEntitySaveControllerGenerator.tt;1080070552;7;1436847534;|38875|314170
saveFinancialAccountTypeCtrl.js;1052235999;1;1436847534;|39022|313934
mainCtrl.js;4248836562;3;1471231016;|41717|354006
fundXPortfolioCtrl.js;3419828331;4;1473996522;|39255|355577
testDatePickerCtrl.js;3429168521;1;1475465802;|41780|356644
