SCMBranch=USR-717
SCMRepository=User Interface/Task Time Tracker/Web/Shared/Admin/DatabaseChangeLog
SCMMainlineUUID={6a359bb0-6131-417f-b48a-3113b3a22182}
SCMBranchRepositoryID=17447
Details.aspx.cs;2210782068;1;1394430859;|11582|149501
Default.aspx;1918902527;3;1408639045;|11584|232604
Default.aspx.designer.cs;3858799471;2;1410146580;|11583|238733
Details.aspx.designer.cs;864031037;2;1410146580;|11581|242562
Details.aspx;2140635567;7;1419542792;|11585|290856
Default.aspx.cs;2455382205;4;1428381778;|11586|300263
Report.aspx;382008855;9;1448427605;|35619|337293
Report.aspx.designer.cs;286715932;7;1448427605;|35620|337295
Report.aspx.cs;719671342;12;1469426662;|35621|353431
