SCMBranch=USR-717
SCMRepository=User Interface/Task Time Tracker/Web/Shared/Configuration/ApplicationMode
SCMMainlineUUID={6a359bb0-6131-417f-b48a-3113b3a22182}
SCMBranchRepositoryID=12574
Clone.aspx.cs;4188988555;7;1394430874;|7892|109553
Export.aspx;2156039664;2;1394430875;|7887|119001
Export.aspx.designer.cs;1271762795;2;1394430875;|7899|155228
Insert.aspx.cs;1112523730;8;1394430875;|7883|109552
Settings.aspx.designer.cs;1016182767;2;1394430875;|7880|156395
Settings.aspx;958060744;4;1401678841;|7890|201755
InlineUpdate.aspx.cs;1443036248;11;1409070502;|7897|237495
Clone.aspx;1935206500;6;1410146595;|7877|250703
Clone.aspx.designer.cs;1963198538;3;1410146595;|7893|250704
CommonUpdate.aspx;3097650528;6;1410146595;|7878|250705
CommonUpdate.aspx.cs;2577606195;17;1410146595;|7894|250706
CommonUpdate.aspx.designer.cs;2794296465;4;1410146595;|7895|250707
Default.aspx;3275976701;9;1410146595;|7884|250709
Default.aspx.cs;2717919656;18;1410146595;|7904|250710
Default.aspx.designer.cs;3709385757;5;1410146595;|7905|250711
Delete.aspx;841946003;6;1410146595;|7885|250712
Delete.aspx.designer.cs;836474574;3;1410146595;|7903|250713
Details.aspx.cs;163118283;20;1410146595;|7902|250715
Details.aspx.designer.cs;3355480673;4;1410146595;|7901|250716
Export.aspx.cs;3284465262;10;1410146595;|7900|250717
InlineUpdate.aspx;2057131006;5;1410146595;|7888|250718
InlineUpdate.aspx.designer.cs;1920552223;3;1410146595;|7896|250719
Insert.aspx;4075355425;5;1410146595;|7889|250720
Insert.aspx.designer.cs;2539607884;3;1410146595;|7882|250721
Settings.aspx.cs;4079820598;2;1410146595;|7881|250722
Update.aspx;2504016486;5;1410146595;|7891|250723
Update.aspx.cs;1802094781;21;1410146595;|7879|250724
Update.aspx.designer.cs;1582749885;3;1410146595;|7898|250725
Details.aspx;3501515146;6;1413830697;|7886|250714
Delete.aspx.cs;345744002;14;1414437912;|7906|273829
