SCMBranch=USR-717
SCMRepository=User Interface/Task Time Tracker/Web/app/BM/ReferenceData/views/Gen/Detail
SCMMainlineUUID={6a359bb0-6131-417f-b48a-3113b3a22182}
SCMBranchRepositoryID=35837
detailCalendar.html;3279135334;1;1439960240;|40432|326439
detailContinent.html;2684700138;1;1439960240;|40434|326441
detailCountry.html;4211858378;1;1439960240;|40435|326442
detailCurrency.html;2410509493;1;1439960240;|40436|326443
detailGeographicRegion.html;3976778114;1;1439960240;|40437|326444
detailHelpLine.html;1999242098;1;1439960240;|40438|326445
detailHoliday.html;2952014736;1;1439960240;|40439|326446
detailMall.html;1717602235;1;1439960240;|40440|326447
detailMonument.html;1763045656;1;1439960240;|40441|326448
detailPersonSuffix.html;1704201259;1;1439960240;|40442|326449
detailRaceType.html;1493762107;1;1439960240;|40443|326450
detailReligion.html;707074241;1;1439960240;|40445|326452
detailSexType.html;2794980223;1;1439960240;|40446|326453
detailRegion.html;2684868553;2;1440477227;|40444|327340
detailEthnicity.html;893073762;1;1440591191;|40580|4294967295
detailAirport.html;3202989909;2;1440993231;|40431|328675
detailCity.html;1289453313;2;1440993231;|40433|328676
detailState.html;3654603972;2;1440993231;|40447|328677
detailTrainStation.html;3854199280;2;1440993231;|40429|328678
detailAddress.html;405012121;1;1440748452;|40608|4294967295
DetailViewGenerator.cs;1566315191;1;1440748460;|40448|326455
detailProvince.html;2445567673;1;1441976897;|40670|329868
detailProvinceType.html;2097505395;1;1441976897;|40669|329867
detailGender.html;1750440235;1;1442202271;|40696|330218
detailTimeZone.html;2956304148;2;1462249284;|40430|347042
detailLayerName.html;3878503404;1;1462765963;|41663|347447
detailTaskName.html;2943812991;1;1462765963;|41655|347420
DetailViewGenerator.tt;2958174779;13;1463663225;|40428|347957
