SCMBranch=USR-717
SCMRepository=User Interface/Task Time Tracker/Web/MS/TasksAndWorkflow/TaskEntityType/Controls
SCMMainlineUUID={6a359bb0-6131-417f-b48a-3113b3a22182}
SCMBranchRepositoryID=30828
Details.ascx;853605533;1;1418613676;|33940|286518
Details.ascx.cs;3362644920;1;1418613676;|33939|286517
Details.ascx.designer.cs;3564225251;1;1418613676;|33938|286516
Generic.ascx;1839378109;1;1418613676;|33941|286519
Generic.ascx.designer.cs;3602621205;1;1418613676;|33936|286514
List.ascx;3059021247;1;1418613676;|33942|286520
List.ascx.cs;4286741945;1;1418613676;|33935|286513
List.ascx.designer.cs;4111007;1;1418613676;|33934|286512
SearchFilter.ascx.cs;3405956989;1;1418613676;|33945|286523
SearchFilter.ascx.designer.cs;1974744730;1;1418613677;|33933|286511
Validation.xml;3096133376;1;1418613677;|33944|286522
SearchFilter.ascx;1964912279;2;1422882971;|33943|295762
Generic.ascx.cs;1551123047;3;1469426650;|33937|352138
