SCMBranch=USR-717
SCMRepository=User Interface/Task Time Tracker/Web/Shared/Admin/SystemIntegrity/SuperKey
SCMMainlineUUID={6a359bb0-6131-417f-b48a-3113b3a22182}
SCMBranchRepositoryID=5521
Export.aspx;467935139;3;1394430863;|1372|170639
Export.aspx.designer.cs;1525188270;2;1394430863;|1376|154635
Clone.aspx.cs;3075303493;9;1408591358;|1367|227624
Default.aspx.cs;3095506314;16;1408591358;|1382|229472
Insert.aspx.cs;1182115631;12;1408591358;|1377|227629
Default.aspx;2590389101;7;1408639047;|1380|232514
Clone.aspx;570053986;6;1410146582;|1370|241450
Clone.aspx.designer.cs;3153173567;3;1410146582;|1368|241451
Default.aspx.designer.cs;3766238860;4;1410146582;|1383|238645
Delete.aspx;3612480838;7;1410146582;|1364|241452
Delete.aspx.designer.cs;3008322633;3;1410146582;|1381|241453
Details.aspx.cs;207680881;13;1410146582;|1366|248656
Details.aspx.designer.cs;1651776171;3;1410146582;|1375|241455
Export.aspx.cs;1104260193;10;1410146582;|1369|245670
Insert.aspx;2906774633;6;1410146582;|1373|241456
Insert.aspx.designer.cs;436067671;3;1410146582;|1378|241457
Update.aspx.cs;3011715938;17;1410146582;|1379|248657
Update.aspx.designer.cs;1304264345;3;1410146582;|1365|241459
Delete.aspx.cs;2358723002;18;1414376793;|1384|273335
Details.aspx;2009172728;8;1419542792;|1371|290584
Update.aspx;739570590;7;1419542792;|1374|290585
