SCMBranch=USR-717
SCMRepository=User Interface/Task Time Tracker/Web/MA/ApplicationDevelopment/FeatureOwnerStatus
SCMMainlineUUID={6a359bb0-6131-417f-b48a-3113b3a22182}
SCMBranchRepositoryID=30747
Clone.aspx.cs;1080852967;1;1418613666;|32489|285067
Clone.aspx.designer.cs;848439633;1;1418613666;|32477|285055
Delete.aspx.cs;3180980233;1;1418613666;|32486|285064
Delete.aspx.designer.cs;841376926;1;1418613666;|32485|285063
Details.aspx.cs;3138751045;1;1418613666;|32484|285062
Details.aspx.designer.cs;1389895372;1;1418613666;|32483|285061
Export.aspx;379972283;1;1418613666;|32471|285049
Export.aspx.cs;2313796579;1;1418613666;|32482|285060
Export.aspx.designer.cs;1548762494;1;1418613666;|32481|285059
InlineUpdate.aspx;640116029;1;1418613666;|32472|285050
InlineUpdate.aspx.designer.cs;1065491786;1;1418613666;|32476|285054
Insert.aspx.cs;3001394359;1;1418613666;|32467|285045
Insert.aspx.designer.cs;3406246475;1;1418613666;|32466|285044
Settings.aspx;3131107373;1;1418613666;|32474|285052
Settings.aspx.designer.cs;1184550493;1;1418613666;|32488|285066
Update.aspx.cs;2498864595;1;1418613666;|32463|285041
Clone.aspx;3099731669;3;1418752887;|32461|288962
Delete.aspx;1311673509;3;1418752887;|32469|288964
Insert.aspx;601939913;3;1418752887;|32473|288965
Details.aspx;1694079152;2;1419542781;|32470|290775
Update.aspx;3524905085;5;1428633518;|32475|299850
Update.aspx.designer.cs;3584197140;2;1428633518;|32464|299851
CommonUpdate.aspx;2963005712;2;1462161184;|32462|345932
CommonUpdate.aspx.cs;1780681662;2;1462161184;|32478|345933
CommonUpdate.aspx.designer.cs;1043614391;2;1462161184;|32479|345934
Default.aspx;3583245266;4;1462161185;|32468|345935
Default.aspx.cs;3704605952;2;1462161185;|32490|345936
Default.aspx.designer.cs;3340851347;2;1462161185;|32487|345937
UI_Pages.cs;1309701801;1;1462161185;|41486|345890
UI_Pages.tt;3659984817;1;1462161185;|41485|345889
InlineUpdate.aspx.cs;3670419615;2;1464933966;|32480|349575
Settings.aspx.cs;3848064876;3;1465193331;|32465|349955
