SCMBranch=USR-717
SCMRepository=User Interface/Task Time Tracker/Web/Prototype/Kendo/web/menu
SCMMainlineUUID={6a359bb0-6131-417f-b48a-3113b3a22182}
SCMBranchRepositoryID=19189
animation.html;1529867560;3;1406516550;|14196|221391
api.html;381808767;3;1406516550;|14197|221392
direction.html;1173175969;3;1406516550;|14198|221393
events.html;3403878584;3;1406516550;|14193|221394
images.html;2319957567;3;1406516550;|14192|221395
index.html;1226336653;3;1406516550;|14191|221396
mvvm.html;3912614913;3;1406516550;|14190|221397
navigation.html;477639529;3;1406516550;|14189|221398
orientation.html;3258020261;3;1406516550;|14195|221399
rtl.html;2325665089;3;1406516550;|14194|221400
