SCMBranch=USR-717
SCMRepository=User Interface/Task Time Tracker/Web/Content/themes/base
SCMMainlineUUID={6a359bb0-6131-417f-b48a-3113b3a22182}
SCMBranchRepositoryID=16158
jquery-ui.css;1702739904;2;1394430785;|11418|166747
jquery.ui.accordion.css;2997477447;2;1394430785;|11417|166748
jquery.ui.all.css;85878697;2;1394430785;|11416|166749
jquery.ui.autocomplete.css;2081072560;2;1394430785;|11415|166750
jquery.ui.base.css;1882432702;2;1394430785;|11414|166751
jquery.ui.button.css;1057386432;2;1394430785;|11413|166752
jquery.ui.core.css;829998788;2;1394430785;|11412|166753
jquery.ui.datepicker.css;921768302;2;1394430785;|11419|166754
jquery.ui.dialog.css;368934971;2;1394430785;|11406|166755
jquery.ui.menu.css;2288458034;2;1394430785;|11411|166756
jquery.ui.progressbar.css;2325558344;2;1394430785;|11410|166757
jquery.ui.resizable.css;469256185;2;1394430785;|11409|166758
jquery.ui.selectable.css;3609766529;2;1394430785;|11408|166759
jquery.ui.slider.css;4184776409;2;1394430785;|11407|166760
jquery.ui.spinner.css;2217627093;2;1394430785;|11402|166761
jquery.ui.tabs.css;1804784112;2;1394430785;|11403|166762
jquery.ui.theme.css;4206323988;2;1394430785;|11404|166763
jquery.ui.tooltip.css;2073421257;2;1394430786;|11405|166764
accordion.css;3349628907;2;1420426975;|20902|292536
all.css;1862788953;2;1420426975;|20903|292537
autocomplete.css;940329878;2;1420426975;|20904|292538
base.css;2173051522;2;1420426975;|20905|292539
button.css;913267009;2;1420426975;|20906|292540
core.css;52078012;2;1420426975;|20907|292541
datepicker.css;3114853852;2;1420426975;|20910|292542
dialog.css;2651764611;2;1420426975;|20912|292543
draggable.css;1112442901;2;1420426975;|20911|292544
menu.css;468336534;2;1420426975;|20896|292545
progressbar.css;3516627849;2;1420426975;|20895|292546
resizable.css;2743448260;2;1420426975;|20894|292547
selectable.css;1611315807;2;1420426975;|20893|292548
selectmenu.css;2579919382;2;1420426975;|20897|292549
slider.css;3740109232;2;1420426975;|20898|292550
sortable.css;1433081743;2;1420426975;|20908|292551
spinner.css;3985931800;2;1420426975;|20909|292552
tabs.css;1069824652;2;1420426975;|20901|292553
theme.css;2517582374;2;1420426975;|20900|292554
tooltip.css;4166621899;2;1420426975;|20899|292555
