SCMBranch=USR-717
SCMRepository=User Interface/Task Time Tracker/Web/Prototype/Kendo/web/grid
SCMMainlineUUID={6a359bb0-6131-417f-b48a-3113b3a22182}
SCMBranchRepositoryID=19187
aggregates.html;3929532310;3;1406516549;|14178|221354
api.html;1190833467;3;1406516549;|14177|221355
column-menu.html;2967949308;3;1406516549;|14176|221356
column-reordering.html;1286288198;3;1406516549;|14175|221357
column-resizing.html;4032204110;3;1406516549;|14181|221358
custom-command.html;1523227766;3;1406516549;|14174|221359
detailtemplate.html;124619564;3;1406516549;|14173|221360
editing-custom-validation.html;570298323;3;1406516549;|14172|221361
editing-custom.html;3663655349;3;1406516549;|14171|221362
editing-inline.html;490384645;3;1406516549;|14179|221363
editing-popup.html;3441767207;3;1406516549;|14180|221364
editing.html;3643797273;3;1406516549;|14152|221365
events.html;3320304672;3;1406516549;|14153|221366
everlive.html;344206214;3;1406516549;|14154|221367
filter-menu-customization.html;3671452261;3;1406516549;|14155|221368
foreignkeycolumn.html;3557937351;3;1406516549;|14156|221369
from-table.html;1413502760;3;1406516549;|14157|221370
hierarchy.html;162210482;3;1406516549;|14158|221371
index.html;2828779922;3;1406516549;|14159|221372
local-data.html;881498817;3;1406516549;|14160|221373
mvvm.html;2544059755;3;1406516549;|14161|221374
navigation.html;3228515637;3;1406516549;|14162|221375
remote-data.html;565179068;3;1406516549;|14163|221376
rowtemplate.html;1402718562;3;1406516549;|14164|221377
rtl.html;1351548203;3;1406516549;|14165|221378
selection.html;3519538504;3;1406516549;|14166|221379
sorting.html;4103914958;3;1406516549;|14167|221380
toolbar-template.html;3069217083;3;1406516549;|14168|221381
virtualization-local-data.html;3453567144;3;1406516549;|14169|221382
virtualization-remote-data.html;2240654912;3;1406516549;|14170|221383
