SCMBranch=USR-717
SCMRepository=User Interface/Task Time Tracker/Web/Configuration/MenuCategory
SCMMainlineUUID={6a359bb0-6131-417f-b48a-3113b3a22182}
SCMBranchRepositoryID=29126
Clone.aspx.cs;1934287424;1;1417403879;|28199|278783
Clone.aspx.designer.cs;206968971;1;1417403879;|28172|278756
Delete.aspx.designer.cs;955659248;1;1417403879;|28186|278770
Details.aspx.cs;1730671871;1;1417403879;|28187|278771
Details.aspx.designer.cs;414730283;1;1417403879;|28188|278772
Export.aspx;2400150222;1;1417403879;|28180|278764
Export.aspx.cs;3411722656;1;1417403879;|28189|278773
Export.aspx.designer.cs;4091027273;1;1417403879;|28190|278774
InlineUpdate.aspx;732027255;1;1417403879;|28181|278765
InlineUpdate.aspx.designer.cs;1695650477;1;1417403879;|28192|278776
Insert.aspx.cs;1985415045;1;1417403879;|28193|278777
Insert.aspx.designer.cs;1876395544;1;1417403879;|28194|278778
Settings.aspx;4054398125;1;1417403879;|28183|278767
Settings.aspx.designer.cs;2368040345;1;1417403879;|28196|278780
Clone.aspx;343645634;2;1417540916;|28170|280288
Delete.aspx;1999203240;2;1417540916;|28178|280290
Insert.aspx;338537593;2;1417540916;|28182|280291
Settings.aspx.cs;2664302379;2;1417540916;|28195|280292
Details.aspx;3748205807;2;1419542777;|28179|290740
Delete.aspx.cs;3732994347;1;1423066782;|28185|278769
Update.aspx.cs;976578196;2;1423064685;|28197|295996
Update.aspx;57093609;4;1428633516;|28184|299909
Update.aspx.designer.cs;3252428166;2;1428633516;|28198|299798
CommonUpdate.aspx;1479408518;2;1462161178;|28171|346268
CommonUpdate.aspx.cs;3319712008;2;1462161178;|28173|346269
CommonUpdate.aspx.designer.cs;565338810;2;1462161178;|28174|346270
Default.aspx;763234867;3;1462161178;|28177|346271
Default.aspx.cs;370538263;3;1462161178;|28175|346978
Default.aspx.designer.cs;1835240465;2;1462161178;|28176|346273
UI_Pages.cs;1309701801;1;1462161178;|41545|346196
UI_Pages.tt;1928290103;1;1462161178;|41544|346203
InlineUpdate.aspx.cs;1039419931;2;1464838855;|28191|349179
