SCMBranch=USR-717
SCMRepository=User Interface/Task Time Tracker/Web/Configuration/UserPreferenceCategory/Controls
SCMMainlineUUID={6a359bb0-6131-417f-b48a-3113b3a22182}
SCMBranchRepositoryID=29150
Details.ascx.cs;1111944084;1;1417403882;|28646|279230
List.ascx.cs;2269454353;1;1417403882;|28642|279226
List.ascx.designer.cs;4036860291;1;1417403882;|28641|279225
SearchFilter.ascx;4226649131;1;1417403882;|28637|279221
SearchFilter.ascx.cs;216058271;1;1417403882;|28635|279219
SearchFilter.ascx.designer.cs;3470961822;1;1417403882;|28634|279218
Validation.xml;3635689946;1;1417403882;|28636|279220
List.ascx;1983124514;2;1417540917;|28638|280357
Details.ascx;2506868909;2;1428633516;|28640|299836
Details.ascx.designer.cs;294019112;2;1428633516;|28645|299837
Generic.ascx;2381137409;2;1428633516;|28639|299838
Generic.ascx.designer.cs;2163614691;2;1428633516;|28643|299839
Generic.ascx.cs;3608172764;3;1469426631;|28644|352078
