SCMBranch=USR-717
SCMRepository=User Interface/Task Time Tracker/Web/MS/EventMonitoring/ApplicationMonitoredEventSource/Controls
SCMMainlineUUID={6a359bb0-6131-417f-b48a-3113b3a22182}
SCMBranchRepositoryID=30811
Details.ascx;1862249414;1;1418613674;|33630|286208
Details.ascx.cs;757302910;1;1418613674;|33637|286215
Details.ascx.designer.cs;3978411749;1;1418613674;|33636|286214
Generic.ascx;2801237983;1;1418613674;|33629|286207
Generic.ascx.designer.cs;4042820432;1;1418613674;|33634|286212
List.ascx;4234636218;1;1418613674;|33628|286206
List.ascx.cs;1680688718;1;1418613674;|33633|286211
List.ascx.designer.cs;324630105;1;1418613674;|33632|286210
SearchFilter.ascx;129770278;1;1418613675;|33627|286205
SearchFilter.ascx.cs;804006760;1;1418613675;|33631|286209
SearchFilter.ascx.designer.cs;1198767948;1;1418613675;|33638|286216
Validation.xml;3636875124;1;1418613675;|33626|286204
Generic.ascx.cs;1565013494;2;1469426650;|33635|352129
