SCMBranch=USR-717
SCMRepository=User Interface/Task Time Tracker/Web/Shared/Configuration/FieldConfigurationModeXApplicationRole/Controls
SCMMainlineUUID={6a359bb0-6131-417f-b48a-3113b3a22182}
SCMBranchRepositoryID=14731
Details.ascx;1088340550;1;1394430879;|10430|134098
Details.ascx.cs;3182723703;1;1394430879;|10429|134097
Details.ascx.designer.cs;1993088694;1;1394430879;|10428|134096
Generic.ascx;870215511;1;1394430879;|10431|134099
Generic.ascx.cs;1064316146;1;1394430879;|10435|134103
Generic.ascx.designer.cs;2202784004;1;1394430879;|10427|134095
List.ascx;2362784152;1;1394430879;|10432|134100
List.ascx.cs;3165230732;1;1394430879;|10426|134094
List.ascx.designer.cs;4029300692;1;1394430879;|10425|134093
SearchFilter.ascx;1112828342;1;1394430879;|10433|134101
SearchFilter.ascx.cs;620840718;1;1394430879;|10424|134092
SearchFilter.ascx.designer.cs;1314654480;1;1394430879;|10423|134091
Validation.xml;3386814017;1;1394430879;|10434|134102
