SCMBranch=USR-717
SCMRepository=User Interface/Task Time Tracker/Web/app/BM/DayCare/views/Gen/Save
SCMMainlineUUID={6a359bb0-6131-417f-b48a-3113b3a22182}
SCMBranchRepositoryID=35733
WorkSchedules.cs;1566315191;1;1439350565;|40127|324838
ReferenceData.cs;1285525959;1;1439869195;|40329|325893
saveCourse.html;816786424;1;1439869248;|40332|325896
saveDepartment.html;3299572792;1;1439869248;|40333|325897
saveFoodType.html;213441837;1;1439869248;|40337|325901
saveSchedule.html;2997209629;4;1449804416;|40129|338444
Core.cs;1285525959;1;1450840111;|41082|339189
Core.tt;170008896;1;1450840111;|41081|339188
saveActivitySubType.html;2270530588;2;1450840111;|40330|339314
saveActivityType.html;3469105657;2;1450840111;|40331|339315
saveDiaperStatus.html;1054424812;2;1450840111;|40325|339316
saveDiscount.html;4245287509;2;1450840111;|40335|339317
saveEventType.html;667735180;2;1450840111;|40336|339318
saveMealType.html;2758303059;2;1450840111;|40334|339319
saveNeedItem.html;871572271;2;1450840111;|40327|339320
savePaymentMethod.html;4042507972;2;1450840111;|40326|339321
Enrollment.cs;1285525959;1;1451535729;|41121|339865
Enrollment.tt;538359410;1;1451535729;|41122|339866
VacationPlan.cs;1285525959;1;1454649028;|41165|341901
WorkSchedules.tt;3752237821;3;1454667562;|40128|341987
VacationPlan.tt;1408742677;2;1456372165;|41167|342599
Classes.cs;1285525959;1;1457064384;|41264|342894
saveClassInstance.html;3721127148;1;1457064384;|41262|342892
Classes.tt;1560978462;2;1457323678;|41263|342989
Enroll.cs;1285525959;1;1473219535;|41737|355073
Enroll.tt;3509340768;1;1473219535;|41735|355071
ReferenceData.tt;1039884580;4;1473219535;|40328|355271
saveAccidentPlace.html;406039023;2;1473219535;|41083|355272
saveAccidentReport.html;4225221705;2;1473219535;|41084|355273
saveBathRoom.html;577030366;2;1473219535;|41085|355274
saveComment.html;507668567;2;1473219535;|41086|355275
saveCourseInstance.html;0;2;1473219535;|41279|355276
saveMeal.html;2576715926;2;1473219535;|41087|355277
saveMealDetail.html;1146708928;2;1473219535;|41088|355278
saveRegistration.html;2784928439;4;1473219535;|40338|355279
saveScheduleDetail.html;3570350982;8;1473219535;|40124|355280
saveScheduleDetailActivityCategory.html;1501373727;5;1473219535;|40125|355281
saveScheduleState.html;3796726990;5;1473219535;|40126|355282
saveSickReport.html;1897083968;2;1473219535;|41089|355283
saveSleep.html;1014594004;2;1473219535;|41090|355284
saveStudent.html;2159832849;2;1473219535;|41091|355285
saveSubjectMatter.html;0;2;1473219535;|41280|355286
saveTeacher.html;104129854;2;1473219535;|41092|355287
saveTuition.html;3767801982;2;1473219535;|41093|355288
saveVacationPlan.html;958143986;4;1473219535;|41166|355289
Users.cs;1285525959;1;1473219535;|41738|355074
Users.tt;2794302083;1;1473219535;|41736|355072
