SCMBranch=USR-717
SCMRepository=User Interface/Task Time Tracker/Web/Areas/ReleaseNoteQualitative/Images
SCMMainlineUUID={6a359bb0-6131-417f-b48a-3113b3a22182}
SCMBranchRepositoryID=20047
accent.png;1733376189;1;1394430774;|16522|164506
aspNetHome.png;3051678642;1;1394430774;|16512|164496
bullet.png;1278388926;1;1394430774;|16504|164488
facebook.png;3507215184;1;1394430774;|16505|164489
findHosting.png;3133440353;1;1394430774;|16506|164490
heroAccent.png;3779317737;1;1394430774;|16507|164491
NuGetGallery.png;1127029626;1;1394430774;|16508|164492
orderedList0.png;4180464703;1;1394430774;|16509|164493
orderedList1.png;1064765992;1;1394430774;|16510|164494
orderedList2.png;3651132368;1;1394430774;|16511|164495
orderedList3.png;942056208;1;1394430774;|16521|164505
orderedList4.png;2398055589;1;1394430774;|16513|164497
orderedList5.png;486220613;1;1394430774;|16514|164498
orderedList6.png;2475604284;1;1394430774;|16515|164499
orderedList7.png;3320776947;1;1394430774;|16516|164500
orderedList8.png;1454142012;1;1394430774;|16517|164501
orderedList9.png;341986462;1;1394430774;|16518|164502
twitter.png;1669054850;1;1394430775;|16519|164503
windowsLive.png;4178158158;1;1394430775;|16520|164504
