SCMBranch=USR-717
SCMRepository=User Interface/Task Time Tracker/Web/APIV2/Controllers/CM
SCMMainlineUUID={6a359bb0-6131-417f-b48a-3113b3a22182}
SCMBranchRepositoryID=35037
Accounting.cs;2687308246;1;1433220971;|37708|306421
Calender.cs;1370159735;1;1433220971;|37724|306437
CreditInstrument.cs;2096696696;1;1433220971;|37729|306442
FundStructure.cs;546881451;1;1433220972;|38512|307231
OptionInstruments.cs;546881451;1;1433220972;|37683|306382
Parties.cs;2382188134;1;1433220972;|37765|306478
Prices.cs;2382188134;1;1433220972;|37775|306488
SwapInstruments.cs;2382188134;1;1433220972;|37782|306495
TWRPerformance.cs;1566315191;1;1433220972;|37787|306500
NonStdEntityControllerGenerator.cs;1034698998;1;1435056992;|38871|310774
Core.cs;546881451;3;1435570465;|38638|311505
FundXPortfolioController.cs;3719359890;2;1437622754;|39254|319886
Core.tt;3063804656;4;1437968806;|38639|321377
NonStdEntityControllerGenerator.tt;3407292744;5;1437968806;|38870|320290
FundXLegalEntityController.cs;1766362736;1;1438581000;|39937|321741
PortfolioXCustodianAccountController.cs;96282708;1;1438581000;|39936|321740
CrossReference.cs;2687042464;1;1438581000;|39938|321742
Special.cs;1007550927;1;1439350564;|40032|322993
Special.tt;2366763924;3;1439350564;|40031|323974
Calender.tt;116311629;3;1439523299;|37699|322788
CreditInstrument.tt;1548117373;3;1439523299;|37700|322798
FundStructure.tt;278626993;3;1439523299;|38511|322811
OptionInstruments.tt;1791623658;3;1439523299;|37680|322823
Prices.tt;2512350780;4;1439523299;|37705|322831
SwapInstruments.tt;1561803413;4;1439523300;|37706|322843
TWRPerformance.tt;1934904014;3;1439523300;|37707|322849
ManagementEntities.cs;546881451;1;1440743757;|40075|323812
ManagementEntities.tt;2350430354;3;1440743962;|40074|328373
CrossReference.tt;4067850554;2;1440993231;|39939|328616
PriceScheduleXPriceListController.cs;3046687556;1;1440993231;|40599|328605
SecurityXIdentifierController.cs;4216675102;1;1442202182;|40683|330190
MSPA.cs;1034698998;1;1444395338;|40874|332471
Accounting.tt;409645030;9;1446003173;|37698|333117
TradeOrder.cs;42954251;1;1446809491;|40702|330515
Commission.cs;1034698998;1;1447740845;|40804|332182
Commission.tt;1140609466;3;1447740845;|40806|332355
TradeOrder.tt;4030039545;11;1448251997;|40703|336327
MSPA.tt;3963599534;4;1448427605;|40876|337282
Investments.cs;42954251;2;1451535498;|37744|340018
Parties.tt;3655692883;9;1452598533;|37704|340828
AccountingCalenderController.cs;1227799497;3;1469426451;|37722|351732
AllocationGroupController.cs;434113474;3;1469426451;|37730|351739
AnnotationsController.cs;3455843040;3;1469426451;|37769|351742
AssetBackedController.cs;2507459638;5;1469426451;|37736|351743
BondController.cs;14913304;5;1469426451;|37737|351746
BusinessCalenderController.cs;3235891575;3;1469426451;|37723|351750
BusinessUnitController.cs;3971418828;3;1469426451;|39258|351751
CashController.cs;1800898839;5;1469426451;|37738|351752
ClassController.cs;2015699116;3;1469426451;|37731|351754
CreditContractController.cs;2239425388;3;1469426451;|37726|351760
CreditDealController.cs;1683285533;3;1469426451;|37727|351761
CreditDefaultSwapController.cs;2842622702;3;1469426451;|37779|351762
CreditDefaultSwapIndexController.cs;3478307784;3;1469426451;|37780|351763
CreditFacilityController.cs;3978133277;3;1469426451;|37728|351764
EquityController.cs;2511748195;5;1469426451;|37739|351768
FinancingController.cs;2753402016;3;1469426451;|37781|351772
FiscalCalenderController.cs;3259800271;3;1469426451;|37725|351773
ForwardCashController.cs;2742841501;5;1469426451;|37740|351774
ForwardFXContractController.cs;2061405719;5;1469426451;|37741|351775
FundPricesController.cs;1646279860;3;1469426451;|37770|351778
FutureController.cs;3906200059;5;1469426451;|37743|351779
IndustryController.cs;3480260142;3;1469426451;|39230|351780
InvestingFeederController.cs;3581042077;3;1469426451;|37733|351782
InvestmentPricesController.cs;3185020669;3;1469426451;|37771|351783
InvestmentThemeController.cs;4018802248;3;1469426451;|39228|351784
MediumOfExchangeController.cs;2209118526;5;1469426451;|37745|351792
OptionController.cs;464702362;3;1469426451;|37682|351796
PerformanceKeyController.cs;2251928475;3;1469426451;|37784|351804
PerformanceParametersController.cs;3128241217;3;1469426451;|37785|351805
PositionController.cs;3752424145;4;1469426451;|38938|351809
PriceListController.cs;1781062901;3;1469426451;|37772|351810
PriceMarketController.cs;1504936610;3;1469426451;|37773|351811
PriceProviderController.cs;921624704;3;1469426451;|37774|351812
PriceScheduleController.cs;3029225373;3;1469426451;|37776|351813
PriceSourceController.cs;566043620;3;1469426451;|37777|351814
PriceTypeController.cs;1546241225;3;1469426451;|37778|351815
RatingController.cs;447613602;4;1469426451;|38947|351816
RightController.cs;1371311273;3;1469426451;|37684|351819
SectorController.cs;2589779761;5;1469426451;|38940|351820
SecurityXExternalMarketDataIdentifierController.cs;1323649119;3;1469426451;|40638|351825
SecurityXInvestmentIdentifierController.cs;2788646815;3;1469426451;|40757|351826
SecurityXOtherController.cs;3761389684;3;1469426451;|40617|351827
SecurityXPartyController.cs;2811305841;3;1469426451;|40653|351828
SecurityXSettlementDayController.cs;2231755464;3;1469426451;|40646|351829
SeriesController.cs;2411062082;3;1469426451;|37734|351830
STIFController.cs;3078308073;5;1469426451;|37746|351831
StrategyGroupController.cs;3260565616;4;1469426451;|38869|351833
SubBusinessUnitController.cs;3787450088;3;1469426451;|39259|351834
SubClassController.cs;534456201;3;1469426451;|37735|351835
SubIndustryController.cs;4109560460;3;1469426451;|39229|351836
SwapInvestmentController.cs;3742015164;3;1469426451;|37783|351837
TransactionEventController.cs;2990650937;4;1469426452;|38963|351842
TransactionTypeController.cs;2951546497;2;1469426452;|37697|351843
TWRBatchProcessingController.cs;3523875243;3;1469426452;|37786|351844
TWRSetController.cs;3334878278;3;1469426452;|37788|351845
TxInvestmentController.cs;2198508686;3;1469426452;|40591|351846
TxOtherController.cs;1835174912;3;1469426452;|40592|351847
TxSettlementInfoController.cs;1059119281;3;1469426452;|40593|351848
TxTradeAndSettleDatesController.cs;257075710;6;1469426452;|40594|351849
TxTradeFiguresController.cs;1285689564;3;1469426452;|40595|351850
TxTradeInfoController.cs;192660302;3;1469426452;|40596|351851
AccountAdministratorController.cs;1338580864;6;1471951986;|37756|354419
AccountExcecutiveController.cs;256827411;6;1471951986;|37757|354420
AccountingParametersController.cs;2615168901;5;1471951986;|37709|354421
AccountingViewController.cs;1309780895;5;1471951986;|37710|354422
AccountSpecificTypeController.cs;2243616059;5;1471951986;|37711|354423
AccountSubTypeController.cs;2296724599;5;1471951986;|37712|354424
AdjustmentCategoryController.cs;3210286939;4;1471951986;|40520|354425
AgentBankController.cs;1046261248;6;1471951986;|37758|354426
AmortizationController.cs;1673698388;5;1471951986;|37713|354427
AnalystController.cs;3668000205;6;1471951986;|37759|354428
AssetTypeController.cs;1691604618;5;1471951986;|37747|354429
AutomatedFreezepointController.cs;1292993597;5;1471951986;|37714|354430
BrokerController.cs;1972902820;5;1471951986;|37748|354431
BrokerGroupController.cs;631123668;5;1471951986;|40022|354432
BrokerTypeController.cs;2089325436;5;1471951986;|40021|354433
ChartOfAccountsController.cs;1071609900;5;1471951986;|37715|354434
CommissionCodeController.cs;808988043;3;1471951986;|40805|354435
CommissionRateController.cs;3985671162;3;1471951986;|40830|354436
CommissionSplitController.cs;3752702273;3;1471951986;|40848|354437
CommissionTypeController.cs;3048321602;3;1471951986;|40839|354438
CompanyDealTypeController.cs;477532581;6;1471951986;|38911|354439
CustodianAccountController.cs;3186921195;5;1471951986;|37760|354440
CustodianController.cs;3308984998;5;1471951986;|37749|354441
DeliveryAgentController.cs;2800670196;6;1471951986;|37761|354442
ExchangeController.cs;1940494415;6;1471951986;|37762|354443
FinancialAccountClassController.cs;2914269356;6;1471951986;|38972|354444
FinancialAccountTypeController.cs;1998491118;5;1471951986;|38971|354445
FreezePointsController.cs;770575015;5;1471951986;|37716|354446
FundController.cs;268415970;6;1471951986;|37742|354447
InventoryStateController.cs;2265008850;5;1471951986;|37717|354448
InvestmentTypeController.cs;601430086;5;1471951986;|37750|354449
IssuerController.cs;3492215901;6;1471951987;|37763|354450
LegalEntityController.cs;1417281347;5;1471951987;|37751|354451
LockdownPoolsController.cs;1108949859;5;1471951987;|37718|354452
ManagementFirmController.cs;4294032083;6;1471951987;|37752|354453
ManagerController.cs;2670519282;4;1471951987;|37764|354454
MarketCapitalizationCategoryController.cs;2422471615;3;1471951987;|40701|354455
MSPAFileController.cs;2672701184;3;1471951987;|40875|354456
MSPAFileEventController.cs;1059456161;3;1471951987;|40899|354457
MSPAFileEventTypeController.cs;2856268453;3;1471951987;|40973|354458
OrderActionController.cs;2150404705;3;1471951987;|40731|354459
OrderItemController.cs;2124810080;5;1471951987;|40796|354460
OrderRequestController.cs;863394259;3;1471951987;|40746|354461
OrderStatusController.cs;1012121218;3;1471951987;|40787|354462
OrderStatusGroupController.cs;249961609;3;1471951987;|40765|354463
OrderStatusTypeController.cs;1276079454;3;1471951987;|40774|354464
OrderTypeController.cs;3815537749;3;1471951987;|40748|354465
PortfolioController.cs;4220767449;5;1471951987;|37754|354466
PortfolioGroupRulesController.cs;1569809091;6;1471951987;|37766|354467
PortfolioTypeController.cs;2323119084;5;1471951987;|38907|354468
RatingServicesController.cs;611215050;6;1471951987;|37767|354469
RecordTypeController.cs;768552042;3;1471951987;|40590|354470
SecurityClassController.cs;915310327;5;1471951987;|38919|354635
SecurityController.cs;1630004153;5;1471951987;|40047|354472
SecurityTypeController.cs;2855520328;5;1471951987;|40048|354473
SecurityTypeGroupController.cs;2987182940;5;1471951987;|40049|354474
StrategyController.cs;2926074844;5;1471951987;|37755|354475
TaxAccountTypeController.cs;3214846435;5;1471951987;|37719|354476
TaxStatusController.cs;1845941988;5;1471951987;|37720|354477
TraderController.cs;352598743;6;1471951987;|37768|354478
TradingEventTypeController.cs;2075076014;3;1471951987;|40963|354479
WithholdingTaxTypeController.cs;914436107;5;1471951987;|37721|354480
Investments.tt;1316628634;13;1491882994;|37702|357403
TransactionEventBuyController.cs;0;1;1491882994;|41796|357475
TransactionEventCoverShortController.cs;0;1;1491882994;|41806|357476
TransactionEventSellController.cs;0;1;1491882994;|41797|357477
TransactionEventSellShortController.cs;0;1;1491882994;|41798|357478
