SCMBranch=USR-717
SCMRepository=User Interface/Task Time Tracker/Web/Shared/Controls/List
SCMMainlineUUID={6a359bb0-6131-417f-b48a-3113b3a22182}
SCMBranchRepositoryID=14496
ListHelperAlignment.cs;1934075857;2;1402972150;|10107|204211
ListHelperSort.cs;4157026475;2;1402972150;|10106|204212
List.Font.cs;2404195147;7;1405306528;|10101|212322
List.MainGridView.EventHandlers.cs;3164530491;13;1425920276;|10102|297545
List.ascx.designer.cs;3608716402;9;1425960604;|10097|297883
List.ascx;4170748376;31;1425963317;|10099|297892
List.ActionButton.cs;976878957;6;1454667562;|10098|341999
List.ascx.cs;475719322;59;1469426695;|10096|353449
List.Properties.cs;178637037;14;1469426695;|10103|352205
List.FieldConfiguration.cs;3210622805;27;1493092300;|10100|358324
ListHelper.cs;2992997547;8;1494585818;|10105|317362
List.Setup.cs;4227550202;11;1496634973;|10104|358988
