SCMBranch=USR-717
SCMRepository=User Interface/Task Time Tracker/Web/Shared/TasksAndWorkflow/TaskSchedule
SCMMainlineUUID={6a359bb0-6131-417f-b48a-3113b3a22182}
SCMBranchRepositoryID=29210
Clone.aspx;2898118637;1;1417403915;|27581|278147
Clone.aspx.cs;2164923665;1;1417403915;|27579|278145
Clone.aspx.designer.cs;3126685267;1;1417403915;|27578|278144
CommonUpdate.aspx;1472149779;1;1417403915;|27580|278146
CommonUpdate.aspx.cs;4038155132;1;1417403915;|27577|278143
CommonUpdate.aspx.designer.cs;3384255177;1;1417403915;|27576|278142
Default.aspx;2249057625;1;1417403915;|27574|278140
Default.aspx.cs;3407443755;1;1417403915;|27575|278141
Default.aspx.designer.cs;633226766;1;1417403915;|27573|278139
Delete.aspx;2572265503;1;1417403915;|27572|278138
Delete.aspx.cs;1501778883;1;1417403915;|27571|278137
Delete.aspx.designer.cs;3699865279;1;1417403915;|27562|278128
Details.aspx;3925937883;1;1417403915;|27560|278126
Details.aspx.cs;1217962110;1;1417403915;|27561|278127
Details.aspx.designer.cs;3923579846;1;1417403915;|27559|278125
Export.aspx;3854558835;1;1417403915;|27586|278152
Export.aspx.cs;3385260169;1;1417403915;|27558|278124
Export.aspx.designer.cs;2058991972;1;1417403915;|27557|278123
InlineUpdate.aspx;2689764446;1;1417403915;|27585|278151
InlineUpdate.aspx.cs;2868845620;1;1417403915;|27563|278129
InlineUpdate.aspx.designer.cs;35118438;1;1417403915;|27564|278130
Insert.aspx;2509656902;1;1417403915;|27584|278150
Insert.aspx.cs;3621017294;1;1417403915;|27565|278131
Insert.aspx.designer.cs;2775204410;1;1417403915;|27566|278132
Settings.aspx;515223332;1;1417403915;|27583|278149
Settings.aspx.cs;4252270613;1;1417403915;|27567|278133
Settings.aspx.designer.cs;2109757475;1;1417403915;|27568|278134
Update.aspx;1676868465;1;1417403915;|27582|278148
Update.aspx.cs;3008323505;1;1417403915;|27569|278135
Update.aspx.designer.cs;151737690;1;1417403915;|27570|278136
