SCMBranch=USR-717
SCMRepository=User Interface/Task Time Tracker/Web/Scripts/Kendo/2014.1.318
SCMMainlineUUID={6a359bb0-6131-417f-b48a-3113b3a22182}
SCMBranchRepositoryID=26938
jquery.min.js;1005439900;1;1410146567;|20918|243749
jquery.min.map;2897594939;1;1410146567;|20919|243750
kendo.autocomplete.min.js;1470355661;1;1410146567;|20920|243751
kendo.autocomplete.min.js.map;1788569813;1;1410146567;|20921|243752
kendo.binder.min.js;105282343;1;1410146567;|20922|243753
kendo.binder.min.js.map;1710926175;1;1410146567;|20923|243754
kendo.button.min.js;254094864;1;1410146567;|20924|243755
kendo.button.min.js.map;1984532929;1;1410146567;|20925|243756
kendo.calendar.min.js;3242950814;1;1410146567;|20926|243757
kendo.calendar.min.js.map;71214626;1;1410146567;|20927|243758
kendo.colorpicker.min.js;4269679861;1;1410146567;|20928|243759
kendo.colorpicker.min.js.map;1188597911;1;1410146567;|20929|243760
kendo.columnmenu.min.js;3294243647;1;1410146567;|20930|243761
kendo.columnmenu.min.js.map;2635844546;1;1410146567;|20931|243762
kendo.combobox.min.js;1578623690;1;1410146567;|20932|243763
kendo.combobox.min.js.map;1959519886;1;1410146567;|20933|243764
kendo.core.min.js;1784041059;1;1410146567;|20934|243765
kendo.core.min.js.map;2614427274;1;1410146567;|20935|243766
kendo.data.min.js;3670651128;1;1410146567;|20936|243767
kendo.data.min.js.map;770605402;1;1410146567;|20937|243768
kendo.data.odata.min.js;3237973419;1;1410146567;|20938|243769
kendo.data.odata.min.js.map;1696370568;1;1410146567;|20939|243770
kendo.data.signalr.min.js;3894199379;1;1410146567;|20940|243771
kendo.data.signalr.min.js.map;3867070545;1;1410146567;|20941|243772
kendo.data.xml.min.js;1136802166;1;1410146567;|20942|243773
kendo.data.xml.min.js.map;2114431040;1;1410146567;|20943|243774
kendo.datepicker.min.js;306190081;1;1410146567;|20944|243775
kendo.datepicker.min.js.map;849675601;1;1410146567;|20945|243776
kendo.datetimepicker.min.js;1527913738;1;1410146567;|20946|243777
kendo.datetimepicker.min.js.map;4063320851;1;1410146567;|20947|243778
kendo.draganddrop.min.js;2735823982;1;1410146567;|20948|243779
kendo.draganddrop.min.js.map;976134749;1;1410146567;|20949|243780
kendo.dropdownlist.min.js;3091741547;1;1410146567;|20950|243781
kendo.dropdownlist.min.js.map;3795967754;1;1410146567;|20951|243782
kendo.editable.min.js;3225081459;1;1410146567;|20952|243783
kendo.editable.min.js.map;459050944;1;1410146567;|20953|243784
kendo.editor.min.js;3405061913;1;1410146567;|20954|243785
kendo.editor.min.js.map;508433034;1;1410146567;|20955|243786
kendo.filtermenu.min.js;2503822869;1;1410146567;|20956|243787
kendo.filtermenu.min.js.map;857459877;1;1410146567;|20957|243788
kendo.fx.min.js;3278328876;1;1410146567;|20958|243789
kendo.fx.min.js.map;2132468161;1;1410146567;|20959|243790
kendo.grid.min.js;2880449630;1;1410146567;|20960|243791
kendo.grid.min.js.map;3059886025;1;1410146567;|20961|243792
kendo.groupable.min.js;1768711988;1;1410146567;|20962|243793
kendo.groupable.min.js.map;2862582890;1;1410146567;|20963|243794
kendo.imagebrowser.min.js;4000006795;1;1410146567;|20964|243795
kendo.imagebrowser.min.js.map;3303076682;1;1410146568;|20965|243796
kendo.list.min.js;279836316;1;1410146568;|20966|243797
kendo.list.min.js.map;3844474705;1;1410146568;|20967|243798
kendo.listview.min.js;1607608193;1;1410146568;|20968|243799
kendo.listview.min.js.map;2900542760;1;1410146568;|20969|243800
kendo.maskedtextbox.min.js;3077265674;1;1410146568;|20970|243801
kendo.maskedtextbox.min.js.map;2510193325;1;1410146568;|20971|243802
kendo.menu.min.js;3792501196;1;1410146568;|20972|243803
kendo.menu.min.js.map;551851935;1;1410146568;|20973|243804
kendo.mobile.actionsheet.min.js;25076547;1;1410146568;|20974|243805
kendo.mobile.actionsheet.min.js.map;2383732507;1;1410146568;|20975|243806
kendo.mobile.application.min.js;3053891902;1;1410146568;|20976|243807
kendo.mobile.application.min.js.map;1293786912;1;1410146568;|20977|243808
kendo.mobile.loader.min.js;191249085;1;1410146568;|20978|243809
kendo.mobile.loader.min.js.map;604940434;1;1410146568;|20979|243810
kendo.mobile.pane.min.js;3562121208;1;1410146568;|20980|243811
kendo.mobile.pane.min.js.map;794356127;1;1410146568;|20981|243812
kendo.mobile.popover.min.js;2517621377;1;1410146568;|20982|243813
kendo.mobile.popover.min.js.map;581059807;1;1410146568;|20983|243814
kendo.mobile.scroller.min.js;4052066295;1;1410146568;|20984|243815
kendo.mobile.scroller.min.js.map;3557846406;1;1410146568;|20985|243816
kendo.mobile.shim.min.js;3362627238;1;1410146568;|20986|243817
kendo.mobile.shim.min.js.map;2875105070;1;1410146568;|20987|243818
kendo.mobile.view.min.js;1091938577;1;1410146568;|20988|243819
kendo.mobile.view.min.js.map;3632838571;1;1410146568;|21050|243881
kendo.multiselect.min.js;3604409559;1;1410146568;|21049|243880
kendo.multiselect.min.js.map;569848751;1;1410146568;|21048|243879
kendo.notification.min.js;1618386967;1;1410146568;|21047|243878
kendo.notification.min.js.map;1970207062;1;1410146568;|21046|243877
kendo.numerictextbox.min.js;1037807207;1;1410146568;|21045|243876
kendo.numerictextbox.min.js.map;2639750927;1;1410146568;|21044|243875
kendo.pager.min.js;343497568;1;1410146568;|21043|243874
kendo.pager.min.js.map;3451154429;1;1410146568;|21042|243873
kendo.panelbar.min.js;423798268;1;1410146568;|21041|243872
kendo.panelbar.min.js.map;1674496300;1;1410146568;|21040|243871
kendo.popup.min.js;957871581;1;1410146568;|21039|243870
kendo.popup.min.js.map;3449587472;1;1410146568;|21038|243869
kendo.progressbar.min.js;2727437631;1;1410146568;|21037|243868
kendo.progressbar.min.js.map;3015033722;1;1410146568;|21036|243867
kendo.reorderable.min.js;3779914198;1;1410146568;|21035|243866
kendo.reorderable.min.js.map;3242726727;1;1410146568;|21034|243865
kendo.resizable.min.js;2515936033;1;1410146568;|21033|243864
kendo.resizable.min.js.map;4018538600;1;1410146568;|21032|243863
kendo.router.min.js;2135530696;1;1410146568;|21031|243862
kendo.router.min.js.map;3486302072;1;1410146568;|21030|243861
kendo.scheduler.agendaview.min.js;1168709928;1;1410146568;|21029|243860
kendo.scheduler.agendaview.min.js.map;4184067771;1;1410146568;|21028|243859
kendo.scheduler.dayview.min.js;2465473706;1;1410146568;|21027|243858
kendo.scheduler.dayview.min.js.map;1751859006;1;1410146568;|21026|243857
kendo.scheduler.min.js;2856317775;1;1410146568;|21025|243856
kendo.scheduler.min.js.map;1334276699;1;1410146568;|21024|243855
kendo.scheduler.monthview.min.js;4282755147;1;1410146568;|21023|243854
kendo.scheduler.monthview.min.js.map;231632150;1;1410146568;|21022|243853
kendo.scheduler.recurrence.min.js;2001203200;1;1410146568;|21021|243852
kendo.scheduler.recurrence.min.js.map;1058961680;1;1410146568;|21020|243851
kendo.scheduler.view.min.js;4107111149;1;1410146568;|21019|243850
kendo.scheduler.view.min.js.map;2809581003;1;1410146568;|21018|243849
kendo.selectable.min.js;653968279;1;1410146568;|21017|243848
kendo.selectable.min.js.map;3721578457;1;1410146568;|21016|243847
kendo.slider.min.js;1132142184;1;1410146568;|21015|243846
kendo.slider.min.js.map;537468679;1;1410146568;|21014|243845
kendo.sortable.min.js;2380652223;1;1410146568;|21013|243844
kendo.sortable.min.js.map;2308643721;1;1410146569;|21012|243843
kendo.splitter.min.js;4037780564;1;1410146569;|21011|243842
kendo.splitter.min.js.map;344606552;1;1410146569;|21010|243841
kendo.tabstrip.min.js;452492455;1;1410146569;|21009|243840
kendo.tabstrip.min.js.map;1952617111;1;1410146569;|21008|243839
kendo.timepicker.min.js;3908287772;1;1410146569;|21007|243838
kendo.timepicker.min.js.map;1057166677;1;1410146569;|21006|243837
kendo.timezones.min.js;530169415;1;1410146569;|21005|243836
kendo.tooltip.min.js;3287475036;1;1410146569;|21004|243835
kendo.tooltip.min.js.map;3960386851;1;1410146569;|21003|243834
kendo.treeview.min.js;3118157577;1;1410146569;|21002|243833
kendo.treeview.min.js.map;1017447504;1;1410146569;|21001|243832
kendo.upload.min.js;4067871746;1;1410146569;|21000|243831
kendo.upload.min.js.map;2521770833;1;1410146569;|20999|243830
kendo.userevents.min.js;267640890;1;1410146569;|20998|243829
kendo.userevents.min.js.map;3588876515;1;1410146569;|20997|243828
kendo.validator.min.js;1174302297;1;1410146569;|20996|243827
kendo.validator.min.js.map;315989771;1;1410146569;|20995|243826
kendo.view.min.js;290319856;1;1410146569;|20994|243825
kendo.view.min.js.map;4143121003;1;1410146569;|20993|243824
kendo.web.min.js;827007553;1;1410146569;|20992|243823
kendo.web.min.js.map;3135670627;1;1410146569;|20991|243822
kendo.window.min.js;353810947;1;1410146569;|20990|243821
kendo.window.min.js.map;2370721420;1;1410146569;|20989|243820
