SCMBranch=USR-717
SCMRepository=User Interface/Task Time Tracker/Web/Configuration/UserPreference
SCMMainlineUUID={6a359bb0-6131-417f-b48a-3113b3a22182}
SCMBranchRepositoryID=29147
Clone.aspx.cs;3577562870;1;1417403881;|28578|279162
Clone.aspx.designer.cs;1939457662;1;1417403881;|28577|279161
Default.aspx.cs;1735929662;1;1417403881;|28579|279163
Default.aspx.designer.cs;3512293500;1;1417403881;|28576|279160
Delete.aspx.designer.cs;1930942879;1;1417403881;|28573|279157
Details.aspx.cs;1337141857;1;1417403881;|28574|279158
Details.aspx.designer.cs;1009060236;1;1417403881;|28575|279159
Export.aspx;624821542;1;1417403881;|28585|279169
Export.aspx.cs;367993088;1;1417403881;|28587|279171
Export.aspx.designer.cs;4275436671;1;1417403882;|28588|279172
Insert.aspx.cs;93434924;1;1417403882;|28589|279173
Insert.aspx.designer.cs;3303719669;1;1417403882;|28592|279176
Settings.aspx;398501713;1;1417403882;|28591|279175
Settings.aspx.designer.cs;389152096;1;1417403882;|28594|279178
Update.aspx.cs;1183704667;1;1417403882;|28595|279179
Update.aspx.designer.cs;1393621836;1;1417403882;|28596|279180
Clone.aspx;2085910238;2;1417540917;|28581|280341
Default.aspx;2352226780;2;1417540917;|28582|280342
Delete.aspx;3733963583;2;1417540917;|28583|280343
Delete.aspx.cs;786256862;2;1417540917;|28580|280344
Insert.aspx;42987087;2;1417540917;|28586|280345
Settings.aspx.cs;2782794499;2;1417540917;|28593|280346
Details.aspx;3763220520;2;1419542780;|28584|290757
Update.aspx;3895923585;3;1419542780;|28590|290758
