SCMBranch=USR-717
SCMRepository=User Interface/Task Time Tracker/Web/MS/EventMonitoring/ApplicationMonitoredEventProcessingState/Controls
SCMMainlineUUID={6a359bb0-6131-417f-b48a-3113b3a22182}
SCMBranchRepositoryID=30809
Details.ascx;4089953268;1;1418613674;|33594|286172
Details.ascx.cs;3949490141;1;1418613674;|33583|286161
Details.ascx.designer.cs;1028295205;1;1418613674;|33584|286162
Generic.ascx;1904518779;1;1418613674;|33595|286173
Generic.ascx.designer.cs;3631286071;1;1418613674;|33586|286164
List.ascx;2364866920;1;1418613674;|33593|286171
List.ascx.cs;1946110881;1;1418613674;|33587|286165
List.ascx.designer.cs;1774010215;1;1418613674;|33588|286166
SearchFilter.ascx;1940971351;1;1418613674;|33592|286170
SearchFilter.ascx.cs;1223377783;1;1418613674;|33589|286167
SearchFilter.ascx.designer.cs;313829051;1;1418613674;|33590|286168
Validation.xml;4034666050;1;1418613674;|33591|286169
Generic.ascx.cs;4026333219;2;1469426650;|33585|352128
