SCMBranch=USR-717
SCMRepository=User Interface/Task Time Tracker/Web/Configuration/UserPreferenceSelectedItem/Controls
SCMMainlineUUID={6a359bb0-6131-417f-b48a-3113b3a22182}
SCMBranchRepositoryID=29156
Details.ascx;437224253;1;1417403885;|28742|279326
Details.ascx.cs;813606679;1;1417403885;|28753|279337
Details.ascx.designer.cs;827709352;1;1417403885;|28752|279336
Generic.ascx;1200999033;1;1417403885;|28743|279327
Generic.ascx.designer.cs;3424519309;1;1417403885;|28750|279334
List.ascx.cs;756911763;1;1417403885;|28749|279333
List.ascx.designer.cs;1025278451;1;1417403885;|28748|279332
SearchFilter.ascx;588881088;1;1417403885;|28745|279329
SearchFilter.ascx.designer.cs;2579000581;1;1417403885;|28754|279338
Validation.xml;2454183738;1;1417403885;|28746|279330
List.ascx;3080764733;2;1417540996;|28744|280382
Generic.ascx.cs;3602942895;3;1469426631;|28751|352082
SearchFilter.ascx.cs;3446462737;3;1469426631;|28747|352083
