SCMBranch=USR-717
SCMRepository=User Interface/Task Time Tracker/Web/Content/kendo/2013.3.1119/Bootstrap
SCMMainlineUUID={6a359bb0-6131-417f-b48a-3113b3a22182}
SCMBranchRepositoryID=18989
editor.png;3050983162;1;1394430784;|12859|157948
imagebrowser.png;3276459510;1;1394430784;|12860|157949
indeterminate.gif;1602770156;1;1394430784;|12861|157950
loading-image.gif;150972001;1;1394430784;|12862|157951
loading.gif;2388258818;1;1394430784;|12863|157952
loading_2x.gif;1863792064;1;1394430784;|12866|157955
slider-h.gif;3541038458;1;1394430784;|12865|157954
slider-v.gif;2410029053;1;1394430784;|12864|157953
sprite.png;3120568187;1;1394430784;|12858|157947
sprite_2x.png;4077134982;1;1394430784;|12867|157956
