SCMBranch=USR-717
SCMRepository=User Interface/Task Time Tracker/Web/Shared/EventMonitoring/ApplicationMonitoredEventSource
SCMMainlineUUID={6a359bb0-6131-417f-b48a-3113b3a22182}
SCMBranchRepositoryID=5596
Clone.aspx.cs;142518566;10;1394430891;|2427|147261
Details.aspx.cs;2991337594;10;1394430891;|2432|148776
Export.aspx;443477659;2;1394430891;|2426|118832
Export.aspx.designer.cs;1124212198;2;1394430891;|2429|154732
Insert.aspx.cs;2339100162;12;1394430891;|2428|147264
Settings.aspx.designer.cs;1599481478;2;1394430891;|2423|156190
Update.aspx.cs;1032306460;13;1394430891;|2422|148777
Settings.aspx;3161444658;7;1401678845;|2416|198640
CommonUpdate.aspx.cs;2792529343;12;1408469950;|8699|227312
InlineUpdate.aspx.cs;3025700411;9;1408470029;|8701|227314
Default.aspx.cs;2831818314;21;1408470058;|2436|227316
Default.aspx;3327061967;13;1408639054;|2419|233563
Clone.aspx;1645068596;6;1410146604;|2420|241650
Clone.aspx.designer.cs;940114962;3;1410146604;|2437|241651
CommonUpdate.aspx;241291149;4;1410146604;|8703|243309
CommonUpdate.aspx.designer.cs;298740792;2;1410146604;|8700|243310
Default.aspx.designer.cs;606874010;5;1410146604;|2435|250097
Delete.aspx;2916326760;8;1410146604;|2418|241652
Delete.aspx.designer.cs;2432463185;3;1410146604;|2433|241653
Details.aspx;3114668781;7;1410146604;|2414|241654
Details.aspx.designer.cs;1154978006;3;1410146604;|2431|241655
Export.aspx.cs;2919550077;11;1410146604;|2430|250098
InlineUpdate.aspx;2870270918;5;1410146604;|8698|243311
InlineUpdate.aspx.designer.cs;3749680175;2;1410146604;|8702|243312
Insert.aspx;3787318477;6;1410146604;|2415|241656
Insert.aspx.designer.cs;4277594953;3;1410146604;|2425|241657
Settings.aspx.cs;1027620430;3;1410146604;|2424|248677
Update.aspx;3040279644;6;1410146604;|2417|241658
Update.aspx.designer.cs;3211028199;3;1410146607;|2421|241659
Delete.aspx.cs;1806515058;14;1414437923;|2434|273783
