SCMBranch=USR-717
SCMRepository=User Interface/Task Time Tracker/Web/Shared/Configuration/Themes/Controls
SCMMainlineUUID={6a359bb0-6131-417f-b48a-3113b3a22182}
SCMBranchRepositoryID=14802
Details.ascx.designer.cs;434089134;3;1394430884;|10632|154993
List.ascx.designer.cs;4053743777;2;1394430885;|10628|135450
List.ascx;634655775;3;1401244936;|10636|193877
Details.ascx;2518093171;6;1401678844;|10638|200383
SearchFilter.ascx;1707124654;9;1406172427;|10635|219789
List.ascx.cs;3556835223;5;1408591369;|10629|228531
Generic.ascx;3202164344;6;1412565131;|10637|255149
Generic.ascx.designer.cs;2702023025;3;1412565131;|10630|255150
SearchFilter.ascx.cs;2110187715;11;1413170147;|10627|267364
SearchFilter.ascx.designer.cs;1874085727;5;1413170147;|10634|263728
Details.ascx.cs;3794900260;8;1415159027;|10633|274951
Generic.ascx.cs;2068927239;5;1415159027;|10631|274952
