SCMBranch=USR-717
SCMRepository=User Interface/Task Time Tracker/Web/Shared/EventMonitoring/ApplicationMonitoredEventProcessingState/Controls
SCMMainlineUUID={6a359bb0-6131-417f-b48a-3113b3a22182}
SCMBranchRepositoryID=5595
Details.ascx.designer.cs;1028295205;3;1394430891;|2411|154730
Generic.ascx.designer.cs;3631286071;2;1394430891;|2410|18255
List.ascx.designer.cs;1774010215;1;1394430891;|2408|2408
Validation.xml;4034666050;1;1394430891;|2401|2401
Generic.ascx;1904518779;5;1401244937;|2404|193521
List.ascx;2364866920;2;1401244937;|2403|193522
Details.ascx;4089953268;6;1401678845;|2413|200193
SearchFilter.ascx;1940971351;15;1406172427;|2402|219850
Details.ascx.cs;3949490141;12;1408466248;|2405|227296
List.ascx.cs;1946110881;7;1408466368;|2409|227297
Generic.ascx.cs;3348843529;13;1408466196;|2412|227298
SearchFilter.ascx.designer.cs;313829051;8;1413170147;|2406|266372
SearchFilter.ascx.cs;1223377783;22;1414437923;|2407|273782
