SCMBranch=USR-717
SCMRepository=User Interface/Task Time Tracker/Web/Shared/ApplicationManagement/ReleaseNote/ReleaseIssueType/Controls
SCMMainlineUUID={6a359bb0-6131-417f-b48a-3113b3a22182}
SCMBranchRepositoryID=23941
Details.ascx;4141670075;1;1407766912;|20709|224258
Details.ascx.designer.cs;3856488822;1;1407766912;|20713|224262
Generic.ascx;33855009;1;1407766912;|20715|224264
Generic.ascx.designer.cs;2356075523;1;1407766912;|20711|224260
List.ascx;4191922969;1;1407766912;|20710|224259
List.ascx.designer.cs;3882527216;1;1407766912;|20717|224266
SearchFilter.ascx;2330754997;1;1407766912;|20716|224265
SearchFilter.ascx.cs;631847109;1;1407766912;|20707|224256
Validation.xml;1066268328;1;1407766912;|20705|224254
List.ascx.cs;373010919;2;1408639049;|20708|231443
Details.ascx.cs;44009413;3;1413170140;|20714|263686
SearchFilter.ascx.designer.cs;467132810;2;1413170140;|20706|263687
Generic.ascx.cs;302450003;6;1469426679;|20712|352191
