SCMBranch=USR-717
SCMRepository=User Interface/Task Time Tracker/Web/app/BM/CapitalMarkets/views/Gen/Save
SCMMainlineUUID={6a359bb0-6131-417f-b48a-3113b3a22182}
SCMBranchRepositoryID=35051
Calculator.cs;42954251;1;1433220978;|38434|307152
Calculator.tt;2878194879;1;1433220978;|38409|307127
CreditInstrument.cs;546881451;1;1433220978;|38438|307156
CreditInstrument.tt;238207363;1;1433220978;|38410|307128
FundStructure.cs;546881451;1;1433220978;|38442|307160
FundStructure.tt;997692428;1;1433220978;|38411|307129
Investment.cs;546881451;1;1433220978;|38448|307166
SwapInstrument.cs;42954251;1;1433221002;|38505|307223
SwapInstrument.tt;69987937;1;1433221002;|38418|307136
TWRPerformance.cs;546881451;1;1433221002;|38510|307228
TWRPerformance.tt;863715020;1;1433221002;|38419|307137
Menu.cs;546881451;1;1435571015;|38465|307183
Menu.tt;1490110190;3;1435571014;|38414|312217
Investment.tt;1719059356;2;1436152214;|38412|312669
Calendar.cs;1566315191;1;1437366651;|39182|315117
Classification.cs;1566315191;1;1437366651;|39183|315118
Holdings.cs;1566315191;1;1437366651;|39184|315119
Instruments.cs;1566315191;1;1437366651;|39186|315121
ManagementEntities.cs;1566315191;1;1437366651;|39187|315122
Performance.cs;1566315191;1;1437366651;|39189|315124
Rating.cs;1566315191;1;1437366652;|39190|315125
saveRatingService.html;0;1;1437366652;|39192|315127
saveAccountingCalender.html;3668832882;3;1437454840;|38435|318535
saveAnnotations.html;3833356241;3;1437454840;|38492|318539
saveBusinessCalender.html;492998359;3;1437454840;|38436|318544
saveFinancialAccountType.html;3908032984;3;1437454840;|38970|318557
saveFiscalCalender.html;2774602856;3;1437454840;|38437|318559
saveFundPrices.html;2891291393;3;1437454840;|38493|318563
saveInvestmentPrices.html;3788754997;3;1437454840;|38494|318567
saveInvestmentTheme.html;1146295255;2;1437454840;|39251|318568
saveManagementFirm.html;3281268972;3;1437454840;|38472|318572
savePerformanceKey.html;3779595176;3;1437454920;|38506|318575
savePerformanceParameters.html;3410453115;3;1437454920;|38507|318576
savePriceList.html;2299375903;3;1437454920;|38495|318580
savePriceMarket.html;2137596674;3;1437454920;|38496|318581
savePriceProvider.html;1392795887;3;1437454920;|38497|318582
savePriceSchedule.html;4058338605;3;1437454920;|38498|318583
savePriceSource.html;3208933565;3;1437454920;|38499|318584
savePriceType.html;3182260065;3;1437454920;|38500|318585
saveRating.html;3931091887;2;1437454920;|39191|318586
saveTWRBatchProcessing.html;4213763099;3;1437454920;|38508|318599
saveTWRSet.html;4201621941;3;1437454920;|38509|318600
OptionInstruments.cs;1566315191;3;1437462414;|38475|319244
Performance.tt;2734411507;2;1437968809;|39177|320380
saveOption.html;4167433871;3;1437973306;|38476|319245
saveRight.html;2176264844;3;1437973306;|38477|319246
OptionInstruments.tt;3425303831;3;1437973306;|38415|320378
Core.tt;4229296616;1;1438581001;|40012|322278
saveTransactionType.html;3605282320;1;1438581001;|40014|322280
Core.cs;1285525959;1;1438581001;|40013|322279
Special.cs;1285525959;1;1439350565;|40045|323006
Special.tt;680307719;1;1439350565;|40046|323007
Accounting.cs;1285525959;3;1439523303;|38420|322885
Calendar.tt;606897460;3;1439523303;|39172|324585
Holdings.tt;3697939922;3;1439523303;|39174|322038
ManagementEntities.tt;2622993970;4;1439523303;|39176|324389
Parties.cs;1285525959;3;1439523303;|38478|322887
Parties.tt;349955751;8;1439523303;|38416|322888
Prices.cs;1285525959;3;1439523303;|38491|322889
Prices.tt;1569073055;6;1439523303;|38417|324016
Rating.tt;336088527;4;1439523303;|39178|322214
saveAccountingParameters.html;823336892;6;1439523303;|38421|322891
saveAccountingView.html;28219285;6;1439523304;|38422|322892
saveAccountSpecificType.html;3727843706;6;1439523304;|38423|322893
saveAccountSubType.html;2794893340;6;1439523304;|38424|322894
saveAmortization.html;2781772119;5;1439523304;|38425|322895
saveAutomatedFreezepoint.html;1791855367;6;1439523304;|38426|322896
saveBusinessUnit.html;1960391575;2;1439523304;|39272|324017
saveChartOfAccounts.html;764706264;6;1439523304;|38427|322897
saveCompanyDealType.html;4115399508;5;1439523304;|38918|324018
saveCustodianAccount.html;187827382;7;1439523304;|38483|325535
saveFinancialAccountClass.html;350014014;5;1439523304;|39019|322899
saveFreezePoints.html;1165300180;6;1439523304;|38428|322900
saveIndustry.html;3423072088;3;1439523304;|39250|322181
saveInventoryState.html;275714055;6;1439523304;|38429|322901
saveLegalEntity.html;992689601;4;1439523304;|38471|324019
saveLockdownPools.html;4096904773;6;1439523304;|38430|322902
savePortfolio.html;2529523568;4;1439523304;|38473|324020
savePortfolioGroupRules.html;2985681367;5;1439523304;|38488|324021
savePortfolioType.html;3522007772;4;1439523304;|38906|324022
saveStrategy.html;1438063544;4;1439523304;|38474|324023
saveStrategyGroup.html;938466382;3;1439523304;|39188|324024
saveSubBusinessUnit.html;2578872409;2;1439523304;|39273|324025
saveSubIndustry.html;3601975090;3;1439523304;|39249|322183
saveTaxAccountType.html;3988133504;6;1439523304;|38431|322903
saveTaxStatus.html;1019010559;6;1439523304;|38432|322904
saveTrader.html;1567501028;4;1439523304;|38490|324026
saveWithholdingTaxType.html;3177211465;6;1439523304;|38433|322905
Accounting.tt;3868322338;10;1439960239;|38408|326625
saveAdjustmentCategory.html;3381735101;1;1439960239;|40527|326538
saveAllocationGroup.html;3862639633;4;1440127867;|38443|326902
saveClass.html;2457218931;4;1440127867;|38444|326903
saveInvestingFeeder.html;136614111;4;1440127867;|38445|326904
saveSeries.html;4210627145;4;1440127867;|38446|326905
saveSubClass.html;2857011244;4;1440127867;|38447|326906
saveSecurityXExternalMarketDataIdentifiers.html;0;1;1441772934;|40631|329779
saveAssetBacked.html;3889398812;5;1441976636;|38449|330066
saveBond.html;365748001;5;1441976636;|38450|330067
saveCash.html;1312421955;5;1441976636;|38451|330068
saveCreditContract.html;38576391;5;1441976636;|38439|330069
saveCreditDeal.html;2288124551;5;1441976636;|38440|330070
saveCreditDefaultSwap.html;3617324241;5;1441976636;|38501|330071
saveCreditDefaultSwapIndex.html;193012742;5;1441976636;|38502|330072
saveCreditFacility.html;986181340;5;1441976636;|38441|330073
saveEquity.html;988490964;5;1441976636;|38452|330074
saveFinancing.html;2382277182;5;1441976636;|38503|330075
saveForwardCash.html;803438171;5;1441976636;|38453|330076
saveForwardFXContract.html;3873081115;5;1441976636;|38454|330077
saveFund.html;113295773;6;1441976636;|38469|330078
saveFuture.html;2230778093;5;1441976636;|38455|330079
saveMediumOfExchange.html;863577315;5;1441976636;|38456|330080
saveSecurityXExternalMarketDataIdentifier.html;608500331;2;1441976636;|40645|330125
saveSecurityXOther.html;1270495545;2;1441976636;|40630|330126
saveSTIF.html;3283059716;5;1441976636;|38457|330083
saveSwapInvestment.html;960539188;5;1441976636;|38504|330084
saveSecurityXIdentifier.html;1320166232;1;1442202184;|40682|330175
saveSecurityXParty.html;3641780727;2;1442202184;|40675|330426
saveSecurityXSettlementDay.html;1567949392;3;1442202184;|40637|330427
TradeOrder.cs;1285525959;1;1442377208;|40724|330537
Instruments.tt;2533969730;6;1442550709;|39175|331523
saveOrderAction.html;3636669600;1;1442550709;|40738|331322
saveSecurityXInvestmentIdentifier.html;805464595;1;1442550709;|40764|331561
Commission.cs;1566315191;1;1444040231;|40826|332205
saveCommissionCode.html;4183104612;1;1444040231;|40825|332204
saveCommissionRate.html;3746621525;1;1444104394;|40837|332242
saveCommissionType.html;3021179040;1;1444104394;|40846|332267
Commission.tt;2307421263;3;1444196494;|40827|332364
saveCommissionSplit.html;267769017;1;1444196494;|40855|332318
MSPA.cs;1566315191;1;1444395390;|40896|332493
saveOrderType.html;3015146281;2;1446003173;|40755|333137
saveMSPAFile.html;2507469608;2;1447042463;|40895|335556
saveMSPAFileEvent.html;3270122194;2;1447819264;|40906|336121
saveTradingEventType.html;3141491052;1;1447819264;|40970|336020
MSPA.tt;133368039;3;1447904999;|40897|336213
saveMSPAFileEventType.html;1286301008;1;1447904999;|40980|336144
Classification.tt;3669817341;6;1449804325;|39173|338536
saveAssetType.html;3646832652;5;1449804325;|38466|338537
saveInvestmentType.html;1925635957;5;1449804325;|38470|338538
saveRecordType.html;2603442053;2;1449804325;|40589|338539
saveSector.html;951690601;6;1449804325;|38946|338540
saveSecurity.html;730510970;3;1449804325;|40070|338541
saveSecurityClass.html;1880752701;5;1449804325;|38926|338634
saveSecurityType.html;1905283198;3;1449804416;|40068|338543
saveSecurityTypeGroup.html;2434733541;3;1449804416;|40069|338544
TradeOrder.tt;797394547;10;1451964605;|40722|340190
ActivityAndOrders.cs;1566315191;1;1452584501;|39180|315115
saveAccountAdministrator.html;3590252751;5;1452598534;|38479|340842
saveAccountExcecutive.html;794473160;5;1452598534;|38480|340843
saveAgentBank.html;2647102803;5;1452598534;|38481|340844
saveAnalyst.html;2679011021;4;1452598534;|38482|340845
saveBroker.html;559711690;5;1452598534;|38467|340846
saveBrokerGroup.html;1815626198;2;1452598613;|40029|340847
saveBrokerType.html;3585650986;2;1452598613;|40030|340848
saveCustodian.html;2735483682;5;1452598613;|38468|340849
saveDeliveryAgent.html;1401931295;5;1452598613;|38484|340850
saveExchange.html;1464674350;4;1452598613;|38485|340851
saveIssuer.html;2823507340;4;1452598613;|38486|340852
saveManager.html;2760813952;4;1452598613;|38487|340853
saveRatingServices.html;1384012135;5;1452598613;|38489|340854
saveMarketCapitalizationCategory.html;1203442454;3;1454298081;|40723|341580
saveOrderItem.html;2365586800;10;1454298081;|40803|341581
saveOrderRequest.html;2197734625;7;1454298081;|40745|341582
saveOrderStatus.html;1073852682;9;1454298081;|40794|341583
saveOrderStatusGroup.html;1767967029;3;1454298081;|40772|341584
saveOrderStatusType.html;1126393311;4;1454298081;|40781|341585
saveTransactionEvent.html;3114697485;14;1491536851;|39181|357331
saveTransactionEventBuy.html;1911689683;1;1491536851;|41794|357285
saveTransactionEventSell.html;2425754317;1;1491536851;|41795|357286
saveTxInvestment.html;2456294894;7;1491536851;|40572|357332
saveTxOther.html;2829443984;7;1491536851;|40571|357333
saveTxSettlementInfo.html;3443413151;8;1491536851;|40570|357334
saveTxTradeAndSettleDates.html;1878885883;17;1491536851;|40573|357335
saveTxTradeFigures.html;3119795515;9;1491536851;|40568|357336
saveTxTradeInfo.html;2745561411;8;1491536888;|40569|357337
ActivityAndOrders.tt;343762798;6;1491882994;|39179|357489
saveTransactionEventCoverShort.html;3816886024;1;1491882994;|41813|357382
saveTransactionEventSellShort.html;1862695730;1;1491882994;|41805|357363
savePosition.html;1054760204;3;1493092232;|39185|358079
