SCMBranch=USR-717
SCMRepository=User Interface/Task Time Tracker/Web/Scripts/ace-editor/src-min-noconflict
SCMMainlineUUID={6a359bb0-6131-417f-b48a-3113b3a22182}
SCMBranchRepositoryID=27228
ace.js;4282821565;1;1410186259;|23077|251414
ext-beautify.js;3624835714;1;1410186259;|23076|251413
ext-chromevox.js;2894142683;1;1410186260;|23075|251412
ext-elastic_tabstops_lite.js;3767137430;1;1410186260;|23074|251411
ext-emmet.js;3780853395;1;1410186260;|23073|251410
ext-error_marker.js;4143861393;1;1410186260;|23208|251545
ext-keybinding_menu.js;252335203;1;1410186260;|23079|251416
ext-language_tools.js;3913636644;1;1410186260;|23080|251417
ext-linking.js;227214954;1;1410186260;|23081|251418
ext-modelist.js;1101038178;1;1410186260;|23082|251419
ext-old_ie.js;2523704438;1;1410186260;|23083|251420
ext-searchbox.js;978218598;1;1410186260;|23084|251421
ext-settings_menu.js;600059932;1;1410186260;|23085|251422
ext-spellcheck.js;633122793;1;1410186260;|23086|251423
ext-split.js;3884388215;1;1410186260;|23087|251424
ext-static_highlight.js;2787588811;1;1410186260;|23088|251425
ext-statusbar.js;361063372;1;1410186260;|23089|251426
ext-textarea.js;2937729833;1;1410186260;|23090|251427
ext-themelist.js;3970685311;1;1410186260;|23091|251428
ext-whitespace.js;2896108031;1;1410186260;|23092|251429
keybinding-emacs.js;208414662;1;1410186260;|23093|251430
keybinding-vim.js;3784891395;1;1410186260;|23094|251431
mode-abap.js;2591215393;1;1410186260;|23095|251432
mode-actionscript.js;2615908692;1;1410186260;|23096|251433
mode-ada.js;1776281091;1;1410186260;|23097|251434
mode-apache_conf.js;2472135539;1;1410186260;|23098|251435
mode-applescript.js;3258925955;1;1410186260;|23099|251436
mode-asciidoc.js;1047370124;1;1410186260;|23100|251437
mode-assembly_x86.js;294786073;1;1410186260;|23101|251438
mode-autohotkey.js;1861791860;1;1410186260;|23102|251439
mode-batchfile.js;3255479216;1;1410186260;|23103|251440
mode-c9search.js;4187696537;1;1410186260;|23104|251441
mode-c_cpp.js;1942216068;1;1410186260;|23105|251442
mode-cirru.js;755050690;1;1410186260;|23106|251443
mode-clojure.js;1775254154;1;1410186260;|23107|251444
mode-cobol.js;968984115;1;1410186260;|23108|251445
mode-coffee.js;1721266630;1;1410186260;|23109|251446
mode-coldfusion.js;1847738291;1;1410186260;|23110|251447
mode-csharp.js;778272261;1;1410186260;|23111|251448
mode-css.js;626672345;1;1410186260;|23112|251449
mode-curly.js;3052559853;1;1410186260;|23113|251450
mode-d.js;119074715;1;1410186260;|23114|251451
mode-dart.js;831146932;1;1410186260;|23115|251452
mode-diff.js;2625089309;1;1410186260;|23116|251453
mode-django.js;1444275385;1;1410186260;|23117|251454
mode-dockerfile.js;1858506336;1;1410186260;|23118|251455
mode-dot.js;3727628841;1;1410186260;|23119|251456
mode-ejs.js;3150179534;1;1410186260;|23120|251457
mode-erlang.js;527670865;1;1410186260;|23121|251458
mode-forth.js;3600698132;1;1410186260;|23122|251459
mode-ftl.js;1537643068;1;1410186260;|23123|251460
mode-gherkin.js;2299307606;1;1410186260;|23124|251461
mode-gitignore.js;3963378448;1;1410186260;|23125|251462
mode-glsl.js;3532444924;1;1410186260;|23126|251463
mode-golang.js;4063428500;1;1410186260;|23127|251464
mode-groovy.js;3477152951;1;1410186260;|23128|251465
mode-haml.js;1106578081;1;1410186260;|23129|251466
mode-handlebars.js;3136656029;1;1410186260;|23130|251467
mode-haskell.js;4278738812;1;1410186260;|23131|251468
mode-haxe.js;3155871134;1;1410186260;|23132|251469
mode-html.js;1464494003;1;1410186260;|23133|251470
mode-html_ruby.js;3984309473;1;1410186260;|23134|251471
mode-ini.js;3713568973;1;1410186260;|23135|251472
mode-jack.js;652172135;1;1410186260;|23136|251473
mode-jade.js;4183287002;1;1410186260;|23137|251474
mode-java.js;264928374;1;1410186260;|23138|251475
mode-javascript.js;3896243810;1;1410186260;|23139|251476
mode-json.js;1198712136;1;1410186260;|23140|251477
mode-jsoniq.js;1929399660;1;1410186260;|23141|251478
mode-jsp.js;4178840428;1;1410186260;|23142|251479
mode-jsx.js;1574643482;1;1410186260;|23143|251480
mode-julia.js;4131937431;1;1410186260;|23144|251481
mode-latex.js;977996713;1;1410186260;|23145|251482
mode-less.js;245760600;1;1410186260;|23146|251483
mode-liquid.js;2500669407;1;1410186260;|23147|251484
mode-lisp.js;4234902152;1;1410186260;|23148|251485
mode-livescript.js;1942174361;1;1410186260;|23149|251486
mode-logiql.js;2165169340;1;1410186260;|23150|251487
mode-lsl.js;1101175433;1;1410186260;|23151|251488
mode-lua.js;233125313;1;1410186260;|23152|251489
mode-luapage.js;963897591;1;1410186260;|23153|251490
mode-lucene.js;2949702357;1;1410186260;|23154|251491
mode-makefile.js;697775360;1;1410186260;|23155|251492
mode-markdown.js;1104259850;1;1410186261;|23156|251493
mode-matlab.js;1733038928;1;1410186261;|23157|251494
mode-mel.js;4071446490;1;1410186261;|23158|251495
mode-mushcode.js;1141294751;1;1410186261;|23159|251496
mode-mysql.js;1261343873;1;1410186261;|23160|251497
mode-nix.js;3515090195;1;1410186261;|23161|251498
mode-objectivec.js;589649199;1;1410186261;|23162|251499
mode-ocaml.js;1428054113;1;1410186261;|23163|251500
mode-pascal.js;2097543769;1;1410186261;|23164|251501
mode-perl.js;2879348240;1;1410186261;|23165|251502
mode-pgsql.js;3826137010;1;1410186261;|23166|251503
mode-php.js;3724707215;1;1410186261;|23167|251504
mode-plain_text.js;3770147144;1;1410186261;|23168|251505
mode-powershell.js;3125801803;1;1410186261;|23169|251506
mode-prolog.js;4027549227;1;1410186261;|23170|251507
mode-properties.js;56793022;1;1410186261;|23171|251508
mode-protobuf.js;2664147336;1;1410186261;|23172|251509
mode-python.js;2062569579;1;1410186261;|23173|251510
mode-r.js;2789603609;1;1410186261;|23174|251511
mode-rdoc.js;2594662668;1;1410186261;|23175|251512
mode-rhtml.js;3117521414;1;1410186261;|23176|251513
mode-ruby.js;2882738879;1;1410186261;|23177|251514
mode-rust.js;2347872354;1;1410186261;|23178|251515
mode-sass.js;1950329923;1;1410186261;|23179|251516
mode-scad.js;3363519300;1;1410186261;|23180|251517
mode-scala.js;776124845;1;1410186261;|23181|251518
mode-scheme.js;1277232181;1;1410186261;|23182|251519
mode-scss.js;3154463422;1;1410186261;|23183|251520
mode-sh.js;3279830361;1;1410186261;|23184|251521
mode-sjs.js;1197701958;1;1410186261;|23185|251522
mode-smarty.js;861125763;1;1410186261;|23207|251544
mode-snippets.js;1213719116;1;1410186261;|23206|251543
mode-soy_template.js;3146012728;1;1410186261;|23205|251542
mode-space.js;3809561843;1;1410186261;|23204|251541
mode-sql.js;2215239531;1;1410186261;|23203|251540
mode-stylus.js;3759461077;1;1410186261;|23202|251539
mode-svg.js;1851255518;1;1410186261;|23201|251538
mode-tcl.js;1510889531;1;1410186261;|23200|251537
mode-tex.js;2920444936;1;1410186261;|23199|251536
mode-text.js;0;1;1410186261;|23198|251535
mode-textile.js;2497353978;1;1410186261;|23197|251534
mode-toml.js;2401216888;1;1410186261;|23196|251533
mode-twig.js;1738400420;1;1410186261;|23195|251532
mode-typescript.js;4107076384;1;1410186261;|23194|251531
mode-vala.js;1123614587;1;1410186261;|23193|251530
mode-vbscript.js;1668833192;1;1410186261;|23192|251529
mode-velocity.js;3174483641;1;1410186261;|23191|251528
mode-verilog.js;3261872119;1;1410186261;|23190|251527
mode-vhdl.js;3212207289;1;1410186261;|23189|251526
mode-xml.js;4019585931;1;1410186261;|23188|251525
mode-xquery.js;1883658307;1;1410186261;|23187|251524
mode-yaml.js;2117899635;1;1410186261;|23186|251523
theme-ambiance.js;4153741334;1;1410186261;|23072|251409
theme-chaos.js;2475960243;1;1410186261;|23071|251408
theme-chrome.js;3093435637;1;1410186261;|23070|251407
theme-clouds.js;325294450;1;1410186261;|23069|251406
theme-clouds_midnight.js;442429488;1;1410186261;|23068|251405
theme-cobalt.js;2403239775;1;1410186261;|23067|251404
theme-crimson_editor.js;2797449547;1;1410186261;|23066|251403
theme-dawn.js;3633585312;1;1410186261;|23065|251402
theme-dreamweaver.js;2506718655;1;1410186261;|23064|251401
theme-eclipse.js;790182424;1;1410186261;|23063|251400
theme-github.js;825786822;1;1410186261;|23062|251399
theme-idle_fingers.js;3062231083;1;1410186261;|23061|251398
theme-katzenmilch.js;2811994532;1;1410186261;|23060|251397
theme-kr.js;3711197314;1;1410186261;|23059|251396
theme-kuroir.js;4090489192;1;1410186261;|23058|251395
theme-merbivore.js;1024699648;1;1410186261;|23057|251394
theme-merbivore_soft.js;2094578565;1;1410186261;|23056|251393
theme-mono_industrial.js;836907919;1;1410186261;|23055|251392
theme-monokai.js;3075240019;1;1410186261;|23054|251391
theme-pastel_on_dark.js;1560343840;1;1410186261;|23053|251390
theme-solarized_dark.js;2428035569;1;1410186261;|23052|251389
theme-solarized_light.js;3571698140;1;1410186261;|23051|251388
theme-terminal.js;286592026;1;1410186262;|23050|251387
theme-textmate.js;1349792727;1;1410186262;|23049|251386
theme-tomorrow.js;3035349066;1;1410186262;|23048|251385
theme-tomorrow_night.js;913592322;1;1410186262;|23047|251384
theme-tomorrow_night_blue.js;1346670197;1;1410186262;|23046|251383
theme-tomorrow_night_bright.js;911946613;1;1410186262;|23045|251382
theme-tomorrow_night_eighties.js;3475841189;1;1410186262;|23044|251381
theme-twilight.js;3820244429;1;1410186262;|23043|251380
theme-vibrant_ink.js;3239712258;1;1410186262;|23042|251379
theme-xcode.js;1470893437;1;1410186262;|23041|251378
worker-coffee.js;3861300977;1;1410186263;|23040|251377
worker-css.js;2704865454;1;1410186263;|23039|251376
worker-html.js;3850717173;1;1410186263;|23038|251375
worker-javascript.js;2213243803;1;1410186263;|23037|251374
worker-json.js;1356628956;1;1410186263;|23036|251373
worker-lua.js;573766101;1;1410186263;|23035|251372
worker-php.js;3295955607;1;1410186263;|23034|251371
worker-xquery.js;4011475327;1;1410186263;|23078|251415
