SCMBranch=USR-717
SCMRepository=User Interface/Task Time Tracker/Web/Scripts/i18n
SCMMainlineUUID={6a359bb0-6131-417f-b48a-3113b3a22182}
SCMBranchRepositoryID=20396
angular-locale_en-dsrt-us.js;3690635123;3;1394430834;|16697|165355
angular-locale_en-dsrt.js;737022949;3;1394430834;|16698|165356
angular-locale_ms-my.js;3267372144;3;1394430835;|16833|165491
angular-locale_ms-bn.js;3703014205;1;1406516557;|20434|222149
angular-locale_aa-dj.js;152289937;2;1420426983;|25605|292585
angular-locale_aa-er.js;3803930666;2;1420426983;|25604|292586
angular-locale_aa-et.js;3139999023;2;1420426983;|25603|292587
angular-locale_aa.js;3513671703;2;1420426983;|25602|292588
angular-locale_af-na.js;4278953051;5;1420426983;|16888|292589
angular-locale_af-za.js;2723761055;5;1420426983;|16754|292590
angular-locale_af.js;1619024793;5;1420426983;|16752|292591
angular-locale_agq-cm.js;1157180708;2;1420426983;|25341|292592
angular-locale_agq.js;3403190850;2;1420426983;|25607|292593
angular-locale_ak-gh.js;828222580;2;1420426983;|25608|292594
angular-locale_ak.js;3231224901;2;1420426983;|25606|292595
angular-locale_am-et.js;471070631;5;1420426983;|16646|292596
angular-locale_am.js;2626504446;3;1420426983;|16647|292597
angular-locale_ar-001.js;2805027581;3;1420426983;|16648|292598
angular-locale_ar-ae.js;3591882619;3;1420426983;|16649|292599
angular-locale_ar-bh.js;1378292551;3;1420426983;|16650|292600
angular-locale_ar-dj.js;1789469768;2;1420426983;|25160|292601
angular-locale_ar-dz.js;1960190306;5;1420426983;|16651|292602
angular-locale_ar-eg.js;3495171883;5;1420426983;|16652|292603
angular-locale_ar-eh.js;59112838;2;1420426983;|25161|292604
angular-locale_ar-er.js;964394773;2;1420426983;|25162|292605
angular-locale_ar-il.js;971050444;2;1420426983;|25163|292606
angular-locale_ar-iq.js;4213689393;5;1420426983;|16653|292607
angular-locale_ar-jo.js;1548971289;5;1420426983;|16654|292608
angular-locale_ar-km.js;2298982007;2;1420426983;|25164|292609
angular-locale_ar-kw.js;2068206565;5;1420426983;|16655|292610
angular-locale_ar-lb.js;3060660770;5;1420426983;|16656|292611
angular-locale_ar-ly.js;1958252612;5;1420426983;|16657|292612
angular-locale_ar-ma.js;3811647247;5;1420426983;|16658|292613
angular-locale_ar-mr.js;1968976016;2;1420426983;|25165|292614
angular-locale_ar-om.js;1344293252;5;1420426983;|16659|292615
angular-locale_ar-ps.js;3516526316;2;1420426983;|25166|292616
angular-locale_ar-qa.js;1498612758;5;1420426983;|16660|292617
angular-locale_ar-sa.js;1097114358;5;1420426983;|16661|292618
angular-locale_ar-sd.js;1698440343;5;1420426983;|16662|292619
angular-locale_ar-so.js;667648755;2;1420426983;|25167|292620
angular-locale_ar-ss.js;821736942;2;1420426983;|25168|292621
angular-locale_ar-sy.js;4160740994;5;1420426983;|16663|292622
angular-locale_ar-td.js;1027029731;2;1420426983;|25169|292623
angular-locale_ar-tn.js;2742723489;5;1420426983;|16664|292624
angular-locale_ar-ye.js;3812603513;5;1420426983;|16665|292625
angular-locale_ar.js;373459385;5;1420426983;|16666|292626
angular-locale_as-in.js;3160935435;2;1420426983;|25170|292627
angular-locale_as.js;1492892758;2;1420426983;|25171|292628
angular-locale_asa-tz.js;146444095;2;1420426983;|25172|292629
angular-locale_asa.js;3331072024;2;1420426983;|25173|292630
angular-locale_ast-es.js;646997469;2;1420426984;|25174|292631
angular-locale_ast.js;117922468;2;1420426984;|25175|292632
angular-locale_az-cyrl-az.js;1660772537;2;1420426984;|25176|292633
angular-locale_az-cyrl.js;2033539233;2;1420426984;|25177|292634
angular-locale_az-latn-az.js;810042898;2;1420426984;|25178|292635
angular-locale_az-latn.js;2444820792;2;1420426984;|25179|292636
angular-locale_az.js;1799691361;2;1420426984;|25180|292637
angular-locale_bas-cm.js;1203216378;2;1420426984;|25181|292638
angular-locale_bas.js;1851763822;2;1420426984;|25182|292639
angular-locale_be-by.js;382793238;2;1420426984;|25183|292640
angular-locale_be.js;3917566617;2;1420426984;|25184|292641
angular-locale_bem-zm.js;486260847;2;1420426984;|25185|292642
angular-locale_bem.js;1021002809;2;1420426984;|25186|292643
angular-locale_bez-tz.js;3682427652;2;1420426984;|25187|292644
angular-locale_bez.js;1635879566;2;1420426984;|25188|292645
angular-locale_bg-bg.js;1450599458;5;1420426984;|16667|292646
angular-locale_bg.js;1797751962;5;1420426984;|16668|292647
angular-locale_bm-latn-ml.js;901785259;1;1420426984;|34129|291877
angular-locale_bm-latn.js;639592865;1;1420426984;|34130|291878
angular-locale_bm-ml.js;2887200684;2;1420426984;|25189|292648
angular-locale_bm.js;2605214611;2;1420426984;|25190|292649
angular-locale_bn-bd.js;1076856605;5;1420426984;|16669|292650
angular-locale_bn-in.js;2849737383;5;1420426984;|16670|292651
angular-locale_bn.js;3494377596;5;1420426984;|16671|292652
angular-locale_bo-cn.js;1781610603;2;1420426984;|25191|292653
angular-locale_bo-in.js;826216000;2;1420426984;|25192|292654
angular-locale_bo.js;1957163886;2;1420426984;|25193|292655
angular-locale_br-fr.js;1014584148;2;1420426984;|25194|292656
angular-locale_br.js;793053834;2;1420426984;|25195|292657
angular-locale_brx-in.js;1572435200;2;1420426984;|25196|292658
angular-locale_brx.js;442883458;2;1420426984;|25197|292659
angular-locale_bs-cyrl-ba.js;1286277221;2;1420426984;|25198|292660
angular-locale_bs-cyrl.js;714173954;2;1420426984;|25199|292661
angular-locale_bs-latn-ba.js;2874551605;2;1420426984;|25200|292662
angular-locale_bs-latn.js;2318746191;2;1420426984;|25201|292663
angular-locale_bs.js;2442341838;2;1420426984;|25202|292664
angular-locale_byn-er.js;2207111812;2;1420426984;|25203|292665
angular-locale_byn.js;1664821991;2;1420426984;|25204|292666
angular-locale_ca-ad.js;1955685268;5;1420426984;|16672|292667
angular-locale_ca-es-valencia.js;814078757;2;1420426984;|25205|292668
angular-locale_ca-es.js;1155310700;5;1420426984;|16673|292669
angular-locale_ca-fr.js;1385165710;2;1420426984;|25206|292670
angular-locale_ca-it.js;3193071578;2;1420426984;|25207|292671
angular-locale_ca.js;3093896083;5;1420426984;|16674|292672
angular-locale_cgg-ug.js;1898081820;2;1420426984;|25208|292673
angular-locale_cgg.js;345808820;2;1420426984;|25209|292674
angular-locale_chr-us.js;434292092;2;1420426984;|25210|292675
angular-locale_chr.js;599336817;2;1420426984;|25211|292676
angular-locale_ckb-arab-iq.js;2493513444;2;1420426984;|25212|292677
angular-locale_ckb-arab-ir.js;2637063968;2;1420426984;|25213|292678
angular-locale_ckb-arab.js;1688843499;2;1420426984;|25214|292679
angular-locale_ckb-iq.js;643980228;2;1420426984;|25215|292680
angular-locale_ckb-ir.js;4164259382;2;1420426984;|25216|292681
angular-locale_ckb-latn-iq.js;4286438232;2;1420426984;|25217|292682
angular-locale_ckb-latn.js;1614760975;2;1420426984;|25218|292683
angular-locale_ckb.js;1770750411;2;1420426984;|25219|292684
angular-locale_cs-cz.js;3375686351;5;1420426984;|16675|292685
angular-locale_cs.js;600711170;5;1420426984;|16676|292686
angular-locale_cy-gb.js;852890436;2;1420426984;|25220|292687
angular-locale_cy.js;4208133172;2;1420426984;|25221|292688
angular-locale_da-dk.js;2619447696;5;1420426984;|16677|292689
angular-locale_da-gl.js;2824651595;2;1420426984;|25222|292690
angular-locale_da.js;2429812240;5;1420426984;|16678|292691
angular-locale_dav-ke.js;2327907605;2;1420426984;|25223|292692
angular-locale_dav.js;1647684603;2;1420426984;|25224|292693
angular-locale_de-at.js;589259695;5;1420426984;|16679|292694
angular-locale_de-be.js;1980941661;3;1420426984;|16680|292695
angular-locale_de-ch.js;1468980373;5;1420426984;|16681|292696
angular-locale_de-de.js;786857842;5;1420426984;|16682|292697
angular-locale_de-li.js;3389140561;5;1420426984;|16683|292698
angular-locale_de-lu.js;3827661628;5;1420426984;|16684|292699
angular-locale_de.js;3612080716;5;1420426984;|16685|292700
angular-locale_dje-ne.js;2958878201;2;1420426984;|25225|292701
angular-locale_dje.js;842333659;2;1420426984;|25226|292702
angular-locale_dsb-de.js;3370434410;1;1420426984;|34140|291998
angular-locale_dsb.js;1400928728;1;1420426984;|34141|291999
angular-locale_dua-cm.js;382995612;2;1420426984;|25227|292703
angular-locale_dua.js;1954536723;2;1420426984;|25228|292704
angular-locale_dyo-sn.js;3818582894;2;1420426984;|25229|292705
angular-locale_dyo.js;3274843111;2;1420426984;|25230|292706
angular-locale_dz-bt.js;2701984381;2;1420426984;|25231|292707
angular-locale_dz.js;2564365099;2;1420426984;|25232|292708
angular-locale_ebu-ke.js;271262510;2;1420426984;|25233|292709
angular-locale_ebu.js;465281209;2;1420426984;|25234|292710
angular-locale_ee-gh.js;2140020385;2;1420426984;|25235|292711
angular-locale_ee-tg.js;3338794963;2;1420426984;|25236|292712
angular-locale_ee.js;2423301217;2;1420426984;|25237|292713
angular-locale_el-cy.js;3062510869;5;1420426984;|16686|292714
angular-locale_el-gr.js;3189051193;5;1420426984;|16687|292715
angular-locale_el.js;473592305;5;1420426984;|16688|292716
angular-locale_en-001.js;1128022303;2;1420426984;|25238|292717
angular-locale_en-150.js;3201617349;2;1420426984;|25239|292718
angular-locale_en-ag.js;2739984723;2;1420426984;|25240|292719
angular-locale_en-ai.js;899659395;2;1420426985;|25241|292720
angular-locale_en-as.js;1602638175;5;1420426985;|16689|292721
angular-locale_en-au.js;1239765476;5;1420426985;|16690|292722
angular-locale_en-bb.js;1571267943;5;1420426985;|16691|292723
angular-locale_en-be.js;2132473867;5;1420426985;|16692|292724
angular-locale_en-bm.js;486097762;5;1420426985;|16693|292725
angular-locale_en-bs.js;2655293288;2;1420426985;|25242|292726
angular-locale_en-bw.js;4109042212;5;1420426985;|16694|292727
angular-locale_en-bz.js;2008930204;5;1420426985;|16695|292728
angular-locale_en-ca.js;3788681730;5;1420426985;|16696|292729
angular-locale_en-cc.js;2086181728;2;1420426985;|25243|292730
angular-locale_en-ck.js;1986120333;2;1420426985;|25244|292731
angular-locale_en-cm.js;581801454;2;1420426985;|25245|292732
angular-locale_en-cx.js;3251697001;2;1420426985;|25246|292733
angular-locale_en-dg.js;3308261462;2;1420426985;|25247|292734
angular-locale_en-dm.js;1141766477;2;1420426985;|25248|292735
angular-locale_en-er.js;4187790877;2;1420426985;|25249|292736
angular-locale_en-fj.js;952510272;2;1420426985;|25250|292737
angular-locale_en-fk.js;3285028038;2;1420426985;|25251|292738
angular-locale_en-fm.js;1939968168;5;1420426985;|16699|292739
angular-locale_en-gb.js;3893093164;5;1420426985;|16700|292740
angular-locale_en-gd.js;1483210562;2;1420426985;|25252|292741
angular-locale_en-gg.js;3611181359;2;1420426985;|25253|292742
angular-locale_en-gh.js;1329151384;2;1420426985;|25254|292743
angular-locale_en-gi.js;1106325247;2;1420426985;|25255|292744
angular-locale_en-gm.js;701013122;2;1420426985;|25256|292745
angular-locale_en-gu.js;2609173837;5;1420426985;|16701|292746
angular-locale_en-gy.js;2031726454;5;1420426985;|16702|292747
angular-locale_en-hk.js;2599488621;5;1420426985;|16703|292748
angular-locale_en-ie.js;4061458904;5;1420426985;|16704|292749
angular-locale_en-im.js;789584018;2;1420426985;|25257|292750
angular-locale_en-in.js;1797691290;5;1420426985;|16705|292751
angular-locale_en-io.js;2291040823;2;1420426985;|25258|292752
angular-locale_en-iso.js;1064467700;5;1420426985;|16706|292753
angular-locale_en-je.js;3840644936;2;1420426985;|25259|292754
angular-locale_en-jm.js;85528045;5;1420426985;|16707|292755
angular-locale_en-ke.js;3580403814;2;1420426985;|25260|292756
angular-locale_en-ki.js;3699538162;2;1420426985;|25261|292757
angular-locale_en-kn.js;2548420378;2;1420426985;|25262|292758
angular-locale_en-ky.js;3371227944;2;1420426985;|25263|292759
angular-locale_en-lc.js;208875785;2;1420426985;|25264|292760
angular-locale_en-lr.js;3482327814;2;1420426985;|25265|292761
angular-locale_en-ls.js;1208121479;2;1420426985;|25266|292762
angular-locale_en-mg.js;806873269;2;1420426985;|25267|292763
angular-locale_en-mh.js;1407666952;5;1420426985;|16708|292764
angular-locale_en-mo.js;891866827;2;1420426985;|25268|292765
angular-locale_en-mp.js;1303165247;5;1420426985;|16709|292766
angular-locale_en-ms.js;4000261377;2;1420426985;|25269|292767
angular-locale_en-mt.js;2423485506;3;1420426985;|16710|292768
angular-locale_en-mu.js;2852788471;5;1420426985;|16711|292769
angular-locale_en-mw.js;1805431708;2;1420426985;|25270|292770
angular-locale_en-my.js;1182947574;1;1420426985;|34145|292109
angular-locale_en-na.js;1334660359;5;1420426985;|16712|292771
angular-locale_en-nf.js;82508527;2;1420426985;|25271|292772
angular-locale_en-ng.js;2681594137;2;1420426985;|25272|292773
angular-locale_en-nr.js;4164711139;2;1420426985;|25273|292774
angular-locale_en-nu.js;3009135883;2;1420426985;|25274|292775
angular-locale_en-nz.js;2743561140;5;1420426985;|16713|292776
angular-locale_en-pg.js;1765901775;2;1420426985;|25275|292777
angular-locale_en-ph.js;1152130205;5;1420426985;|16714|292778
angular-locale_en-pk.js;1288089572;5;1420426985;|16715|292779
angular-locale_en-pn.js;4001693648;2;1420426985;|25276|292780
angular-locale_en-pr.js;409675313;5;1420426985;|16716|292781
angular-locale_en-pw.js;660505650;5;1420426985;|16717|292782
angular-locale_en-rw.js;1532993938;2;1420426985;|25277|292783
angular-locale_en-sb.js;3453705180;2;1420426985;|25278|292784
angular-locale_en-sc.js;521903504;2;1420426985;|25279|292785
angular-locale_en-sd.js;1278654016;2;1420426985;|25280|292786
angular-locale_en-sg.js;4125851570;5;1420426985;|16718|292787
angular-locale_en-sh.js;2670345609;2;1420426985;|25281|292788
angular-locale_en-sl.js;807196441;2;1420426985;|25282|292789
angular-locale_en-ss.js;2099788906;2;1420426985;|25283|292790
angular-locale_en-sx.js;471844074;2;1420426985;|25284|292791
angular-locale_en-sz.js;4207670655;2;1420426985;|25285|292792
angular-locale_en-tc.js;3033587700;5;1420426985;|16719|292793
angular-locale_en-tk.js;3202977305;2;1420426985;|25286|292794
angular-locale_en-to.js;2564182870;2;1420426985;|25287|292795
angular-locale_en-tt.js;3955608518;5;1420426985;|16720|292796
angular-locale_en-tv.js;2677530157;2;1420426985;|25288|292797
angular-locale_en-tz.js;3231908503;2;1420426985;|25289|292798
angular-locale_en-ug.js;214896590;2;1420426985;|25290|292799
angular-locale_en-um.js;3564177398;5;1420426985;|16721|292800
angular-locale_en-us.js;1456262140;5;1420426985;|16722|292801
angular-locale_en-vc.js;2205988369;2;1420426985;|25291|292802
angular-locale_en-vg.js;2492346586;5;1420426985;|16723|292803
angular-locale_en-vi.js;4246204951;5;1420426985;|16724|292804
angular-locale_en-vu.js;2172460238;2;1420426985;|25292|292805
angular-locale_en-ws.js;154987616;2;1420426985;|25293|292806
angular-locale_en-za.js;4126757433;5;1420426985;|16725|292807
angular-locale_en-zm.js;4124618929;2;1420426985;|25294|292808
angular-locale_en-zw.js;2572099517;5;1420426985;|16726|292809
angular-locale_en.js;1934260319;5;1420426985;|16727|292810
angular-locale_eo-001.js;1312686475;2;1420426985;|25295|292811
angular-locale_eo.js;1983325699;2;1420426986;|25296|292812
angular-locale_es-419.js;3053697171;5;1420426986;|16728|292813
angular-locale_es-ar.js;2983231270;5;1420426986;|16729|292814
angular-locale_es-bo.js;2302531705;5;1420426986;|16730|292815
angular-locale_es-cl.js;3778820745;5;1420426986;|16731|292816
angular-locale_es-co.js;832325403;5;1420426986;|16732|292817
angular-locale_es-cr.js;2262834554;5;1420426986;|16733|292818
angular-locale_es-cu.js;1085493235;2;1420426986;|25297|292819
angular-locale_es-do.js;2522729920;5;1420426986;|16734|292820
angular-locale_es-ea.js;2559633661;5;1420426986;|16735|292821
angular-locale_es-ec.js;4243488903;5;1420426986;|16736|292822
angular-locale_es-es.js;1318399332;5;1420426986;|16737|292823
angular-locale_es-gq.js;3797691385;5;1420426986;|16738|292824
angular-locale_es-gt.js;3139865615;5;1420426986;|16739|292825
angular-locale_es-hn.js;2605064063;3;1420426986;|16740|292826
angular-locale_es-ic.js;2470084688;5;1420426986;|16741|292827
angular-locale_es-mx.js;2299257639;5;1420426986;|16742|292828
angular-locale_es-ni.js;3220015351;5;1420426986;|16743|292829
angular-locale_es-pa.js;3385185439;5;1420426986;|16744|292830
angular-locale_es-pe.js;3120801902;5;1420426986;|16745|292831
angular-locale_es-ph.js;26607525;2;1420426986;|25298|292832
angular-locale_es-pr.js;983083955;5;1420426986;|16746|292833
angular-locale_es-py.js;1245320637;5;1420426986;|16747|292834
angular-locale_es-sv.js;3984014095;5;1420426986;|16748|292835
angular-locale_es-us.js;2228040897;5;1420426986;|16749|292836
angular-locale_es-uy.js;3246803021;5;1420426986;|16750|292837
angular-locale_es-ve.js;3250622440;5;1420426986;|16751|292838
angular-locale_es.js;4264916021;5;1420426986;|16890|292839
angular-locale_et-ee.js;2448056917;5;1420426986;|16753|292840
angular-locale_et.js;3016147942;3;1420426986;|16889|292841
angular-locale_eu-es.js;3139264126;5;1420426986;|16755|292842
angular-locale_eu.js;3234984710;5;1420426986;|16756|292843
angular-locale_ewo-cm.js;1436407696;2;1420426986;|25299|292844
angular-locale_ewo.js;4290751209;2;1420426986;|25300|292845
angular-locale_fa-af.js;2159700423;5;1420426986;|16757|292846
angular-locale_fa-ir.js;941664744;5;1420426986;|16758|292847
angular-locale_fa.js;2722132684;5;1420426986;|16759|292848
angular-locale_ff-cm.js;2020203266;2;1420426986;|25301|292849
angular-locale_ff-gn.js;3366935524;2;1420426986;|25302|292850
angular-locale_ff-mr.js;2603874511;2;1420426986;|25303|292851
angular-locale_ff-sn.js;615708651;2;1420426986;|25304|292852
angular-locale_ff.js;607751813;2;1420426986;|25305|292853
angular-locale_fi-fi.js;769572818;5;1420426986;|16760|292854
angular-locale_fi.js;1951534294;5;1420426986;|16761|292855
angular-locale_fil-ph.js;3885681797;5;1420426986;|16762|292856
angular-locale_fil.js;3269829088;5;1420426986;|16763|292857
angular-locale_fo-fo.js;3218012648;2;1420426986;|25306|292858
angular-locale_fo.js;3593861102;2;1420426986;|25307|292859
angular-locale_fr-be.js;1321847169;5;1420426986;|16764|292860
angular-locale_fr-bf.js;3298960272;5;1420426986;|16765|292861
angular-locale_fr-bi.js;3978831672;5;1420426986;|16766|292862
angular-locale_fr-bj.js;225486323;5;1420426986;|16767|292863
angular-locale_fr-bl.js;3298614828;5;1420426986;|16768|292864
angular-locale_fr-ca.js;3600875631;5;1420426986;|16769|292865
angular-locale_fr-cd.js;225445976;3;1420426986;|16770|292866
angular-locale_fr-cf.js;801028400;5;1420426986;|16771|292867
angular-locale_fr-cg.js;4267809303;5;1420426986;|16772|292868
angular-locale_fr-ch.js;3693127763;5;1420426986;|16773|292869
angular-locale_fr-ci.js;29076627;5;1420426986;|16774|292870
angular-locale_fr-cm.js;3202538597;5;1420426986;|16775|292871
angular-locale_fr-dj.js;1647967073;5;1420426986;|16776|292872
angular-locale_fr-dz.js;3058174818;2;1420426986;|25308|292873
angular-locale_fr-fr.js;4293375833;5;1420426986;|16777|292874
angular-locale_fr-ga.js;2379151845;5;1420426986;|16778|292875
angular-locale_fr-gf.js;3678032373;5;1420426986;|16779|292876
angular-locale_fr-gn.js;4169787887;5;1420426986;|16780|292877
angular-locale_fr-gp.js;586390814;5;1420426986;|16781|292878
angular-locale_fr-gq.js;4250334495;5;1420426986;|16782|292879
angular-locale_fr-ht.js;3978646141;2;1420426986;|25309|292880
angular-locale_fr-km.js;2930628523;5;1420426986;|16783|292881
angular-locale_fr-lu.js;2716482670;5;1420426986;|16784|292882
angular-locale_fr-ma.js;165144154;2;1420426986;|25310|292883
angular-locale_fr-mc.js;1160798618;5;1420426986;|16785|292884
angular-locale_fr-mf.js;1701954211;5;1420426986;|16786|292885
angular-locale_fr-mg.js;3011314377;5;1420426986;|16787|292886
angular-locale_fr-ml.js;1699692319;5;1420426986;|16788|292887
angular-locale_fr-mq.js;1298607471;5;1420426986;|16789|292888
angular-locale_fr-mr.js;3803967433;2;1420426986;|25311|292889
angular-locale_fr-mu.js;43208407;2;1420426986;|25312|292890
angular-locale_fr-nc.js;1581584251;2;1420426986;|25313|292891
angular-locale_fr-ne.js;3116409564;5;1420426986;|16790|292892
angular-locale_fr-pf.js;1739137017;2;1420426986;|25314|292893
angular-locale_fr-pm.js;3634146516;2;1420426986;|25315|292894
angular-locale_fr-re.js;1880586360;5;1420426986;|16791|292895
angular-locale_fr-rw.js;3289012876;3;1420426986;|20429|292896
angular-locale_fr-sc.js;601801911;2;1420426986;|25316|292897
angular-locale_fr-sn.js;70110379;3;1420426986;|20430|292898
angular-locale_fr-sy.js;1948432048;2;1420426986;|25317|292899
angular-locale_fr-td.js;3314245963;3;1420426986;|20431|292900
angular-locale_fr-tg.js;576516747;3;1420426986;|20432|292901
angular-locale_fr-tn.js;1784022152;2;1420426986;|25318|292902
angular-locale_fr-vu.js;1404319197;2;1420426986;|25319|292903
angular-locale_fr-wf.js;2823488643;2;1420426986;|25320|292904
angular-locale_fr-yt.js;3401625275;5;1420426987;|16792|292905
angular-locale_fr.js;4188272343;5;1420426987;|16793|292906
angular-locale_fur-it.js;1744099248;2;1420426987;|25321|292907
angular-locale_fur.js;2674447622;2;1420426987;|25322|292908
angular-locale_fy-nl.js;488732654;2;1420426987;|25323|292909
angular-locale_fy.js;2552310092;2;1420426987;|25324|292910
angular-locale_ga-ie.js;1690656319;2;1420426987;|25325|292911
angular-locale_ga.js;2347734350;2;1420426987;|25326|292912
angular-locale_gd-gb.js;2646624458;2;1420426987;|25327|292913
angular-locale_gd.js;490310036;2;1420426987;|25328|292914
angular-locale_gl-es.js;3990097216;5;1420426987;|16794|292915
angular-locale_gl.js;3484016472;5;1420426987;|16795|292916
angular-locale_gsw-ch.js;2452864642;5;1420426987;|16796|292917
angular-locale_gsw-fr.js;3396698521;1;1420426987;|34131|291917
angular-locale_gsw-li.js;3546553798;2;1420426987;|25329|292918
angular-locale_gsw.js;1067637619;5;1420426987;|16797|292919
angular-locale_gu-in.js;3854243891;5;1420426987;|16798|292920
angular-locale_gu.js;2142629028;5;1420426987;|16799|292921
angular-locale_guz-ke.js;1894537540;2;1420426987;|25330|292922
angular-locale_guz.js;767814059;2;1420426987;|25331|292923
angular-locale_gv-im.js;1837784682;2;1420426987;|25332|292924
angular-locale_gv.js;3630498643;2;1420426987;|25333|292925
angular-locale_ha-latn-gh.js;929367791;2;1420426987;|25334|292926
angular-locale_ha-latn-ne.js;4177615536;2;1420426987;|25335|292927
angular-locale_ha-latn-ng.js;2687551392;2;1420426987;|25336|292928
angular-locale_ha-latn.js;119924313;2;1420426987;|25337|292929
angular-locale_ha.js;902976900;2;1420426987;|25338|292930
angular-locale_haw-us.js;2766731412;2;1420426987;|25339|292931
angular-locale_haw.js;2350242999;2;1420426987;|25340|292932
angular-locale_he-il.js;263890502;3;1420426987;|16800|292933
angular-locale_he.js;1338254020;5;1420426987;|16801|292934
angular-locale_hi-in.js;1252664866;5;1420426987;|16802|292935
angular-locale_hi.js;868491095;5;1420426987;|16803|292936
angular-locale_hr-ba.js;1563558318;2;1420426987;|25342|292937
angular-locale_hr-hr.js;1993595760;5;1420426987;|16804|292938
angular-locale_hr.js;435680590;5;1420426987;|16805|292939
angular-locale_hsb-de.js;3152416168;1;1420426987;|34146|292242
angular-locale_hsb.js;1447164427;1;1420426987;|34147|292243
angular-locale_hu-hu.js;734804736;5;1420426987;|16806|292940
angular-locale_hu.js;2148181462;5;1420426987;|16807|292941
angular-locale_hy-am.js;570041002;2;1420426987;|25343|292942
angular-locale_hy.js;3698956851;2;1420426987;|25344|292943
angular-locale_ia-fr.js;3597445712;2;1420426987;|25345|292944
angular-locale_ia.js;3381423766;2;1420426987;|25346|292945
angular-locale_id-id.js;1653960020;5;1420426987;|16808|292946
angular-locale_id.js;2746546989;5;1420426987;|16809|292947
angular-locale_ig-ng.js;1926289975;2;1420426987;|25347|292948
angular-locale_ig.js;1597165359;2;1420426987;|25348|292949
angular-locale_ii-cn.js;3277376893;2;1420426987;|25349|292950
angular-locale_ii.js;512694606;2;1420426987;|25350|292951
angular-locale_in.js;3821737236;5;1420426987;|16810|292952
angular-locale_is-is.js;2476862422;5;1420426987;|16811|292953
angular-locale_is.js;146919706;5;1420426987;|16812|292954
angular-locale_it-ch.js;268601667;3;1420426987;|20426|292955
angular-locale_it-it.js;3126301226;5;1420426987;|16813|292956
angular-locale_it-sm.js;4236406480;5;1420426987;|16814|292957
angular-locale_it.js;513347137;5;1420426987;|16815|292958
angular-locale_iw.js;1149073686;5;1420426987;|16816|292959
angular-locale_ja-jp.js;510293682;5;1420426987;|16817|292960
angular-locale_ja.js;3719671739;5;1420426987;|16818|292961
angular-locale_jgo-cm.js;2730687045;2;1420426987;|25351|292962
angular-locale_jgo.js;2240658890;2;1420426987;|25352|292963
angular-locale_jmc-tz.js;895542766;2;1420426987;|25353|292964
angular-locale_jmc.js;2171435220;2;1420426987;|25354|292965
angular-locale_ka-ge.js;3289978577;2;1420426987;|25355|292966
angular-locale_ka.js;4286865895;2;1420426987;|25356|292967
angular-locale_kab-dz.js;776246218;2;1420426987;|25357|292968
angular-locale_kab.js;1234718690;2;1420426987;|25358|292969
angular-locale_kam-ke.js;127380422;2;1420426987;|25359|292970
angular-locale_kam.js;3615969081;2;1420426987;|25360|292971
angular-locale_kde-tz.js;3977964681;2;1420426987;|25361|292972
angular-locale_kde.js;1669454182;2;1420426987;|25362|292973
angular-locale_kea-cv.js;1669185306;2;1420426987;|25363|292974
angular-locale_kea.js;3904827963;2;1420426987;|25364|292975
angular-locale_khq-ml.js;37522457;2;1420426987;|25365|292976
angular-locale_khq.js;1427818409;2;1420426987;|25366|292977
angular-locale_ki-ke.js;1744054443;2;1420426987;|25367|292978
angular-locale_ki.js;539688467;2;1420426987;|25368|292979
angular-locale_kk-cyrl-kz.js;96409494;2;1420426987;|25369|292980
angular-locale_kk-cyrl.js;925692186;2;1420426987;|25370|292981
angular-locale_kk.js;5361600;2;1420426987;|25371|292982
angular-locale_kkj-cm.js;2964779997;2;1420426987;|25372|292983
angular-locale_kkj.js;2693228043;2;1420426987;|25373|292984
angular-locale_kl-gl.js;4243123007;2;1420426987;|25374|292985
angular-locale_kl.js;2171514124;2;1420426987;|25375|292986
angular-locale_kln-ke.js;3233930798;2;1420426987;|25376|292987
angular-locale_kln.js;2606580260;2;1420426987;|25377|292988
angular-locale_km-kh.js;4258684831;2;1420426987;|25378|292989
angular-locale_km.js;3778667276;2;1420426987;|25379|292990
angular-locale_kn-in.js;616681554;5;1420426987;|16819|292991
angular-locale_kn.js;2881510343;5;1420426987;|16820|292992
angular-locale_ko-kp.js;2452822755;2;1420426987;|25380|292993
angular-locale_ko-kr.js;2892917384;5;1420426987;|16821|292994
angular-locale_ko.js;2007389146;5;1420426988;|16822|292995
angular-locale_kok-in.js;3646735804;2;1420426988;|25381|292996
angular-locale_kok.js;3105351102;2;1420426988;|25382|292997
angular-locale_ks-arab-in.js;213599607;2;1420426988;|25383|292998
angular-locale_ks-arab.js;3305694637;2;1420426988;|25384|292999
angular-locale_ks.js;3585018010;2;1420426988;|25385|293000
angular-locale_ksb-tz.js;2826275006;2;1420426988;|25386|293001
angular-locale_ksb.js;22712353;2;1420426988;|25387|293002
angular-locale_ksf-cm.js;2353231650;2;1420426988;|25388|293003
angular-locale_ksf.js;2124574690;2;1420426988;|25389|293004
angular-locale_ksh-de.js;4105490868;2;1420426988;|25390|293005
angular-locale_ksh.js;3425126715;2;1420426988;|25391|293006
angular-locale_kw-gb.js;4083224188;2;1420426988;|25392|293007
angular-locale_kw.js;2165906314;2;1420426988;|25393|293008
angular-locale_ky-cyrl-kg.js;4096351897;2;1420426988;|25394|293009
angular-locale_ky-cyrl.js;4245109364;2;1420426988;|25395|293010
angular-locale_ky.js;2883136585;2;1420426988;|25396|293011
angular-locale_lag-tz.js;1365611262;2;1420426988;|25397|293012
angular-locale_lag.js;1546508328;2;1420426988;|25398|293013
angular-locale_lb-lu.js;1603008785;1;1420426988;|34132|291921
angular-locale_lb.js;4127212666;1;1420426988;|34133|291922
angular-locale_lg-ug.js;58689707;2;1420426988;|25399|293014
angular-locale_lg.js;1191231399;2;1420426988;|25400|293015
angular-locale_lkt-us.js;1555132489;2;1420426988;|25401|293016
angular-locale_lkt.js;3365709574;2;1420426988;|25402|293017
angular-locale_ln-ao.js;2954914162;2;1420426988;|25403|293018
angular-locale_ln-cd.js;3316335655;5;1420426988;|16823|293019
angular-locale_ln-cf.js;3878087785;2;1420426988;|25404|293020
angular-locale_ln-cg.js;1996503512;3;1420426988;|20433|293021
angular-locale_ln.js;2348462050;5;1420426988;|16824|293022
angular-locale_lo-la.js;4093693458;2;1420426988;|25405|293023
angular-locale_lo.js;2934119071;2;1420426988;|25406|293024
angular-locale_lt-lt.js;3339118275;5;1420426988;|16825|293025
angular-locale_lt.js;251725620;5;1420426988;|16826|293026
angular-locale_lu-cd.js;512311515;2;1420426988;|25407|293027
angular-locale_lu.js;369092354;2;1420426988;|25408|293028
angular-locale_luo-ke.js;1875869857;2;1420426988;|25409|293029
angular-locale_luo.js;443836195;2;1420426988;|25410|293030
angular-locale_luy-ke.js;1094387543;2;1420426988;|25411|293031
angular-locale_luy.js;1665770132;2;1420426988;|25412|293032
angular-locale_lv-lv.js;690053338;5;1420426988;|16827|293033
angular-locale_lv.js;3496893876;5;1420426988;|16828|293034
angular-locale_mas-ke.js;1085712041;2;1420426988;|25413|293035
angular-locale_mas-tz.js;3743667133;2;1420426988;|25414|293036
angular-locale_mas.js;1497845385;2;1420426988;|25415|293037
angular-locale_mer-ke.js;1849549331;2;1420426988;|25416|293038
angular-locale_mer.js;3715077330;2;1420426988;|25417|293039
angular-locale_mfe-mu.js;3747925340;2;1420426988;|25418|293040
angular-locale_mfe.js;3893289236;2;1420426988;|25419|293041
angular-locale_mg-mg.js;4012021772;2;1420426988;|25420|293042
angular-locale_mg.js;3181148317;2;1420426988;|25421|293043
angular-locale_mgh-mz.js;685283332;2;1420426988;|25422|293044
angular-locale_mgh.js;2791981409;2;1420426988;|25423|293045
angular-locale_mgo-cm.js;3498326600;2;1420426988;|25424|293046
angular-locale_mgo.js;3408618152;2;1420426988;|25425|293047
angular-locale_mk-mk.js;1521787832;2;1420426988;|25426|293048
angular-locale_mk.js;2684042258;2;1420426988;|25427|293049
angular-locale_ml-in.js;3417870595;5;1420426988;|16829|293050
angular-locale_ml.js;3456793604;3;1420426988;|16830|293051
angular-locale_mn-cyrl-mn.js;1190942306;2;1420426988;|25428|293052
angular-locale_mn-cyrl.js;497752250;2;1420426988;|25429|293053
angular-locale_mn.js;288069597;2;1420426988;|25430|293054
angular-locale_mr-in.js;2585936796;5;1420426988;|16831|293055
angular-locale_mr.js;3483489511;5;1420426988;|16832|293056
angular-locale_ms-latn-bn.js;1646920315;2;1420426988;|25431|293057
angular-locale_ms-latn-my.js;1412764573;2;1420426988;|25432|293058
angular-locale_ms-latn-sg.js;573376236;2;1420426988;|25433|293059
angular-locale_ms-latn.js;1142658942;2;1420426988;|25434|293060
angular-locale_ms.js;3991649468;5;1420426988;|16834|293061
angular-locale_mt-mt.js;805719529;5;1420426988;|16835|293062
angular-locale_mt.js;3936079307;5;1420426988;|16836|293063
angular-locale_mua-cm.js;1691673541;2;1420426988;|25435|293064
angular-locale_mua.js;3105805534;2;1420426988;|25436|293065
angular-locale_my-mm.js;3928253049;2;1420426988;|25437|293066
angular-locale_my.js;2651152169;2;1420426988;|25438|293067
angular-locale_naq-na.js;1036233675;2;1420426988;|25439|293068
angular-locale_naq.js;3306532120;2;1420426988;|25440|293069
angular-locale_nb-no.js;3373835033;2;1420426988;|25441|293070
angular-locale_nb-sj.js;2221176421;2;1420426988;|25442|293071
angular-locale_nb.js;3682743071;2;1420426988;|25443|293072
angular-locale_nd-zw.js;3950054898;2;1420426988;|25444|293073
angular-locale_nd.js;453244997;2;1420426988;|25445|293074
angular-locale_ne-in.js;2120937527;2;1420426988;|25446|293075
angular-locale_ne-np.js;915199548;2;1420426988;|25447|293076
angular-locale_ne.js;2506256966;2;1420426988;|25448|293077
angular-locale_nl-aw.js;3772093379;3;1420426988;|20435|293078
angular-locale_nl-be.js;1330717503;3;1420426988;|20436|293079
angular-locale_nl-bq.js;3955305403;2;1420426988;|25449|293080
angular-locale_nl-cw.js;2041301534;5;1420426988;|16837|293081
angular-locale_nl-nl.js;1768419750;5;1420426988;|16838|293082
angular-locale_nl-sr.js;3632154942;2;1420426988;|25450|293083
angular-locale_nl-sx.js;1592223090;5;1420426988;|16839|293084
angular-locale_nl.js;515197926;5;1420426988;|16840|293085
angular-locale_nmg-cm.js;3554269811;2;1420426989;|25451|293086
angular-locale_nmg.js;2089656163;2;1420426989;|25452|293087
angular-locale_nn-no.js;83143256;2;1420426989;|25453|293088
angular-locale_nn.js;2102181254;2;1420426989;|25454|293089
angular-locale_nnh-cm.js;1952663912;2;1420426989;|25455|293090
angular-locale_nnh.js;3339059028;2;1420426989;|25456|293091
angular-locale_no-no.js;2230870042;2;1420426989;|25457|293092
angular-locale_no.js;3625323246;5;1420426989;|16841|293093
angular-locale_nr-za.js;3609537602;2;1420426989;|25458|293094
angular-locale_nr.js;3573406515;2;1420426989;|25459|293095
angular-locale_nso-za.js;1188741089;2;1420426989;|25460|293096
angular-locale_nso.js;1187097587;2;1420426989;|25461|293097
angular-locale_nus-sd.js;2005285194;2;1420426989;|25462|293098
angular-locale_nus.js;2024688143;2;1420426989;|25463|293099
angular-locale_nyn-ug.js;3347052728;2;1420426989;|25464|293100
angular-locale_nyn.js;3442105238;2;1420426989;|25465|293101
angular-locale_om-et.js;3392608683;2;1420426989;|25466|293102
angular-locale_om-ke.js;3415402271;2;1420426989;|25467|293103
angular-locale_om.js;3142275775;2;1420426989;|25468|293104
angular-locale_or-in.js;3396974950;5;1420426989;|16842|293105
angular-locale_or.js;2863902483;5;1420426989;|16843|293106
angular-locale_os-ge.js;4119501381;2;1420426989;|25469|293107
angular-locale_os-ru.js;176395060;2;1420426989;|25470|293108
angular-locale_os.js;2788980532;2;1420426989;|25471|293109
angular-locale_pa-arab-pk.js;3181472669;2;1420426989;|25472|293110
angular-locale_pa-arab.js;2294900557;2;1420426989;|25473|293111
angular-locale_pa-guru-in.js;2929959735;2;1420426989;|25474|293112
angular-locale_pa-guru.js;877156513;2;1420426989;|25475|293113
angular-locale_pa.js;1838448971;2;1420426989;|25476|293114
angular-locale_pl-pl.js;3187791965;5;1420426989;|16844|293115
angular-locale_pl.js;1419221154;5;1420426989;|16845|293116
angular-locale_ps-af.js;1688707085;2;1420426989;|25477|293117
angular-locale_ps.js;1111027614;2;1420426989;|25478|293118
angular-locale_pt-ao.js;2944629916;3;1420426989;|20437|293119
angular-locale_pt-br.js;2076863236;5;1420426989;|16846|293120
angular-locale_pt-cv.js;3003991227;2;1420426989;|25479|293121
angular-locale_pt-gw.js;673889192;3;1420426989;|20438|293122
angular-locale_pt-mo.js;1069650452;2;1420426989;|25480|293123
angular-locale_pt-mz.js;36686587;3;1420426989;|20439|293124
angular-locale_pt-pt.js;3717822648;5;1420426989;|16847|293125
angular-locale_pt-st.js;1340492307;3;1420426989;|20440|293126
angular-locale_pt-tl.js;1556256952;2;1420426989;|25481|293127
angular-locale_pt.js;1949228455;5;1420426989;|16848|293128
angular-locale_qu-bo.js;1959740629;1;1420426989;|34149|292399
angular-locale_qu-ec.js;2067509511;1;1420426989;|34150|292400
angular-locale_qu-pe.js;1437438089;1;1420426989;|34151|292401
angular-locale_qu.js;1851183658;1;1420426989;|34144|292091
angular-locale_rm-ch.js;142195371;2;1420426989;|25482|293129
angular-locale_rm.js;1752408560;2;1420426989;|25483|293130
angular-locale_rn-bi.js;1652090227;2;1420426989;|25484|293131
angular-locale_rn.js;486783492;2;1420426989;|25485|293132
angular-locale_ro-md.js;2420659841;3;1420426989;|20441|293133
angular-locale_ro-ro.js;37736351;5;1420426989;|16849|293134
angular-locale_ro.js;1359883045;5;1420426989;|16850|293135
angular-locale_rof-tz.js;3494440871;2;1420426989;|25486|293136
angular-locale_rof.js;3933833844;2;1420426989;|25487|293137
angular-locale_ru-by.js;1141036440;2;1420426989;|25488|293138
angular-locale_ru-kg.js;1523892470;2;1420426989;|25489|293139
angular-locale_ru-kz.js;68845663;2;1420426989;|25490|293140
angular-locale_ru-md.js;4260852527;3;1420426989;|20442|293141
angular-locale_ru-ru.js;1262019788;5;1420426989;|16851|293142
angular-locale_ru-ua.js;1305659572;3;1420426989;|20443|293143
angular-locale_ru.js;3194340086;5;1420426989;|16852|293144
angular-locale_rw-rw.js;2275229072;2;1420426989;|25491|293145
angular-locale_rw.js;1172553635;2;1420426989;|25492|293146
angular-locale_rwk-tz.js;134950113;2;1420426989;|25493|293147
angular-locale_rwk.js;2524401333;2;1420426989;|25494|293148
angular-locale_sah-ru.js;1247689214;2;1420426989;|25495|293149
angular-locale_sah.js;4193143367;2;1420426989;|25496|293150
angular-locale_saq-ke.js;1423075488;2;1420426989;|25497|293151
angular-locale_saq.js;3297488703;2;1420426989;|25498|293152
angular-locale_sbp-tz.js;3518619229;2;1420426989;|25499|293153
angular-locale_sbp.js;1389426248;2;1420426989;|25500|293154
angular-locale_se-fi.js;3485859465;2;1420426989;|25501|293155
angular-locale_se-no.js;2869824042;2;1420426989;|25502|293156
angular-locale_se-se.js;4109419721;1;1420426989;|34148|292279
angular-locale_se.js;3676248698;2;1420426989;|25503|293157
angular-locale_seh-mz.js;1935781300;2;1420426989;|25504|293158
angular-locale_seh.js;682075086;2;1420426989;|25505|293159
angular-locale_ses-ml.js;1494441145;2;1420426989;|25506|293160
angular-locale_ses.js;11225543;2;1420426989;|25507|293161
angular-locale_sg-cf.js;3908652538;2;1420426989;|25508|293162
angular-locale_sg.js;3870874389;2;1420426989;|25509|293163
angular-locale_shi-latn-ma.js;2183675265;2;1420426989;|25510|293164
angular-locale_shi-latn.js;3547989394;2;1420426989;|25511|293165
angular-locale_shi-tfng-ma.js;3389984265;2;1420426989;|25512|293166
angular-locale_shi-tfng.js;3434142748;2;1420426989;|25513|293167
angular-locale_shi.js;1485669333;2;1420426989;|25514|293168
angular-locale_si-lk.js;2546375664;2;1420426989;|25515|293169
angular-locale_si.js;726465697;2;1420426989;|25516|293170
angular-locale_sk-sk.js;747357366;5;1420426989;|16853|293171
angular-locale_sk.js;3201198427;5;1420426989;|16854|293172
angular-locale_sl-si.js;1399586713;5;1420426989;|16855|293173
angular-locale_sl.js;3231288039;5;1420426990;|16856|293174
angular-locale_smn-fi.js;1119373630;1;1420426990;|34152|292435
angular-locale_smn.js;3000600994;1;1420426990;|34153|292436
angular-locale_sn-zw.js;4161759364;2;1420426990;|25517|293175
angular-locale_sn.js;233758753;2;1420426990;|25518|293176
angular-locale_so-dj.js;3374367326;2;1420426990;|25519|293177
angular-locale_so-et.js;2913530156;2;1420426990;|25520|293178
angular-locale_so-ke.js;3888927957;2;1420426990;|25521|293179
angular-locale_so-so.js;2174660744;2;1420426990;|25522|293180
angular-locale_so.js;4249017996;2;1420426990;|25523|293181
angular-locale_sq-al.js;2611990493;5;1420426990;|16857|293182
angular-locale_sq-mk.js;3188692645;2;1420426990;|25524|293183
angular-locale_sq-xk.js;1687162654;2;1420426990;|25525|293184
angular-locale_sq.js;3303593766;5;1420426990;|16858|293185
angular-locale_sr-cyrl-ba.js;215246200;3;1420426990;|20444|293186
angular-locale_sr-cyrl-me.js;3896172374;3;1420426990;|20445|293187
angular-locale_sr-cyrl-rs.js;1797677846;5;1420426990;|16859|293188
angular-locale_sr-cyrl-xk.js;1060414279;2;1420426990;|25526|293189
angular-locale_sr-cyrl.js;2578579432;3;1420426990;|20446|293190
angular-locale_sr-latn-ba.js;3914100556;3;1420426990;|20447|293191
angular-locale_sr-latn-me.js;406529738;3;1420426990;|20448|293192
angular-locale_sr-latn-rs.js;2244750344;3;1420426990;|16860|293193
angular-locale_sr-latn-xk.js;3476380379;2;1420426990;|25527|293194
angular-locale_sr-latn.js;840772879;3;1420426990;|20449|293195
angular-locale_sr.js;2954587609;5;1420426990;|16861|293196
angular-locale_ss-sz.js;681667145;2;1420426990;|25528|293197
angular-locale_ss-za.js;2548863175;2;1420426990;|25529|293198
angular-locale_ss.js;1134285337;2;1420426990;|25530|293199
angular-locale_ssy-er.js;1948384796;2;1420426990;|25531|293200
angular-locale_ssy.js;4124642750;2;1420426990;|25532|293201
angular-locale_st-ls.js;4239276920;2;1420426990;|25533|293202
angular-locale_st-za.js;2724757007;2;1420426990;|25534|293203
angular-locale_st.js;4259635745;2;1420426990;|25535|293204
angular-locale_sv-ax.js;3653332488;2;1420426990;|25536|293205
angular-locale_sv-fi.js;1428736361;3;1420426990;|20450|293206
angular-locale_sv-se.js;2322342535;5;1420426990;|16862|293207
angular-locale_sv.js;364861752;5;1420426990;|16863|293208
angular-locale_sw-ke.js;4205778034;3;1420426990;|20451|293209
angular-locale_sw-tz.js;4016354947;5;1420426990;|16864|293210
angular-locale_sw-ug.js;587774938;2;1420426990;|25537|293211
angular-locale_sw.js;4053903937;5;1420426990;|16865|293212
angular-locale_swc-cd.js;3189638043;2;1420426990;|25538|293213
angular-locale_swc.js;2259083653;2;1420426990;|25539|293214
angular-locale_ta-in.js;2984357121;5;1420426990;|16866|293215
angular-locale_ta-lk.js;3636665197;3;1420426990;|20452|293216
angular-locale_ta-my.js;1845359711;2;1420426990;|25540|293217
angular-locale_ta-sg.js;2755732823;2;1420426990;|25541|293218
angular-locale_ta.js;3384661852;5;1420426990;|16867|293219
angular-locale_te-in.js;1255198085;5;1420426990;|16868|293220
angular-locale_te.js;791705024;5;1420426990;|16869|293221
angular-locale_teo-ke.js;670545062;2;1420426990;|25542|293222
angular-locale_teo-ug.js;884470947;2;1420426990;|25543|293223
angular-locale_teo.js;398887458;2;1420426990;|25544|293224
angular-locale_tg-cyrl-tj.js;2100690361;2;1420426990;|25545|293225
angular-locale_tg-cyrl.js;4209772194;2;1420426990;|25546|293226
angular-locale_tg.js;3160072851;2;1420426990;|25547|293227
angular-locale_th-th.js;455030206;5;1420426990;|16870|293228
angular-locale_th.js;2770568915;5;1420426990;|16871|293229
angular-locale_ti-er.js;2447476771;2;1420426990;|25548|293230
angular-locale_ti-et.js;4232790951;2;1420426990;|25549|293231
angular-locale_ti.js;637580852;2;1420426990;|25550|293232
angular-locale_tig-er.js;1345509841;2;1420426990;|25551|293233
angular-locale_tig.js;3678468918;2;1420426990;|25552|293234
angular-locale_tl.js;2681147219;5;1420426990;|16872|293235
angular-locale_tn-bw.js;2930732107;2;1420426990;|25553|293236
angular-locale_tn-za.js;2332929369;2;1420426990;|25554|293237
angular-locale_tn.js;1818813679;2;1420426990;|25555|293238
angular-locale_to-to.js;229099674;2;1420426990;|25556|293239
angular-locale_to.js;2239846197;2;1420426990;|25557|293240
angular-locale_tr-cy.js;51910418;2;1420426990;|25558|293241
angular-locale_tr-tr.js;1339955242;5;1420426990;|16873|293242
angular-locale_tr.js;2091154035;5;1420426990;|16874|293243
angular-locale_ts-za.js;3340465252;2;1420426990;|25559|293244
angular-locale_ts.js;3203587213;2;1420426990;|25560|293245
angular-locale_twq-ne.js;1054478276;2;1420426990;|25561|293246
angular-locale_twq.js;957454004;2;1420426990;|25562|293247
angular-locale_tzm-latn-ma.js;4255496369;2;1420426990;|25563|293248
angular-locale_tzm-latn.js;316968860;2;1420426990;|25564|293249
angular-locale_tzm.js;1632976446;2;1420426990;|25565|293250
angular-locale_ug-arab-cn.js;1903689813;2;1420426990;|25566|293251
angular-locale_ug-arab.js;3773055867;2;1420426990;|25567|293252
angular-locale_ug.js;136949634;2;1420426990;|25568|293253
angular-locale_uk-ua.js;3056178698;5;1420426990;|16875|293254
angular-locale_uk.js;2587308636;5;1420426990;|16876|293255
angular-locale_ur-in.js;2169183321;3;1420426990;|20453|293256
angular-locale_ur-pk.js;366610973;5;1420426990;|16877|293257
angular-locale_ur.js;478450255;5;1420426990;|16878|293258
angular-locale_uz-arab-af.js;2396585787;2;1420426990;|25569|293259
angular-locale_uz-arab.js;2909331759;2;1420426990;|25570|293260
angular-locale_uz-cyrl-uz.js;3882854672;2;1420426990;|25571|293261
angular-locale_uz-cyrl.js;2090769065;2;1420426990;|25572|293262
angular-locale_uz-latn-uz.js;3548911697;2;1420426990;|25573|293263
angular-locale_uz-latn.js;3425969662;2;1420426990;|25574|293264
angular-locale_uz.js;3875098874;2;1420426991;|25575|293265
angular-locale_vai-latn-lr.js;908352162;2;1420426991;|25576|293266
angular-locale_vai-latn.js;3424793380;2;1420426991;|25577|293267
angular-locale_vai-vaii-lr.js;563863672;2;1420426991;|25578|293268
angular-locale_vai-vaii.js;3021564015;2;1420426991;|25579|293269
angular-locale_vai.js;1715583233;2;1420426991;|25580|293270
angular-locale_ve-za.js;3892909732;2;1420426991;|25581|293271
angular-locale_ve.js;189342235;2;1420426991;|25582|293272
angular-locale_vi-vn.js;1325642953;5;1420426991;|16879|293273
angular-locale_vi.js;2738967590;5;1420426991;|16880|293274
angular-locale_vo-001.js;4211282122;2;1420426991;|25583|293275
angular-locale_vo.js;3753487188;2;1420426991;|25584|293276
angular-locale_vun-tz.js;1018553333;2;1420426991;|25585|293277
angular-locale_vun.js;3030924277;2;1420426991;|25586|293278
angular-locale_wae-ch.js;3049711643;2;1420426991;|25587|293279
angular-locale_wae.js;2156916997;2;1420426991;|25588|293280
angular-locale_wal-et.js;3331527625;2;1420426991;|25589|293281
angular-locale_wal.js;3028773914;2;1420426991;|25590|293282
angular-locale_xh-za.js;4247284123;2;1420426991;|25591|293283
angular-locale_xh.js;3802376651;2;1420426991;|25592|293284
angular-locale_xog-ug.js;2374006927;2;1420426991;|25593|293285
angular-locale_xog.js;3780669426;2;1420426991;|25594|293286
angular-locale_yav-cm.js;904262819;2;1420426991;|25595|293287
angular-locale_yav.js;586821730;2;1420426991;|25596|293288
angular-locale_yi-001.js;818624292;1;1420426991;|34142|292046
angular-locale_yi.js;3845065763;1;1420426991;|34143|292047
angular-locale_yo-bj.js;274747003;2;1420426991;|25597|293289
angular-locale_yo-ng.js;1374695349;2;1420426991;|25598|293290
angular-locale_yo.js;166773141;2;1420426991;|25599|293291
angular-locale_zgh-ma.js;3558874406;2;1420426991;|25600|293292
angular-locale_zgh.js;1356755220;2;1420426991;|25601|293293
angular-locale_zh-cn.js;3624853539;5;1420427010;|16881|293294
angular-locale_zh-hans-cn.js;1356266951;5;1420427010;|16882|293295
angular-locale_zh-hans-hk.js;2000420223;3;1420427010;|20454|293296
angular-locale_zh-hans-mo.js;1413118683;3;1420427010;|20455|293297
angular-locale_zh-hans-sg.js;2743991631;3;1420427010;|20456|293298
angular-locale_zh-hans.js;2136340797;3;1420427010;|20457|293299
angular-locale_zh-hant-hk.js;4246887824;3;1420427010;|20458|293300
angular-locale_zh-hant-mo.js;3348116876;3;1420427010;|20459|293301
angular-locale_zh-hant-tw.js;3848115730;3;1420427010;|20427|293302
angular-locale_zh-hant.js;2254209362;3;1420427011;|20428|293303
angular-locale_zh-hk.js;3147121669;5;1420427011;|16883|293304
angular-locale_zh-tw.js;2415356016;5;1420427011;|16884|293305
angular-locale_zh.js;1381601469;5;1420427011;|16885|293306
angular-locale_zu-za.js;3392349965;5;1420427011;|16886|293307
angular-locale_zu.js;733629399;5;1420427011;|16887|293308
