SCMBranch=USR-717
SCMRepository=User Interface/Task Time Tracker/Web/MA/ApplicationDevelopment/FunctionalityXFunctionalityActiveStatus
SCMMainlineUUID={6a359bb0-6131-417f-b48a-3113b3a22182}
SCMBranchRepositoryID=30771
Clone.aspx.cs;4110290762;1;1418613669;|32907|285485
Clone.aspx.designer.cs;2399277386;1;1418613669;|32906|285484
CommonUpdate.aspx;2982823912;1;1418613669;|32916|285494
CommonUpdate.aspx.designer.cs;3424655035;1;1418613669;|32904|285482
Default.aspx.designer.cs;3179991860;1;1418613669;|32910|285488
Delete.aspx.cs;3484695352;1;1418613669;|32918|285496
Delete.aspx.designer.cs;2250162731;1;1418613669;|32919|285497
Details.aspx.designer.cs;3520653657;1;1418613669;|32921|285499
Export.aspx;2635148398;1;1418613669;|32920|285498
Export.aspx.cs;881996790;1;1418613669;|32922|285500
Export.aspx.designer.cs;692629071;1;1418613669;|32923|285501
InlineUpdate.aspx;1637120036;1;1418613669;|32930|285508
InlineUpdate.aspx.cs;3513154775;1;1418613669;|32924|285502
InlineUpdate.aspx.designer.cs;2646156697;1;1418613669;|32925|285503
Insert.aspx.cs;1358191537;1;1418613669;|32911|285489
Insert.aspx.designer.cs;3288226559;1;1418613669;|32912|285490
Settings.aspx;850414061;1;1418613669;|32927|285505
Settings.aspx.cs;818754530;1;1418613669;|32913|285491
Settings.aspx.designer.cs;1407190650;1;1418613669;|32914|285492
Update.aspx.cs;458726668;1;1418613669;|32915|285493
Update.aspx.designer.cs;1511175869;1;1418613669;|32932|285510
Default.aspx.cs;26632802;2;1418663989;|32903|286914
Clone.aspx;3205065662;3;1418752887;|32917|289015
Default.aspx;3119920020;3;1418752887;|32929|289016
Delete.aspx;220171649;3;1418752887;|32909|289017
Insert.aspx;2288620464;3;1418752897;|32928|289018
Details.aspx;3944479967;2;1419542781;|32908|290797
Update.aspx;1884703876;4;1419542781;|32926|290798
Details.aspx.cs;156375526;2;1447042478;|32931|335271
CommonUpdate.aspx.cs;2838852225;3;1493092262;|32905|357824
