SCMBranch=USR-717
SCMRepository=User Interface/Task Time Tracker/Web/Shared/QualityAssurance/AllEntityDetail/Controls
SCMMainlineUUID={6a359bb0-6131-417f-b48a-3113b3a22182}
SCMBranchRepositoryID=14840
Details.ascx.designer.cs;3347835229;3;1394430893;|10715|155250
Generic.ascx.cs;3571503932;2;1394430893;|10707|144187
Generic.ascx.designer.cs;2568085508;2;1394430893;|10706|144188
List.ascx;2732115635;2;1394430893;|10711|144189
List.ascx.cs;931987088;2;1394430893;|10705|144190
List.ascx.designer.cs;3647974168;2;1394430893;|10704|144191
Validation.xml;1508226554;1;1394430893;|10709|135485
Generic.ascx;414894899;5;1401244937;|10712|195583
Details.ascx;3314245752;5;1401678846;|10714|201843
Details.ascx.cs;3052471280;3;1401678846;|10708|201844
SearchFilter.ascx;1299270516;10;1405544893;|10710|213390
SearchFilter.ascx.cs;1136116512;8;1405544893;|10703|213391
SearchFilter.ascx.designer.cs;3204705816;3;1405544893;|10713|213392
