SCMBranch=USR-717
SCMRepository=User Interface/Task Time Tracker/Web/app/BM/Legal/views/Gen/Detail
SCMMainlineUUID={6a359bb0-6131-417f-b48a-3113b3a22182}
SCMBranchRepositoryID=35062
detailTransactionType.html;2246790018;3;1435138107;|38733|311436
Core.cs;1566315191;2;1439523305;|38573|322458
Core.tt;291069006;5;1439523305;|38570|322459
WorkSchedules.cs;1566315191;1;1439523305;|40219|325366
WorkSchedules.tt;2958486808;1;1439523305;|40217|325364
detailCaseStatus.html;2357373131;5;1449034034;|38574|337786
detailCaseType.html;2024890719;5;1449034034;|38575|337787
detailClientType.html;933782070;5;1449034034;|38576|337788
detailCounsel.html;3775124015;5;1449034034;|38577|337789
detailJurisdictions.html;2779956428;5;1449034034;|38572|337790
detailMovantType.html;1173475955;5;1449034034;|38571|337791
detailPressReleaseType.html;877384637;5;1449034034;|38735|337792
detailReportingRequirement.html;2045014003;5;1449034034;|38734|337793
detailReportType.html;673417331;5;1449034034;|38737|337794
detailRetrievalMethod.html;1785128283;5;1449034035;|38736|337795
detailSettlementStatus.html;3826499784;5;1449034035;|38732|337796
