SCMBranch=USR-717
SCMRepository=User Interface/Task Time Tracker/Web/Shared/QualityAssurance/FunctionalityStatus
SCMMainlineUUID={6a359bb0-6131-417f-b48a-3113b3a22182}
SCMBranchRepositoryID=10384
Clone.aspx.cs;1284128986;9;1394430899;|4893|107963
Clone.aspx.designer.cs;1114852312;2;1394430899;|4894|57087
CommonUpdate.aspx.designer.cs;1281965503;1;1394430899;|8981|70507
Default.aspx;3337554324;7;1394430899;|4892|172632
Default.aspx.designer.cs;871802773;4;1394430899;|4901|92403
Delete.aspx.designer.cs;3880178913;2;1394430899;|4899|57093
Details.aspx.cs;3427787283;9;1394430899;|4897|120270
Details.aspx.designer.cs;49718962;3;1394430899;|4896|108138
Export.aspx;1654975931;2;1394430899;|4889|118934
Export.aspx.cs;1357920374;6;1394430899;|4895|155048
Export.aspx.designer.cs;1168370948;2;1394430899;|4886|155049
InlineUpdate.aspx.designer.cs;2014991841;1;1394430900;|8983|70509
Insert.aspx.cs;1381353679;10;1394430900;|4885|107964
Insert.aspx.designer.cs;2662859697;2;1394430900;|4884|57099
Update.aspx.cs;3818656801;14;1394430900;|4883|107965
Update.aspx.designer.cs;3429874928;2;1394430900;|4898|57102
CommonUpdate.aspx.cs;3964970564;8;1395688974;|8980|184097
InlineUpdate.aspx.cs;538222113;8;1400086236;|8982|188998
Clone.aspx;3913686777;5;1401678847;|4882|199486
CommonUpdate.aspx;2632900278;3;1401678847;|8985|201876
Delete.aspx;1856416549;6;1401678847;|4891|199488
Details.aspx;2520270310;6;1401678847;|4890|199489
InlineUpdate.aspx;2230218416;3;1401678847;|8984|201877
Insert.aspx;1781566757;5;1401678847;|4888|199491
Update.aspx;2363527388;5;1401678847;|4887|199492
Delete.aspx.cs;406024633;12;1404236648;|4900|209338
Default.aspx.cs;3128424012;17;1405544894;|4902|213420
