SCMBranch=USR-717
SCMRepository=User Interface/Task Time Tracker/Web/Configuration/ThemeCategory/Controls
SCMMainlineUUID={6a359bb0-6131-417f-b48a-3113b3a22182}
SCMBranchRepositoryID=29142
Details.ascx.cs;4231064001;1;1417403881;|28488|279072
Generic.ascx.designer.cs;334729795;1;1417403881;|28483|279067
List.ascx;2408084645;1;1417403881;|28478|279062
List.ascx.cs;3487471397;1;1417403881;|28484|279068
List.ascx.designer.cs;1730710003;1;1417403881;|28485|279069
SearchFilter.ascx;2536425776;1;1417403881;|28479|279063
SearchFilter.ascx.cs;1322044245;1;1417403881;|28486|279070
SearchFilter.ascx.designer.cs;3258163803;1;1417403881;|28487|279071
Validation.xml;1508226554;1;1417403881;|28480|279064
Details.ascx;1611841898;2;1428633516;|28476|299826
Details.ascx.designer.cs;1993494695;2;1428633516;|28481|299827
Generic.ascx;319949133;2;1428633516;|28477|299828
Generic.ascx.cs;669361675;3;1469426631;|28482|352073
