SCMBranch=USR-717
SCMRepository=User Interface/Task Time Tracker/Web/Shared/ApplicationDevelopment/ModuleOwner/Controls
SCMMainlineUUID={6a359bb0-6131-417f-b48a-3113b3a22182}
SCMBranchRepositoryID=22799
Validation.xml;3270855030;1;1405911752;|19992|214426
List.ascx;878772624;2;1406094041;|19988|219569
List.ascx.designer.cs;4156166398;2;1406094041;|19981|219571
MOStatChart.ascx;879947184;2;1406094041;|19989|219572
MOStatChart.ascx.cs;349990993;2;1406094041;|19980|219573
MOStatChart.ascx.designer.cs;3660744430;2;1406094041;|19975|219574
MOStatGrid.ascx;808199046;2;1406094041;|19990|219575
MOStatGrid.ascx.designer.cs;1747106154;2;1406094041;|19977|219577
MOStatGrid.ascx.cs;3852110185;4;1407267412;|19976|223994
Details.ascx;2199965234;3;1407379787;|19986|224063
Details.ascx.designer.cs;658178432;3;1407379787;|19984|224065
Generic.ascx;1301795452;3;1407379787;|19987|224066
Generic.ascx.designer.cs;4270067984;3;1407379787;|19993|224068
List.ascx.cs;839456439;3;1408465052;|19982|226819
Details.ascx.cs;3176831810;6;1410146591;|19985|247846
SearchFilter.ascx;2605017303;4;1410146591;|19991|247563
SearchFilter.ascx.cs;3240976160;9;1410146591;|19978|247564
Generic.ascx.cs;970281752;7;1411059084;|19983|253136
SearchFilter.ascx.designer.cs;4075227368;4;1413170140;|19979|263683
