SCMBranch=USR-717
SCMRepository=User Interface/Task Time Tracker/Web/Shared/Admin/UserLogin/Controls
SCMMainlineUUID={6a359bb0-6131-417f-b48a-3113b3a22182}
SCMBranchRepositoryID=11693
Details.ascx.designer.cs;262307150;2;1394430865;|5443|154922
Generic.ascx.designer.cs;553615965;1;1394430865;|5437|20421
List.ascx.designer.cs;4241688069;1;1394430865;|5434|20418
Validation.xml;1207310486;1;1394430865;|5439|20423
Generic.ascx;2369044307;4;1401244930;|5442|193770
List.ascx;3325271232;2;1401244930;|5441|193771
Details.ascx;2754408146;5;1401678839;|5438|200335
List.ascx.cs;1858971755;5;1409070499;|5436|234671
Details.ascx.cs;1399688964;12;1410146585;|5445|247830
SearchFilter.ascx;3440802842;12;1421818180;|5440|295237
SearchFilter.ascx.cs;701241201;24;1421818180;|5433|295238
SearchFilter.ascx.designer.cs;1968422321;6;1421818180;|5435|295239
Generic.ascx.cs;2148014235;20;1469426679;|5444|353440
