SCMBranch=USR-717
SCMRepository=User Interface/Task Time Tracker/Web/MS/EventNotification/NotificationRegistrar/Controls
SCMMainlineUUID={6a359bb0-6131-417f-b48a-3113b3a22182}
SCMBranchRepositoryID=30820
Details.ascx;1998329881;1;1418613676;|33818|286396
Details.ascx.cs;1368075160;1;1418613676;|33816|286394
Details.ascx.designer.cs;2203704282;1;1418613676;|33807|286385
Generic.ascx;3941736981;1;1418613676;|33819|286397
Generic.ascx.designer.cs;1113262130;1;1418613676;|33813|286391
List.ascx;4015993663;1;1418613676;|33817|286395
List.ascx.cs;2771639037;1;1418613676;|33812|286390
List.ascx.designer.cs;370841592;1;1418613676;|33811|286389
SearchFilter.ascx;1184164341;1;1418613676;|33808|286386
SearchFilter.ascx.cs;2063582307;1;1418613676;|33810|286388
SearchFilter.ascx.designer.cs;3464943166;1;1418613676;|33809|286387
Validation.xml;455833259;1;1418613676;|33815|286393
Generic.ascx.cs;979600083;3;1469426650;|33814|352134
