SCMBranch=USR-717
SCMRepository=User Interface/Task Time Tracker/Web/Shared/AuthenticationAndAuthorization/ApplicationOperation
SCMMainlineUUID={6a359bb0-6131-417f-b48a-3113b3a22182}
SCMBranchRepositoryID=5550
Clone.aspx.cs;3994324858;10;1394430870;|1694|133624
Details.aspx.cs;1599735177;11;1394430870;|1701|133627
Export.aspx;3044306111;2;1394430870;|1690|118811
Export.aspx.designer.cs;3215997034;2;1394430870;|1704|154671
Insert.aspx.cs;1987172803;13;1394430870;|1705|133629
RenumberData.aspx;945818949;1;1394430870;|5807|21673
RenumberData.aspx.designer.cs;2335037273;1;1394430870;|5806|21672
Settings.aspx.designer.cs;1608047080;2;1394430870;|1708|156166
Update.aspx.cs;3806646226;15;1394430870;|1709|133630
Settings.aspx;4069455528;5;1401678840;|1688|198542
CommonUpdate.aspx.cs;2840933906;16;1408591362;|7128|229630
InlineUpdate.aspx.cs;2142826275;13;1408591362;|7131|229631
Default.aspx;3774232681;8;1408639050;|1693|233517
Clone.aspx;357383255;6;1410146593;|1699|249944
Clone.aspx.designer.cs;4098254243;3;1410146593;|1695|249945
CommonUpdate.aspx;2726361180;5;1410146593;|7129|250646
CommonUpdate.aspx.designer.cs;2696012940;3;1410146593;|7127|250647
Default.aspx.designer.cs;2246427978;5;1410146593;|1711|249947
Delete.aspx;189558503;7;1410146593;|1692|249948
Delete.aspx.designer.cs;4281598434;3;1410146593;|1698|249949
Details.aspx;4116044356;7;1410146593;|1691|249950
Details.aspx.designer.cs;3978004053;4;1410146593;|1702|249951
Export.aspx.cs;871641097;12;1410146593;|1703|249952
InlineUpdate.aspx;1038638036;5;1410146593;|7130|250648
InlineUpdate.aspx.designer.cs;3146044928;3;1410146593;|7126|250649
Insert.aspx;3987910169;6;1410146593;|1689|249953
Insert.aspx.designer.cs;2483735609;3;1410146593;|1706|249954
RenumberData.aspx.cs;3911337050;10;1410146593;|5808|250650
Settings.aspx.cs;3811149042;3;1410146593;|1707|248664
Update.aspx;3325974937;6;1410146593;|1700|249955
Update.aspx.designer.cs;349388943;3;1410146593;|1710|249956
Default.aspx.cs;1774794663;20;1412741150;|1696|256378
Delete.aspx.cs;3440474336;20;1414437907;|1697|273759
