SCMBranch=USR-717
SCMRepository=User Interface/Task Time Tracker/Web/app/BM/ReferenceData/controllers
SCMMainlineUUID={6a359bb0-6131-417f-b48a-3113b3a22182}
SCMBranchRepositoryID=32501
mainCtrl.js;3608586456;1;1421818057;|35157|295097
navCtrl.js;3222541990;3;1433301292;|35151|308311
detailsexTypeCtrl.js;2565975039;1;1439811743;|40343|4294967295
listTablepersonSuffixCtrl.js;3327648927;1;1439811547;|40344|4294967295
listTableraceTypeCtrl.js;2790087202;1;1439811547;|40345|4294967295
listTablesexTypeCtrl.js;2065677678;1;1439811547;|40346|4294967295
savePersonSuffixCtrl.js;3769779387;1;1439816511;|40347|4294967295
saveRaceTypeCtrl.js;3261872323;1;1439816511;|40348|4294967295
saveSexTypeCtrl.js;1639079457;1;1439816511;|40349|4294967295
detailraceTypeCtrl.js;2952988663;1;1439811743;|40350|4294967295
detailpersonSuffixCtrl.js;2961280919;1;1439811743;|40351|4294967295
ListTableControllerGenerator.tt;3856216338;4;1439811739;|35689|325983
SaveControllerGenerator.tt;2730923070;4;1439816559;|35688|325984
savetrainStationCtrl.js;1300365903;3;1439816511;|35779|325985
savetimeZoneCtrl.js;2225955456;3;1439816511;|35780|325986
savestateCtrl.js;1843364240;3;1439816511;|35781|325987
savereligionCtrl.js;3322902489;3;1439816511;|35702|325988
saveregionCtrl.js;192063181;3;1439816511;|35782|325989
savemonumentCtrl.js;1053447383;3;1439816511;|35783|325990
savemallCtrl.js;2458192396;3;1439816511;|35752|325991
saveholidayCtrl.js;2405850795;3;1439816511;|35784|325992
savehelpLineCtrl.js;3984342125;3;1439816511;|35778|325993
savegeographicRegionCtrl.js;3306992914;3;1439816511;|35684|325994
savecurrencyCtrl.js;2587827196;3;1439816511;|35685|325995
savecountryCtrl.js;1410812322;3;1439816511;|35686|325996
SaveControllerGenerator.cs;1285525959;2;1439816559;|35687|325997
savecontinentCtrl.js;4138881080;3;1439816511;|35683|325998
savecityCtrl.js;752134668;3;1439816511;|35777|325999
savecalendarCtrl.js;1153997228;3;1439816511;|35776|326000
DetailControllerGenerator.tt;1384791814;4;1439811743;|35690|326001
detailairportCtrl.js;1647763239;3;1439802030;|35753|326002
detailcalendarCtrl.js;3062888560;3;1439802011;|35754|326003
detailcityCtrl.js;927540049;3;1439802028;|35755|326004
detailcontinentCtrl.js;2264957036;3;1439802043;|35691|326005
DetailControllerGenerator.cs;1566315191;2;1439811749;|35692|326006
detailcountryCtrl.js;1464643067;3;1439802040;|35693|326007
detailcurrencyCtrl.js;2344943830;3;1439802037;|35694|326008
detailgeographicRegionCtrl.js;267788866;3;1439802035;|35695|326009
detailhelpLineCtrl.js;1474525050;3;1439802026;|35756|326010
detailholidayCtrl.js;960751867;3;1439802009;|35757|326011
detailmallCtrl.js;518475937;3;1439802024;|35758|326012
detailmonumentCtrl.js;4229042504;3;1439802022;|35759|326013
detailregionCtrl.js;4052954046;3;1439802020;|35760|326014
detailreligionCtrl.js;60448644;3;1439802033;|35731|326015
detailstateCtrl.js;979502932;3;1439802018;|35761|326016
detailtimeZoneCtrl.js;3848006713;3;1439802016;|35762|326017
detailtrainStationCtrl.js;3440336896;3;1439802013;|35763|326018
listTableairportCtrl.js;205973804;4;1439802160;|35764|326019
listTablecalendarCtrl.js;2085536486;4;1439802139;|35765|326020
listTablecityCtrl.js;3929771979;4;1439802157;|35766|326021
listTablecontinentCtrl.js;3583374327;4;1439802171;|35696|326022
ListTableControllerGenerator.cs;1566315191;2;1439811739;|35697|326023
listTablecountryCtrl.js;1562362707;4;1439802169;|35698|326024
listTablecurrencyCtrl.js;3200136642;4;1439802166;|35699|326025
listTablegeographicRegionCtrl.js;3778759166;4;1439802164;|35700|326026
listTablehelpLineCtrl.js;892892377;4;1439802155;|35767|326027
listTableholidayCtrl.js;965221264;4;1439802136;|35768|326028
listTablemallCtrl.js;2265163376;4;1439802153;|35769|326029
listTablemonumentCtrl.js;350142000;4;1439802151;|35770|326030
listTableregionCtrl.js;2169572443;4;1439802149;|35771|326031
listTablereligionCtrl.js;3001463236;4;1439802162;|35701|326032
listTablestateCtrl.js;1158737577;4;1439802147;|35772|326033
listTabletimeZoneCtrl.js;2992973421;4;1439802142;|35773|326034
listTabletrainStationCtrl.js;4074011613;4;1439802140;|35774|326035
saveairportCtrl.js;1228655126;3;1439816511;|35775|326036
