SCMBranch=USR-717
SCMRepository=User Interface/Task Time Tracker/Web/Shared/Configuration/Theme
SCMMainlineUUID={6a359bb0-6131-417f-b48a-3113b3a22182}
SCMBranchRepositoryID=28297
Clone.aspx;3149029500;1;1415159023;|26141|274919
Clone.aspx.cs;2509209957;1;1415159023;|26143|274921
Clone.aspx.designer.cs;346122306;1;1415159023;|26149|274927
CommonUpdate.aspx;633364381;1;1415159023;|26144|274922
CommonUpdate.aspx.cs;3818150096;1;1415159023;|26145|274923
CommonUpdate.aspx.designer.cs;1433390832;1;1415159023;|26146|274924
Default.aspx;3000886751;1;1415159023;|26134|274912
Default.aspx.cs;4129409009;1;1415159023;|26153|274931
Default.aspx.designer.cs;3481976318;1;1415159023;|26154|274932
Delete.aspx;2086640003;1;1415159023;|26135|274913
Delete.aspx.cs;3240511215;1;1415159023;|26155|274933
Delete.aspx.designer.cs;3648428931;1;1415159023;|26156|274934
Details.aspx;1168851386;1;1415159023;|26142|274920
Details.aspx.cs;3952708278;1;1415159023;|26157|274935
Details.aspx.designer.cs;1841505289;1;1415159023;|26158|274936
InlineUpdate.aspx;3757225817;1;1415159023;|26137|274915
InlineUpdate.aspx.cs;1313389707;1;1415159023;|26152|274930
InlineUpdate.aspx.designer.cs;1532191949;1;1415159023;|26151|274929
Insert.aspx;1162363354;1;1415159023;|26138|274916
Insert.aspx.cs;1206802681;1;1415159023;|26150|274928
Insert.aspx.designer.cs;793398654;1;1415159023;|26148|274926
Search.aspx;1434684637;1;1415159023;|26139|274917
Search.aspx.cs;1943576906;1;1415159023;|26147|274925
Search.aspx.designer.cs;1401622045;1;1415159023;|26133|274911
Update.aspx;1669336453;1;1415159023;|26140|274918
Update.aspx.cs;3127139051;1;1415159023;|26132|274910
Update.aspx.designer.cs;221634352;1;1415159023;|26136|274914
