SCMBranch=USR-717
SCMRepository=User Interface/Task Time Tracker/Web/app/BM/Prototype/views
SCMMainlineUUID={6a359bb0-6131-417f-b48a-3113b3a22182}
SCMBranchRepositoryID=35411
detailEventSubType.html;3656709077;1;1436761796;|39005|313646
listTableEventSubType.html;1268952528;1;1436761830;|38996|313647
main.html;4000434349;1;1436761830;|38993|313648
Nav.aspx;3842742497;1;1436761830;|39004|313357
Nav.aspx.cs;2518099932;1;1436761830;|39006|313359
Nav.aspx.designer.cs;4229909726;1;1436761830;|39007|313360
nav.html;4246809930;1;1436761830;|39003|313649
NonStdEntityDetailViewGenerator.cs;42954251;1;1436761830;|38997|313650
NonStdEntityDetailViewGenerator.tt;4040091415;1;1436761830;|39001|313354
NonStdEntityListTableViewGenerator.cs;1566315191;1;1436761830;|38995|313651
NonStdEntityListTableViewGenerator.tt;985697032;1;1436761830;|39000|313353
NonStdEntitySaveViewGenerator.cs;1566315191;1;1436761830;|38994|313652
NonStdEntitySaveViewGenerator.tt;1268228254;1;1436761830;|38999|313352
saveEventSubType.html;579530319;1;1436761830;|38998|313653
nav2.html;2417307915;2;1436847642;|39002|314492
