SCMBranch=USR-717
SCMRepository=User Interface/Task Time Tracker/Web/Shared/Configuration/FieldConfigurationModeAccessMode/Controls
SCMMainlineUUID={6a359bb0-6131-417f-b48a-3113b3a22182}
SCMBranchRepositoryID=14729
Details.ascx.designer.cs;2893447396;2;1394430878;|10387|154960
List.ascx.designer.cs;140244178;1;1394430878;|10391|134059
Validation.xml;2130932709;1;1394430878;|10382|134050
List.ascx;2653024058;2;1401244934;|10384|193825
Details.ascx;4014493470;5;1401678842;|10381|200359
SearchFilter.ascx;557930885;8;1406172427;|10383|219777
Generic.ascx.cs;2437746916;4;1409070503;|10388|234745
List.ascx.cs;1782921727;4;1409070503;|10390|234746
Generic.ascx;2879454885;5;1412565124;|10385|255137
Generic.ascx.designer.cs;987631514;2;1412565124;|10392|255138
Details.ascx.cs;4188535803;5;1413170142;|10386|263706
SearchFilter.ascx.cs;2140351497;6;1413170142;|10389|263707
SearchFilter.ascx.designer.cs;917344324;4;1413170143;|10380|263708
