SCMBranch=USR-717
SCMRepository=User Interface/Task Time Tracker/Web/app/BM/ReferenceData/views
SCMMainlineUUID={6a359bb0-6131-417f-b48a-3113b3a22182}
SCMBranchRepositoryID=32502
main.html;480212763;1;1421818057;|35158|295098
Nav.aspx.cs;711212836;1;1428687516;|35628|300150
Nav.aspx.designer.cs;3592741592;1;1428687516;|35627|300149
Nav.aspx;3537329529;3;1429245568;|35626|301041
listTableSexType.html;1451155470;1;1439805883;|40355|4294967295
listTableRaceType.html;3593630494;1;1439805883;|40356|4294967295
listTablePersonSuffix.html;3772981715;1;1439805883;|40357|4294967295
detailSexType.html;2794980223;1;1439805424;|40358|4294967295
detailRaceType.html;1493762107;1;1439805424;|40359|4294967295
detailPersonSuffix.html;1704201259;1;1439805424;|40360|4294967295
savePersonSuffix.html;457483035;1;1439806271;|40361|4294967295
saveRaceType.html;2954614821;1;1439806271;|40362|4294967295
saveSexType.html;1058843637;1;1439806271;|40363|4294967295
ListTableViewGenerator.tt;1672281621;4;1439805952;|35710|326039
DetailViewGenerator.tt;2759887176;4;1439805424;|35711|326041
detailAirport.html;2995261030;3;1439805424;|35796|326042
detailCalendar.html;3279135334;3;1439805424;|35797|326043
detailCity.html;3223268678;3;1439805424;|35798|326044
detailContinent.html;2684700138;3;1439805424;|35713|326045
detailCountry.html;4211858378;3;1439805424;|35714|326046
detailCurrency.html;2410509493;3;1439805424;|35715|326047
detailGeographicRegion.html;3976778114;3;1439805424;|35716|326048
detailHelpLine.html;1999242098;3;1439805424;|35799|326049
detailHoliday.html;2952014736;3;1439805424;|35800|326050
detailMall.html;1717602235;3;1439805424;|35801|326051
detailMonument.html;1763045656;3;1439805424;|35802|326052
detailRegion.html;3704218843;3;1439805424;|35803|326053
detailReligion.html;707074241;3;1439805424;|35717|326054
detailState.html;1226659698;3;1439805424;|35804|326055
detailTimeZone.html;3389012909;3;1439805424;|35805|326056
detailTrainStation.html;1511165088;3;1439805424;|35806|326057
DetailViewGenerator.cs;1566315191;2;1439805425;|35718|326058
listTableAirport.html;1525761467;6;1439804949;|35807|326059
listTableCalendar.html;397912850;6;1439804931;|35808|326060
listTableCity.html;780185532;6;1439804947;|35809|326061
listTableContinent.html;1645581213;6;1439804959;|35719|326062
listTableCountry.html;3750558214;6;1439804957;|35720|326063
listTableCurrency.html;1418644432;6;1439804956;|35721|326064
listTableGeographicRegion.html;889128147;6;1439804954;|35722|326065
listTableHelpLine.html;1877047231;6;1439804945;|35810|326066
listTableHoliday.html;2132972147;6;1439804929;|35811|326067
listTableMall.html;4248542614;6;1439804943;|35812|326068
listTableMonument.html;2120719607;6;1439804942;|35813|326069
listTableRegion.html;1607074802;6;1439804939;|35814|326070
listTableReligion.html;1418831581;6;1439804952;|35723|326071
listTableState.html;1361849920;6;1439804938;|35828|326072
listTableTimeZone.html;618219979;6;1439804936;|35815|326073
listTableTrainStation.html;1670653909;6;1439804933;|35816|326074
ListTableViewGenerator.cs;1285525959;2;1439805953;|35724|326075
saveAirport.html;291057477;2;1439806305;|35817|326076
saveCalendar.html;3904528887;2;1439806277;|35818|326077
saveCity.html;2485891391;2;1439806303;|35819|326078
saveContinent.html;1499141005;2;1439806315;|35725|326079
saveCountry.html;1505945680;2;1439806313;|35726|326080
saveCurrency.html;1913959750;2;1439806310;|35727|326081
saveGeographicRegion.html;1095529927;2;1439806308;|35728|326082
saveHelpLine.html;236640456;2;1439806301;|35820|326083
saveHoliday.html;958662713;2;1439806274;|35821|326084
saveMall.html;3201464358;2;1439806299;|35822|326085
saveMonument.html;449271772;2;1439806297;|35823|326086
saveRegion.html;4074218306;2;1439806286;|35824|326087
saveReligion.html;494092103;2;1439806306;|35729|326088
saveState.html;3857274728;2;1439806284;|35825|326089
saveTimeZone.html;859932465;2;1439806282;|35826|326090
saveTrainStation.html;1722610374;2;1439806280;|35827|326091
SaveViewGenerator.cs;1566315191;2;1439806447;|35712|326092
SaveViewGenerator.tt;1531810810;4;1439806443;|35730|326093
navBeta.html;355902830;2;1471231016;|40339|353891
nav.html;1492897804;25;1497933793;|35152|359416
