SCMBranch=USR-717
SCMRepository=User Interface/Task Time Tracker/Web/Configuration/FieldConfiguration/Controls
SCMMainlineUUID={6a359bb0-6131-417f-b48a-3113b3a22182}
SCMBranchRepositoryID=29109
Details.ascx;3619494085;1;1417403877;|27907|278491
Details.ascx.designer.cs;2998192399;1;1417403877;|27899|278483
FieldConfigurationDisplayName.ascx;109993921;1;1417403877;|27906|278490
FieldConfigurationDisplayName.ascx.designer.cs;567255241;1;1417403877;|27897|278481
List.ascx.cs;3281621705;1;1417403877;|27894|278478
List.ascx.designer.cs;2299783357;1;1417403877;|27893|278477
Validation.xml;3366001984;1;1417403877;|27902|278486
List.ascx;2477494761;2;1417540916;|27904|280252
Generic.ascx.designer.cs;333684499;2;1423583895;|27895|296318
SearchFilter.ascx;25367851;3;1423583895;|27903|296319
SearchFilter.ascx.designer.cs;739903403;3;1423583895;|27901|296321
Generic.ascx;933806683;3;1423768551;|27905|296365
FieldConfigurationDisplayName.ascx.cs;732108272;2;1447042478;|27898|335257
SearchFilter.ascx.cs;3473107160;3;1469426620;|27892|353049
Details.ascx.cs;3692267622;2;1493092258;|27900|357799
Generic.ascx.cs;2768639088;9;1493092258;|27896|358308
