SCMBranch=USR-717
SCMRepository=User Interface/Task Time Tracker/Web/Styles/Kendo/Bootstrap
SCMMainlineUUID={6a359bb0-6131-417f-b48a-3113b3a22182}
SCMBranchRepositoryID=19215
editor.png;3050983162;1;1394430904;|16098|161187
imagebrowser.png;3276459510;1;1394430904;|16099|161188
indeterminate.gif;1602770156;1;1394430904;|16100|161189
loading-image.gif;150972001;1;1394430904;|16101|161190
loading.gif;2388258818;1;1394430904;|16102|161191
loading_2x.gif;1863792064;1;1394430904;|16095|161184
markers.png;2996451711;1;1394430904;|16106|161195
markers_2x.png;3932007173;1;1394430904;|16096|161185
slider-h.gif;3541038458;1;1394430904;|16097|161186
slider-v.gif;2410029053;1;1394430904;|16103|161192
sprite.png;3120568187;1;1394430904;|16104|161193
sprite_2x.png;4077134982;1;1394430904;|16105|161194
