SCMBranch=USR-717
SCMRepository=User Interface/Task Time Tracker/Web/app/BM/DayCare/views
SCMMainlineUUID={6a359bb0-6131-417f-b48a-3113b3a22182}
SCMBranchRepositoryID=31519
scheduleState-detail.html;3844140580;1;1419542772;|34116|290568
scheduleState-list.html;1919402617;1;1419542772;|34115|290567
main.html;2682183424;1;1421896841;|35167|295278
Nav.aspx;1800170855;1;1428552770;|35624|299207
Nav.aspx.cs;2117519853;1;1428552770;|35625|299208
Nav.aspx.designer.cs;3786171286;1;1428552770;|35623|299206
listTableAcivitySubType.html;1594499778;1;1428690482;|35655|4294967295
detailApplicationRole.html;1824034338;1;1428690404;|35656|4294967295
detailActivity.html;1560375671;1;1428690404;|35657|4294967295
detailAcivitySubType.html;1484954654;1;1428690404;|35658|4294967295
listTableActivity.html;2135273230;1;1428690482;|35660|4294967295
listTableApplicationRole.html;226559880;1;1428690482;|35661|4294967295
saveApplicationRole.html;3362084398;1;1428690280;|35665|4294967295
saveActivity.html;2010940456;1;1428690280;|35666|4294967295
saveAcivitySubType.html;1346466758;1;1428690280;|35667|4294967295
SaveViewGenerator.cs;546881451;1;1429904294;|35564|298616
saveAccidentPlace.html;4071724168;2;1433221002;|35562|303627
saveAccidentReport.html;2048577071;2;1433221002;|35668|308162
saveActivitySubType.html;1949477629;2;1433221002;|35738|308163
saveActivityType.html;3650291921;2;1433221002;|35609|303630
saveBathRoom.html;1205560237;2;1433221002;|35664|308164
saveComment.html;909521888;2;1433221002;|35663|308165
saveDiaperStatus.html;2684039819;2;1433221002;|35610|303633
saveDiscount.html;320419875;2;1433221002;|36050|303634
saveEventType.html;3646294493;2;1433221002;|35611|303635
saveMeal.html;880460706;2;1433221002;|35955|308166
saveMealDetail.html;2540941221;2;1433221002;|35956|308167
saveMealType.html;1602360885;2;1433221002;|35613|303639
saveNeedItem.html;2620317756;2;1433221002;|35614|303640
savePaymentMethod.html;2961780702;2;1433221002;|36055|303641
saveSickReport.html;635874074;2;1433221003;|35957|308168
saveSleep.html;1227679306;2;1433221003;|35958|308169
saveStudent.html;3506733981;2;1433221003;|35975|308170
saveTeacher.html;1313302427;2;1433221003;|35976|308171
saveTuition.html;1251933444;2;1433221003;|35959|308172
detailEventSubType.html;3232102773;1;1434339128;|38799|309062
saveEventSubType.html;1126405938;1;1434339128;|38801|309064
listTableEventSubType.html;1132605799;2;1435294983;|38797|311765
DetailViewGenerator.cs;42954251;2;1436761795;|35531|313622
listTableFoodType.html;2597825340;7;1436761796;|35606|313632
NonStdEntityListTableViewGenerator.cs;1566315191;2;1436761796;|38803|313644
detailCourse.html;2756690573;1;1437366654;|39223|317139
detailDepartment.html;3401810320;1;1437366654;|39209|317109
detailFoodType.html;3128514375;4;1437366654;|35618|317190
detailRegistration.html;228753313;1;1437366654;|39224|317140
listTableCourse.html;3956790529;1;1437366654;|39222|317138
listTableDepartment.html;3468436331;1;1437366654;|39208|317108
listTableRegistration.html;933281880;1;1437366654;|39221|317137
NonStdEntityDetailViewGenerator.cs;42954251;2;1437366654;|38802|317192
NonStdEntitySaveViewGenerator.cs;1566315191;2;1437366654;|38798|317195
saveCourse.html;4197056656;1;1437366654;|39219|317135
saveDepartment.html;4214301716;1;1437366654;|39210|317110
saveFoodType.html;4139130952;4;1437366654;|35612|317197
saveRegistration.html;4191522444;1;1437366654;|39220|317136
NonStdEntityDetailViewGenerator.tt;2814631179;5;1437968811;|38800|320393
NonStdEntityListTableViewGenerator.tt;2385523147;5;1437968811;|38804|320394
NonStdEntitySaveViewGenerator.tt;1815659983;5;1437968811;|38805|320395
SaveViewGenerator.tt;1076503287;11;1437968811;|35565|321384
navTable.html;4218379971;1;1439350565;|39930|321696
detailAccidentPlace.html;717690724;5;1439523304;|35567|325258
detailAccidentReport.html;3058185295;5;1439523304;|35659|325405
detailActivitySubType.html;3039849621;5;1439523305;|35740|325406
detailActivityType.html;3472470028;7;1439523305;|35529|325407
detailBathRoom.html;3726077849;5;1439523305;|35669|325408
detailComment.html;496387532;5;1439523305;|35654|325409
detailDiaperStatus.html;3064310106;5;1439523305;|35617|325264
detailDiscount.html;1213047278;5;1439523305;|36054|325265
detailEventType.html;362622167;7;1439523305;|35530|325410
detailMeal.html;4113857734;5;1439523305;|35963|325411
detailMealDetail.html;238320429;5;1439523305;|35962|325412
detailMealType.html;2773412346;5;1439523305;|35616|325269
detailNeedItem.html;1082853932;5;1439523305;|35615|325270
detailPaymentMethod.html;2589579902;5;1439523305;|36053|325271
detailSickReport.html;2308933801;5;1439523305;|35961|325413
detailSleep.html;1190095812;5;1439523305;|35964|325414
detailStudent.html;3004942404;5;1439523305;|35978|325415
detailTeacher.html;2677275191;5;1439523305;|35980|325416
detailTuition.html;1497589952;5;1439523305;|35960|325417
DetailViewGenerator.tt;3702754437;14;1439523305;|35532|325418
listTableAccidentPlace.html;2612184234;8;1448943978;|35561|337556
listTableAccidentReport.html;669771802;7;1448943978;|35653|337621
listTableActivitySubType.html;657497105;7;1448943978;|35739|337622
listTableActivityType.html;3924546832;8;1448943978;|35603|337559
listTableBathRoom.html;1498477040;7;1448943978;|35662|337623
listTableComment.html;2003597943;7;1448943978;|35670|337624
listTableDiaperStatus.html;3183458273;8;1448943978;|35604|337562
listTableDiscount.html;1131835906;7;1448943978;|36052|337563
listTableEventType.html;2447219568;8;1448943978;|35605|337564
listTableMeal.html;1863527767;7;1448944046;|35950|337625
listTableMealDetail.html;1402578836;7;1448944046;|35951|337626
listTableMealType.html;2511002052;8;1448944046;|35607|337567
listTableNeedItem.html;3730726606;8;1448944046;|35608|337568
listTablePaymentMethod.html;1875784924;7;1448944046;|36051|337569
listTableSickReport.html;2421678877;7;1448944046;|35952|337627
listTableSleep.html;1536054242;7;1448944046;|35953|337628
listTableTeacher.html;1529658520;7;1448944046;|35977|337630
listTableTuition.html;3026340445;7;1448944046;|35954|337631
ListTableViewGenerator.cs;1285525959;3;1448944046;|35566|337575
detailSchedule.html;1771298444;2;1454045049;|41001|341492
saveSchedule.html;914504539;4;1454045049;|41000|341493
nav2.html;1390321591;3;1471231016;|38810|353878
navAA.html;1812021780;2;1471231016;|39933|353879
navBeta.html;3672648687;3;1471231016;|39932|353880
navClasses.html;1167215532;4;1471231016;|39934|353881
navOffice.html;372053103;5;1471231016;|40071|353882
navTools.html;3389494135;2;1471231016;|39953|353883
navWorkSchedules.html;815048330;5;1471231016;|39931|353884
listTableStudent.html;3052296376;8;1473132814;|35979|354909
ListTableViewGenerator.tt;1167600257;12;1473163839;|35563|355055
listTableSchedule.html;810343308;9;1473996522;|41002|355583
PageInfo.ascx;4192826988;1;1496675819;|41873|359072
PageInfo.ascx.cs;1637269526;1;1496675819;|41871|359070
PageInfo.ascx.designer.cs;3555708716;1;1496675819;|41872|359071
nav.html;1397029780;29;1497241724;|35145|359301
