SCMBranch=USR-717
SCMRepository=User Interface/Task Time Tracker/Web/Prototype/Kendo/web/editor
SCMMainlineUUID={6a359bb0-6131-417f-b48a-3113b3a22182}
SCMBranchRepositoryID=19184
all-tools.html;2236688772;3;1406516549;|14134|221333
api.html;2897656767;3;1406516549;|14138|221334
custom-tools.html;2851559750;3;1406516549;|14136|221335
events.html;169077365;3;1406516549;|14140|221336
index.html;1917552400;3;1406516549;|14139|221337
inline-editing.html;930609126;3;1406516549;|14137|221338
mvvm.html;3707109312;3;1406516549;|14135|221339
navigation.html;841454733;3;1406516549;|14133|221340
rtl.html;1932349943;3;1406516549;|14132|221341
snippets.html;2291546774;3;1406516549;|14131|221342
styles.html;487612050;3;1406516549;|14141|221343
