SCMBranch=USR-717
SCMRepository=User Interface/Task Time Tracker/Web/Styles
SCMMainlineUUID={6a359bb0-6131-417f-b48a-3113b3a22182}
SCMBranchRepositoryID=5599
Accordin2.css;1994522476;1;1376279479;|9485|77328
Calendar.css;724491675;1;1394430902;|17629|178190
font-awesome.min.css;3058010571;1;1394430902;|9477|76902
jquery.fancybox.css;2677532304;1;1394430902;|8734|60576
Nunito.css;1675032853;1;1394430902;|9478|76903
Reset.css;4055039986;1;1394430902;|11731|153162
StyleSheet1.css;95931432;1;1394430902;|2451|2451
Tabs.css;2440376865;7;1394430902;|2455|154044
Accordin.css;3987298715;6;1401244949;|9476|191638
Carousel.css;3343692185;6;1401244949;|11689|191639
ExportMenu.css;2501441884;2;1401244949;|2452|191640
padding.css;17864673;2;1401244949;|2454|191641
Breadcrumb.css;2018801364;3;1405306528;|17607|212327
Style.aspx;3084807054;8;1413170147;|9639|263735
Style.aspx.cs;1590207000;4;1413170147;|9638|263736
Style.aspx.designer.cs;1170122579;2;1413170147;|9637|263737
StyleGrid.aspx;1205797856;3;1413170147;|17794|263738
StyleGrid.aspx.designer.cs;3149307508;2;1413170149;|17793|263740
NavMenu.css;561319587;1;1421818180;|35163|295196
Site.css;2195014845;67;1421818188;|2453|295241
StyleMenuHandler.ashx;1008860332;1;1422882974;|35195|295838
StyleMenuHandler.ashx.cs;4245114649;1;1422882974;|35194|295837
LessExample.less;749665610;1;1425402162;|35469|297283
StyleMenu.aspx.designer.cs;2660237855;2;1413170149;|16528|263743
StyleMenu.aspx;4186135035;12;1429767150;|16529|301383
Index.aspx;1945734403;1;1455680379;|41182|342229
Index.aspx.cs;1310592601;1;1455680379;|41181|342228
Index.aspx.designer.cs;243559981;1;1455680379;|41180|342227
StyleGrid.aspx.cs;801837363;4;1469426695;|17792|352208
StyleMenu.aspx.cs;3086582532;6;1469426695;|16527|352209
