SCMBranch=USR-717
SCMRepository=User Interface/Task Time Tracker/Web/Prototype/Kendo
SCMMainlineUUID={6a359bb0-6131-417f-b48a-3113b3a22182}
SCMBranchRepositoryID=18999
index.html;3778418914;1;1394430803;|12981|158070
KendoSample1.aspx;2130953558;4;1413169756;|12978|262649
KendoSample1.aspx.cs;2539098044;2;1413169756;|12980|262650
KendoSample1.aspx.designer.cs;710300757;2;1413169756;|12979|262651
KendoUI.aspx;2407377200;2;1413169756;|17604|262652
KendoUI.aspx.cs;907236192;2;1413169756;|17603|262653
KendoUI.aspx.designer.cs;3171930837;2;1413169756;|17602|262654
