SCMBranch=USR-717
SCMRepository=User Interface/Task Time Tracker/Web/MA/ApplicationDevelopment/WorkTicket/Controls
SCMMainlineUUID={6a359bb0-6131-417f-b48a-3113b3a22182}
SCMBranchRepositoryID=35768
SearchFilter.ascx.designer.cs;3557683303;1;1439523360;|40196|325244
Validation.xml;3687457457;1;1439523360;|40202|325250
Validation.xml.cs;1896473793;1;1439523360;|40201|325249
Validation.xml.designer.cs;1834664130;1;1439523360;|40195|325243
Details.ascx;1823162445;2;1445829593;|40205|332834
Details.ascx.cs;3553090022;2;1445829684;|40200|332835
Details.ascx.designer.cs;2890834095;2;1445829684;|40206|332836
Generic.ascx;3597802731;2;1445829684;|40204|332837
Generic.ascx.designer.cs;710435641;2;1445829684;|40198|332839
SearchFilter.ascx;1377851158;2;1445829684;|40203|332840
SearchFilter.ascx.cs;863172587;3;1447042478;|40197|335273
Generic.ascx.cs;3510611707;6;1493092262;|40199|357827
