SCMBranch=USR-717
SCMRepository=User Interface/Task Time Tracker/Web/MA/ApplicationDevelopment/Module/Controls
SCMMainlineUUID={6a359bb0-6131-417f-b48a-3113b3a22182}
SCMBranchRepositoryID=30776
Details.ascx.cs;3585895112;1;1418613670;|33027|285605
Generic.ascx.designer.cs;3893826029;1;1418613670;|33020|285598
List.ascx;1454235913;1;1418613670;|33017|285595
List.ascx.cs;3991782830;1;1418613670;|33021|285599
List.ascx.designer.cs;1585412758;1;1418613670;|33024|285602
SearchFilter.ascx;3947568169;1;1418613670;|33022|285600
SearchFilter.ascx.cs;3036994299;1;1418613670;|33025|285603
SearchFilter.ascx.designer.cs;134923851;1;1418613670;|33026|285604
Validation.xml;3687457457;1;1418613670;|33023|285601
Details.ascx;1876969243;2;1428633518;|33015|299867
Details.ascx.designer.cs;3258397765;2;1428633518;|33018|299868
Generic.ascx;3298067203;2;1428633518;|33016|299869
Generic.ascx.cs;1575082168;3;1469426635;|33019|352110
