SCMBranch=USR-717
SCMRepository=User Interface/Task Time Tracker/Web/app/BM/Legal/controllers/Gen/Save
SCMMainlineUUID={6a359bb0-6131-417f-b48a-3113b3a22182}
SCMBranchRepositoryID=35057
Core.cs;1566315191;2;1435115620;|38535|311018
saveTransactionTypeCtrl.js;1678155584;3;1435138107;|38725|311424
Core.tt;3473880776;5;1439523305;|38534|322444
saveCaseStatusCtrl.js;3570685100;5;1449034034;|38567|337775
saveCaseTypeCtrl.js;3838807522;5;1449034034;|38566|337776
saveClientTypeCtrl.js;2089514701;5;1449034034;|38562|337777
saveCounselCtrl.js;1573975311;5;1449034034;|38563|337778
saveJurisdictionsCtrl.js;2753932493;5;1449034034;|38564|337779
saveMovantTypeCtrl.js;2024964007;5;1449034034;|38565|337780
savePressReleaseTypeCtrl.js;2626126893;5;1449034034;|38723|337781
saveReportingRequirementCtrl.js;3227293159;5;1449034034;|38724|337782
saveReportTypeCtrl.js;287178604;5;1449034034;|38720|337783
saveRetrievalMethodCtrl.js;2541034564;5;1449034034;|38721|337784
saveSettlementStatusCtrl.js;391446524;5;1449034034;|38722|337785
