SCMBranch=USR-717
SCMRepository=User Interface/Task Time Tracker/Web/Shared/QualityAssurance/EntityOwner/Controls
SCMMainlineUUID={6a359bb0-6131-417f-b48a-3113b3a22182}
SCMBranchRepositoryID=12135
DynSearchFilter.ascx.designer.cs;1711416770;2;1377055539;|9482|80309
DynSearchFilter.ascx;1582588329;3;1377487302;|9484|81349
DynSearchFilter.ascx.cs;3221197003;5;1379586527;|9483|103985
Details.ascx.designer.cs;4097658648;2;1394430894;|6746|155017
Generic.ascx.cs;504599605;16;1394430894;|6745|141447
Generic.ascx.designer.cs;1449715941;1;1394430894;|6744|23504
List.ascx.cs;3605973992;4;1394430894;|6743|141448
List.ascx.designer.cs;2632737104;1;1394430894;|6748|23508
Validation.xml;3606495298;1;1394430894;|6753|23513
Generic.ascx;3713159325;4;1401244947;|6754|193903
List.ascx;758040873;2;1401244947;|6751|193904
Details.ascx;3545352851;5;1401678846;|6755|200390
Details.ascx.cs;2599319870;11;1401678846;|6747|200391
SearchFilter.ascx;878877622;28;1405544893;|6752|213395
SearchFilter.ascx.cs;1239023916;26;1405544893;|6749|213396
SearchFilter.ascx.designer.cs;133200969;11;1405544893;|6750|213397
