SCMBranch=USR-717
SCMRepository=User Interface/Task Time Tracker/Web/Prototype/Kendo/dataviz/area-charts
SCMMainlineUUID={6a359bb0-6131-417f-b48a-3113b3a22182}
SCMBranchRepositoryID=19132
date-axis.html;3147603444;3;1406516545;|13892|221087
error-bars.html;4119574648;3;1406516545;|13893|221088
grouped-data.html;530095030;3;1406516545;|13886|221089
index.html;2203980811;3;1406516545;|13885|221090
local-data.html;1959857945;3;1406516545;|13889|221091
multiple-axes.html;3703164123;3;1406516545;|13883|221092
mvvm.html;2063516610;3;1406516545;|13890|221093
remote-data.html;2690949977;3;1406516545;|13884|221094
smooth-area.html;2976679695;3;1406516545;|13887|221095
stacked-area.html;279197639;3;1406516545;|13891|221096
step-area.html;497811270;3;1406516545;|13888|221097
