SCMBranch=USR-717
SCMRepository=User Interface/Task Time Tracker/Web/Configuration/Language/Controls
SCMMainlineUUID={6a359bb0-6131-417f-b48a-3113b3a22182}
SCMBranchRepositoryID=29123
Details.ascx.cs;3054697878;1;1417403878;|28129|278713
Details.ascx.designer.cs;3107218014;1;1417403878;|28117|278701
Generic.ascx.designer.cs;1040656316;1;1417403879;|28119|278703
List.ascx;652414340;1;1417403879;|28125|278709
List.ascx.cs;1471133724;1;1417403879;|28120|278704
List.ascx.designer.cs;2805548374;1;1417403879;|28121|278705
SearchFilter.ascx;1365349325;1;1417403879;|28124|278708
SearchFilter.ascx.cs;3157028453;1;1417403879;|28122|278706
SearchFilter.ascx.designer.cs;2801324179;1;1417403879;|28128|278712
Validation.xml;3687457457;1;1417403879;|28123|278707
Details.ascx;3174005481;2;1428633516;|28127|299793
Generic.ascx;2585663683;2;1428633516;|28126|299794
Generic.ascx.cs;2011285262;3;1469426620;|28118|352062
