SCMBranch=USR-717
SCMRepository=User Interface/Task Time Tracker/Web/Shared/Admin/SystemIntegrity/SearchKeyDetailItem
SCMMainlineUUID={6a359bb0-6131-417f-b48a-3113b3a22182}
SCMBranchRepositoryID=13189
Clone.aspx.cs;3357902003;6;1394430862;|9247|110267
Details.aspx.cs;1387715768;7;1394430862;|9249|120446
Insert.aspx.cs;308023377;7;1394430862;|9239|110266
Update.aspx.cs;3128669194;8;1394430862;|9237|110265
Default.aspx.cs;1190765255;10;1408591358;|9254|229618
Delete.aspx.cs;1987559480;10;1408591358;|9252|229619
Default.aspx;3781592736;5;1408639046;|9246|233762
Clone.aspx;1497593330;5;1410146582;|9251|250585
Clone.aspx.designer.cs;1264690243;3;1410146582;|9248|250586
Default.aspx.designer.cs;1338640765;4;1410146582;|9253|250587
Delete.aspx;1092003276;6;1410146582;|9242|250588
Delete.aspx.designer.cs;2360671199;3;1410146582;|9250|250589
Details.aspx.designer.cs;1015889328;3;1410146582;|9240|250591
Insert.aspx;2636311873;6;1410146582;|9244|250592
Insert.aspx.designer.cs;1678637923;3;1410146582;|9238|250593
Update.aspx.designer.cs;3183474046;3;1410146582;|9241|250595
Details.aspx;753563460;7;1419542792;|9243|290990
Update.aspx;2716239144;6;1419542792;|9245|290991
