SCMBranch=USR-717
SCMRepository=User Interface/Task Time Tracker/Web/Shared/ApplicationManagement/HelpPage
SCMMainlineUUID={6a359bb0-6131-417f-b48a-3113b3a22182}
SCMBranchRepositoryID=5543
Export.aspx;4157637474;3;1394430867;|1591|170682
Export.aspx.designer.cs;3006050504;2;1394430867;|1604|154653
Default.aspx.cs;2796273626;22;1408591361;|1595|229485
Insert.aspx.cs;3086667036;16;1408591361;|1605|229488
Default.aspx;2613142023;8;1408639049;|1594|233516
Clone.aspx;1365826723;7;1410146591;|1593|249930
Clone.aspx.designer.cs;30347674;3;1410146591;|1592|249931
Default.aspx.designer.cs;2256225305;4;1410146591;|1596|249932
Delete.aspx;4059575591;7;1410146591;|1599|249933
Delete.aspx.designer.cs;1082642231;3;1410146591;|1598|249935
Details.aspx;2570467749;7;1410146591;|1587|249936
Details.aspx.designer.cs;1178125956;3;1410146591;|1602|249938
Export.aspx.cs;2751876961;11;1410146591;|1603|245675
Insert.aspx;2953758751;6;1410146591;|1590|249939
Insert.aspx.designer.cs;3715925046;3;1410146591;|1606|249940
Update.aspx;2984637852;6;1410146591;|1600|249941
Update.aspx.designer.cs;3017818162;3;1410146591;|1588|249943
Clone.aspx.cs;2838913456;13;1414437907;|1586|273755
Delete.aspx.cs;3915641675;20;1414437907;|1597|273756
Details.aspx.cs;3566156420;16;1414437907;|1601|273757
Update.aspx.cs;3518817339;22;1414437907;|1589|273758
