SCMBranch=USR-717
SCMRepository=User Interface/Task Time Tracker/Web/Shared/Configuration/UserPreferenceKey/Controls
SCMMainlineUUID={6a359bb0-6131-417f-b48a-3113b3a22182}
SCMBranchRepositoryID=5579
Details.ascx.designer.cs;3169587010;3;1394430887;|2187|154704
Generic.ascx.designer.cs;3477343767;2;1394430887;|2185|18243
List.ascx.designer.cs;420321228;1;1394430887;|2183|2183
Validation.xml;2127473685;1;1394430887;|2191|2191
Generic.ascx;2408857261;6;1401244936;|2192|193492
List.ascx;3032325855;2;1401244936;|2189|193493
Details.ascx;1073629892;5;1401678844;|2180|200184
SearchFilter.ascx.designer.cs;1910165997;8;1405544892;|2181|213074
SearchFilter.ascx;400717930;19;1406825972;|2190|223192
List.ascx.cs;792715172;6;1408639053;|2184|231294
Generic.ascx.cs;127404531;17;1409070504;|2186|234602
Details.ascx.cs;1994916324;14;1410146602;|2188|247750
SearchFilter.ascx.cs;673141508;25;1414437923;|2182|273773
