SCMBranch=USR-717
SCMRepository=User Interface/Task Time Tracker/Web/Content/kendo/2013.3.1119/BlueOpal
SCMMainlineUUID={6a359bb0-6131-417f-b48a-3113b3a22182}
SCMBranchRepositoryID=18988
editor.png;3488544970;1;1394430784;|12857|157946
imagebrowser.png;1242563737;1;1394430784;|12856|157945
indeterminate.gif;705117755;1;1394430784;|12855|157944
loading-image.gif;1382622054;1;1394430784;|12854|157943
loading.gif;2355955302;1;1394430784;|12853|157942
loading_2x.gif;516983364;1;1394430784;|12852|157941
slider-h.gif;450801156;1;1394430784;|12851|157940
slider-v.gif;1182221443;1;1394430784;|12850|157939
sprite.png;3987365701;1;1394430784;|12849|157938
sprite_2x.png;2982454194;1;1394430784;|12848|157937
