SCMBranch=USR-717
SCMRepository=User Interface/Task Time Tracker/Web/Styles/Kendo/Uniform
SCMMainlineUUID={6a359bb0-6131-417f-b48a-3113b3a22182}
SCMBranchRepositoryID=19225
editor.png;3050983162;1;1394430906;|16237|161326
imagebrowser.png;3276459510;1;1394430906;|16236|161325
indeterminate.gif;1075870455;1;1394430906;|16235|161324
loading-image.gif;4046447379;1;1394430906;|16234|161323
loading.gif;763103049;1;1394430906;|16233|161322
loading_2x.gif;524034747;1;1394430906;|16232|161321
markers.png;175805534;1;1394430906;|16231|161320
markers_2x.png;2413404745;1;1394430906;|16230|161319
slider-h.gif;3541038458;1;1394430906;|16229|161318
slider-v.gif;2410029053;1;1394430906;|16226|161315
sprite.png;1862867052;1;1394430906;|16227|161316
sprite_2x.png;4138722385;1;1394430906;|16228|161317
