SCMBranch=USR-717
SCMRepository=User Interface/Task Time Tracker/Web/Content/kendo/2013.3.1119/textures
SCMMainlineUUID={6a359bb0-6131-417f-b48a-3113b3a22182}
SCMBranchRepositoryID=18997
brushed-metal.png;811728167;1;1394430785;|12966|158055
dots1.png;3942402896;1;1394430785;|12964|158053
dots10.png;2839425797;1;1394430785;|12963|158052
dots11.png;2962135670;1;1394430785;|12962|158051
dots12.png;2990773755;1;1394430785;|12961|158050
dots13.png;492502151;1;1394430785;|12967|158056
dots2.png;1921400525;1;1394430785;|12960|158049
dots3.png;1526777111;1;1394430785;|12959|158048
dots4.png;365475962;1;1394430785;|12958|158047
dots5.png;3199068209;1;1394430785;|12947|158036
dots6.png;4250251715;1;1394430785;|12938|158027
dots7.png;3708425969;1;1394430785;|12939|158028
dots8.png;3490601637;1;1394430785;|12940|158029
dots9.png;2999003283;1;1394430785;|12941|158030
glass-lighter.png;2982402644;1;1394430785;|12942|158031
glass.png;2809955914;1;1394430785;|12943|158032
highlight.png;4051942319;1;1394430785;|12944|158033
hsv-gradient.png;1618843375;1;1394430785;|12945|158034
hue.png;2929037260;1;1394430785;|12946|158035
leather1.png;1275509977;1;1394430785;|12965|158054
leather2.png;2140871224;1;1394430785;|12948|158037
noise.png;2590948261;1;1394430785;|12949|158038
stripe1.png;3213122261;1;1394430785;|12950|158039
stripe2.png;18451884;1;1394430785;|12951|158040
stripe3.png;2191581781;1;1394430785;|12952|158041
stripe4.png;3536722213;1;1394430785;|12953|158042
stripe5.png;944180069;1;1394430785;|12954|158043
stripe6.png;790587600;1;1394430785;|12955|158044
transparency.png;3710735186;1;1394430785;|12956|158045
transtexture.png;3024638146;1;1394430785;|12957|158046
