SCMBranch=USR-717
SCMRepository=User Interface/Task Time Tracker/Web/Prototype/Kendo/content/dataviz/js
SCMMainlineUUID={6a359bb0-6131-417f-b48a-3113b3a22182}
SCMBranchRepositoryID=19004
antenna-gain.json;1687352871;1;1394430804;|13008|158097
april-sales.json;3012880452;1;1394430804;|13007|158096
boeing-stock.json;3299616523;1;1394430804;|13006|158095
budget-report.json;2063529056;1;1394430804;|13005|158094
crime-stats.json;2866907409;1;1394430804;|13011|158100
job-stats.json;4212063240;1;1394430804;|13003|158092
kendo.examples.nav.js;787131785;1;1394430804;|13014|158103
ohlc-data.json;3254424286;1;1394430804;|13013|158102
olympics-japan.json;1864405346;1;1394430804;|13012|158101
ozone.json;1146161745;1;1394430804;|13010|158099
price-performance.json;705294559;1;1394430804;|13009|158098
screen_resolution.json;3932461886;1;1394430804;|13004|158093
spain-electricity.json;2262748931;1;1394430804;|13001|158090
wind-data.json;1969109940;1;1394430804;|13002|158091
