SCMBranch=USR-717
SCMRepository=User Interface/Task Time Tracker/Web/Shared/ApplicationManagement/ReleaseNote/ReleaseLogDetail
SCMMainlineUUID={6a359bb0-6131-417f-b48a-3113b3a22182}
SCMBranchRepositoryID=23944
Clone.aspx.cs;1574692707;1;1407766913;|20778|224327
Export.aspx;3056868006;1;1407766913;|20772|224321
Export.aspx.designer.cs;1817448500;1;1407766913;|20769|224318
Insert.aspx.cs;2000000747;1;1407766913;|20773|224322
Default.aspx;3237843076;3;1408639049;|20766|232638
Default.aspx.cs;1261663304;2;1408639049;|20756|231454
Clone.aspx;1317512490;3;1410146592;|20764|242933
Clone.aspx.designer.cs;2266182203;2;1410146592;|20759|242934
CommonUpdate.aspx;1007717040;2;1410146592;|20765|242935
CommonUpdate.aspx.designer.cs;4236756473;2;1410146592;|20757|242936
Default.aspx.designer.cs;418625460;2;1410146592;|20755|238764
Delete.aspx;3064470641;3;1410146592;|20767|242937
Delete.aspx.designer.cs;1465265122;2;1410146592;|20761|242938
Details.aspx.designer.cs;2169353112;2;1410146592;|20763|242940
Export.aspx.cs;173142159;3;1410146592;|20768|245841
Insert.aspx;3082682885;3;1410146592;|20771|242941
Insert.aspx.designer.cs;1975386639;2;1410146592;|20774|242942
Update.aspx.designer.cs;2246868004;2;1410146592;|20777|242944
Delete.aspx.cs;2196850547;6;1414437907;|20760|273810
Update.aspx.cs;3687055805;5;1418189253;|20776|283370
Details.aspx;3539692614;5;1419542800;|20775|290877
Update.aspx;2426716333;4;1419542800;|20770|290878
Details.aspx.cs;1564117122;5;1447042509;|20762|335324
CommonUpdate.aspx.cs;1761100863;5;1493092281;|20758|357871
