SCMBranch=USR-717
SCMRepository=User Interface/Task Time Tracker/Web/Prototype/Kendo/web/button
SCMMainlineUUID={6a359bb0-6131-417f-b48a-3113b3a22182}
SCMBranchRepositoryID=19175
api.html;3372442412;3;1406516548;|14068|221267
events.html;1165151768;3;1406516548;|14069|221268
images.html;789758745;3;1406516548;|14070|221269
index.html;1853219288;3;1406516548;|14067|221270
mvvm.html;1378454195;3;1406516548;|14066|221271
navigation.html;3413050705;3;1406516548;|14065|221272
rtl.html;4002588257;3;1406516548;|14071|221273
