SCMBranch=USR-717
SCMRepository=User Interface/Task Time Tracker/Web/Shared/ApplicationManagement/ReleasePublishCategory/Controls
SCMMainlineUUID={6a359bb0-6131-417f-b48a-3113b3a22182}
SCMBranchRepositoryID=10608
Details.ascx.designer.cs;1325560884;2;1394430870;|5238|155168
Generic.ascx.designer.cs;2339283046;1;1394430870;|5245|15737
List.ascx.designer.cs;1536637696;1;1394430870;|5235|15727
Validation.xml;1066268328;1;1394430870;|5240|15732
Generic.ascx;2780187813;7;1401244932;|5243|195337
List.ascx;362946702;2;1401244932;|5242|195338
Details.ascx;3469144391;8;1401678840;|5244|201420
Details.ascx.cs;3044455199;11;1404235503;|5239|209464
List.ascx.cs;1904696912;5;1404235621;|5236|209465
Generic.ascx.cs;2383220745;14;1404235621;|5237|209466
SearchFilter.ascx;4279119156;15;1406649557;|5241|222763
SearchFilter.ascx.designer.cs;2236536239;7;1406649557;|5233|222765
SearchFilter.ascx.cs;650299463;20;1407174385;|5234|223699
