SCMBranch=USR-717
SCMRepository=User Interface/Task Time Tracker/Web/Configuration/UserPreferenceDataType
SCMMainlineUUID={6a359bb0-6131-417f-b48a-3113b3a22182}
SCMBranchRepositoryID=29151
Clone.aspx.cs;1608683907;1;1417403882;|28651|279235
Clone.aspx.designer.cs;673637746;1;1417403882;|28650|279234
Default.aspx.designer.cs;3182626501;1;1417403882;|28668|279252
Delete.aspx.designer.cs;2567138604;1;1417403882;|28670|279254
Details.aspx.cs;2749725955;1;1417403882;|28663|279247
Details.aspx.designer.cs;2565698603;1;1417403882;|28662|279246
Export.aspx;2206720966;1;1417403882;|28648|279232
Export.aspx.designer.cs;2816532860;1;1417403882;|28660|279244
Insert.aspx;3702245232;1;1417403882;|28649|279233
Insert.aspx.cs;787310764;1;1417403882;|28659|279243
Insert.aspx.designer.cs;2233835606;1;1417403882;|28658|279242
Settings.aspx;4255408345;1;1417403882;|28652|279236
Settings.aspx.designer.cs;1259045439;1;1417403882;|28656|279240
Update.aspx.cs;147899215;1;1417403882;|28655|279239
Clone.aspx;3986436894;2;1417540917;|28666|280358
Default.aspx;2328018369;2;1417540917;|28665|280359
Delete.aspx;1159685499;2;1417540917;|28664|280360
Settings.aspx.cs;2083963094;2;1417540917;|28657|280362
Details.aspx;2413754136;2;1419542780;|28669|290761
Delete.aspx.cs;3176995362;3;1425959638;|28647|297828
Export.aspx.cs;1133152196;2;1425959638;|28661|297829
Update.aspx;1176408604;4;1428633516;|28653|299840
Update.aspx.designer.cs;1766773223;2;1428633516;|28654|299841
Default.aspx.cs;787504813;2;1433221013;|28667|304595
