SCMBranch=USR-717
SCMRepository=User Interface/Task Time Tracker/Web/Shared/Configuration/DateRangeTitle/Controls
SCMMainlineUUID={6a359bb0-6131-417f-b48a-3113b3a22182}
SCMBranchRepositoryID=13632
Details.ascx.designer.cs;2217398770;2;1394430876;|9630|155231
List.ascx.designer.cs;72158380;1;1394430876;|9620|80958
Validation.xml;1066268328;1;1394430876;|9625|80963
List.ascx;933909281;2;1401244934;|9627|195539
Details.ascx;549422346;4;1401678842;|9629|201766
SearchFilter.ascx;777461146;9;1406172425;|9626|219861
Generic.ascx.cs;3938733620;10;1409070502;|9623|237506
List.ascx.cs;1668374617;9;1410146596;|9621|250733
Generic.ascx;571637443;5;1412565124;|9628|256070
Generic.ascx.designer.cs;1742891647;2;1412565124;|9622|256071
Details.ascx.cs;3300076845;11;1413170142;|9624|267347
SearchFilter.ascx.cs;52119960;12;1413170142;|9619|267348
SearchFilter.ascx.designer.cs;657897731;4;1413170142;|9618|267349
