SCMBranch=USR-717
SCMRepository=User Interface/Task Time Tracker/Web/app/BM/CapitalMarkets/services/Gen
SCMMainlineUUID={6a359bb0-6131-417f-b48a-3113b3a22182}
SCMBranchRepositoryID=35047
Calculator.cs;42954251;1;1433220976;|38163|306881
Calculator.tt;3449440215;1;1433220976;|38100|306818
CreditInstrument.cs;1566315191;1;1433220976;|38168|306886
CreditInstrument.tt;3182267409;1;1433220976;|38101|306819
FundStructure.cs;465410697;1;1433220976;|38171|306889
FundStructure.tt;2231675550;1;1433220976;|38102|306820
Investment.cs;1828478115;1;1433220976;|38183|306901
SwapInstrument.cs;1137868087;1;1433220976;|38117|306835
SwapInstrument.tt;4243503915;1;1433220976;|38109|306827
TWRPerformance.cs;546881451;1;1433220976;|38112|306830
TWRPerformance.tt;3222804853;1;1433220976;|38110|306828
Menu.tt;838870387;3;1435570724;|38105|312213
Menu.cs;42954251;1;1435570729;|38199|306917
Investment.tt;2911699841;2;1436151887;|38103|312664
AccountAdministratorService.js;1224538084;2;1437366648;|38143|315614
AccountExcecutiveService.js;3084530279;2;1437366648;|38142|315615
Accounting.cs;1566315191;2;1437366648;|38147|315616
AccountingCalenderService.js;373073794;2;1437366648;|38161|315618
AccountingParametersService.js;444310848;2;1437366648;|38148|315619
AccountingViewService.js;3714015928;2;1437366648;|38149|315620
AccountSpecificTypeService.js;508360543;2;1437366648;|38150|315621
AccountSubTypeService.js;3566338867;2;1437366648;|38151|315622
AgentBankService.js;3053856251;2;1437366648;|38141|315623
AmortizationService.js;3927787754;2;1437366648;|38152|315625
AnalystService.js;2419473409;2;1437366648;|38140|315626
AnnotationsService.js;2133596071;2;1437366648;|38130|315627
AssetBackedService.js;61518221;2;1437366648;|38175|315628
AssetTypeService.js;1318094721;2;1437366648;|38193|315629
AutomatedFreezepointService.js;1499010935;2;1437366648;|38153|315630
BondService.js;1777261402;2;1437366648;|38176|315631
BrokerService.js;3016003362;2;1437366648;|38194|315632
BusinessCalenderService.js;3053291539;2;1437366648;|38162|315633
Calendar.cs;1566315191;1;1437366648;|39130|315065
CashService.js;1110895197;2;1437366648;|38177|315634
ChartOfAccountsService.js;3169568284;2;1437366649;|38154|315635
Classification.cs;1566315191;1;1437366649;|39129|315064
CreditContractService.js;2182903819;2;1437366649;|38165|315638
CreditDealService.js;1302676231;2;1437366649;|38166|315639
CreditDefaultSwapIndexService.js;241468495;2;1437366649;|38120|315640
CreditDefaultSwapService.js;682515654;2;1437366649;|38119|315641
CreditFacilityService.js;3674499007;2;1437366649;|38167|315642
CustodianService.js;3166079776;2;1437366649;|38195|315643
DeliveryAgentService.js;2402715043;2;1437366649;|38138|315644
EquityService.js;4279790281;2;1437366649;|38178|315645
ExchangeService.js;152923456;2;1437366649;|38137|315646
FinancialAccountTypeService.js;846112851;2;1437366649;|38967|315648
FinancingService.js;2472057823;2;1437366649;|38118|315649
FiscalCalenderService.js;59922071;2;1437366649;|38164|315650
ForwardCashService.js;3439969906;2;1437366649;|38179|315651
ForwardFXContractService.js;2881842745;2;1437366649;|38180|315652
FundPricesService.js;2979334042;2;1437366649;|38129|315654
FundService.js;3237181754;4;1437366649;|38181|315655
FutureService.js;59463200;2;1437366649;|38182|315656
Holdings.cs;1566315191;1;1437366649;|39127|315062
Instruments.cs;1566315191;1;1437366649;|39199|315170
InvestingFeederService.js;1485549625;2;1437366649;|38172|315658
InvestmentPricesService.js;1001107423;2;1437366649;|38128|315659
InvestmentTypeService.js;260036732;2;1437366649;|38196|315660
IssuerService.js;1240953852;2;1437366649;|38136|315661
ManagementEntities.cs;1566315191;1;1437366649;|39115|315035
ManagerService.js;1634323955;2;1437366649;|38135|315665
MediumOfExchangeService.js;3288730170;2;1437366649;|38184|315666
Parties.cs;1566315191;2;1437366649;|38134|315667
Performance.cs;1566315191;1;1437366649;|39200|315171
PerformanceKeyService.js;411517419;2;1437366649;|38115|315669
PerformanceParametersService.js;515771508;2;1437366649;|38114|315670
positionService.js;22907461;1;1437366649;|39126|315061
PriceListService.js;3183567921;2;1437366649;|38127|315674
PriceMarketService.js;3063701870;2;1437366649;|38126|315675
PriceProviderService.js;2452841928;2;1437366649;|38125|315676
Prices.cs;1566315191;2;1437366649;|38124|315677
PriceScheduleService.js;2480976223;2;1437366649;|38123|315679
PriceSourceService.js;3997421836;2;1437366649;|38122|315680
PriceTypeService.js;4238783026;2;1437366649;|38121|315681
Rating.cs;1566315191;1;1437366649;|39201|315172
ratingService.js;963116898;1;1437366649;|39198|315163
ratingServiceService.js;3763220468;1;1437366649;|39128|315063
RatingServicesService.js;250775214;2;1437366649;|38132|315682
SectorService.js;2632405316;2;1437366649;|38943|315683
SecurityClassService.js;1151090029;2;1437366649;|38923|317341
STIFService.js;1127284138;2;1437366649;|38185|315686
SwapInvestmentService.js;3751898621;2;1437366649;|38116|315689
transactionEventService.js;4260234875;1;1437366649;|39202|315173
TWRBatchProcessingService.js;3821725221;2;1437366649;|38113|315693
TWRSetService.js;154074426;2;1437366649;|38111|315694
industryService.js;1875934372;1;1437449966;|39240|317406
investmentThemeService.js;2554457658;1;1437449966;|39242|317408
subIndustryService.js;1947653456;1;1437449966;|39241|317407
OptionInstruments.cs;1566315191;3;1437462414;|38146|319232
businessUnitService.js;2179173195;1;1437622754;|39266|319820
subBusinessUnitService.js;1769530355;1;1437622754;|39267|319821
Calendar.tt;3036889328;2;1437968808;|39125|320337
Performance.tt;2554482925;2;1437968808;|39196|320344
Prices.tt;3469863172;4;1437968808;|38108|320345
OptionService.js;215753913;3;1437973306;|38145|319235
RightService.js;3314522165;3;1437973306;|38144|319233
OptionInstruments.tt;629327399;3;1437973306;|38106|320342
Core.tt;2389333857;1;1438581001;|40004|322270
CrossReference.cs;1566315191;1;1438581001;|39945|321749
fundXLegalEntityService.js;2646252964;1;1438581001;|39946|321750
portfolioXCustodianAccountService.js;809850456;1;1438581001;|39947|321751
transactionTypeService.js;2379783283;1;1438581001;|40003|322269
Core.cs;1566315191;1;1438581001;|40005|322271
brokerGroupService.js;3117054770;1;1439350564;|40024|322598
brokerTypeService.js;2123887935;1;1439350564;|40023|322597
securityService.js;3662029687;1;1439350564;|40061|323315
securityTypeGroupService.js;2390925339;1;1439350564;|40059|323313
securityTypeService.js;4150495835;1;1439350564;|40060|323314
Special.cs;1566315191;1;1439350564;|40039|323000
Special.tt;2389333857;1;1439350564;|40040|323001
AllocationGroupService.js;1922725658;3;1439523302;|38169|324361
ClassService.js;570169256;3;1439523302;|38170|324362
CompanyDealTypeService.js;2253726325;3;1439523302;|38915|324363
CustodianAccountService.js;2108351642;4;1439523302;|38139|324364
FinancialAccountClassService.js;3207715183;4;1439523302;|39016|324365
FreezePointsService.js;2710424697;4;1439523302;|38155|324366
Holdings.tt;4112052063;3;1439523302;|39194|321875
InventoryStateService.js;645305323;4;1439523302;|38156|324367
LegalEntityService.js;3123011460;3;1439523302;|38197|324368
LockdownPoolsService.js;1127786953;4;1439523302;|38157|324369
ManagementEntities.tt;1841368818;3;1439523302;|39114|324370
ManagementFirmService.js;3849994329;5;1439523302;|38198|324371
Parties.tt;1330711825;7;1439523302;|38107|322871
PortfolioGroupRulesService.js;3181339205;3;1439523302;|38133|324372
PortfolioService.js;3406907232;3;1439523302;|38200|324373
PortfolioTypeService.js;2067944395;3;1439523302;|38903|324374
Rating.tt;1530504181;4;1439523302;|39197|322210
SeriesService.js;3850151493;3;1439523302;|38173|324375
strategyGroupService.js;1060750948;2;1439523302;|39116|324376
StrategyService.js;2563395649;3;1439523302;|38201|324377
SubClassService.js;1030155432;3;1439523302;|38174|324378
TaxAccountTypeService.js;51276874;4;1439523302;|38158|324379
TaxStatusService.js;3083478988;4;1439523302;|38159|324380
TraderService.js;2830112507;3;1439523302;|38131|324381
WithholdingTaxTypeService.js;1806125339;4;1439523302;|38160|324382
Accounting.tt;1097099031;8;1439960212;|38099|326591
adjustmentCategoryService.js;305107894;1;1439960212;|40524|326535
txInvestmentService.js;3653524499;1;1440593693;|40550|327599
txOtherService.js;3408819657;1;1440593693;|40551|327600
txSettlementInfoService.js;1155234252;1;1440593693;|40552|327601
txTradeAndSettleDatesService.js;682922400;1;1440593758;|40553|327602
txTradeFiguresService.js;2348162264;1;1440593758;|40554|327603
txTradeInfoService.js;3600054319;1;1440593758;|40555|327604
recordTypeService.js;3289010524;1;1440741973;|40586|328156
CrossReference.tt;3478626239;2;1440993231;|39944|328619
priceScheduleXPriceListService.js;1819445589;1;1440993231;|40601|328607
securityXExternalMarketDataIdentifierService.js;2223640969;1;1441772933;|40642|329603
securityXOtherService.js;2500515446;1;1441772933;|40625|329354
securityXIdentifierService.js;3911636510;1;1442202182;|40679|330281
securityXPartyService.js;444796258;2;1442202182;|40651|330419
securityXSettlementDayService.js;1885207124;1;1442202182;|40647|330266
marketCapitalizationCategoryService.js;1866153013;1;1442377208;|40714|330527
TradeOrder.cs;1566315191;1;1442377208;|40715|330528
Instruments.tt;1748171085;5;1442550706;|39195|331520
orderActionService.js;1315786774;1;1442550706;|40735|331319
orderRequestService.js;395127169;1;1442550706;|40742|331358
orderTypeService.js;2168563510;1;1442550706;|40752|331406
securityXInvestmentIdentifierService.js;2378185721;1;1442550706;|40761|331426
orderStatusGroupService.js;548422053;1;1442810714;|40769|331605
orderStatusTypeService.js;923116908;1;1442810714;|40778|331743
orderStatusService.js;3862241600;1;1443413559;|40791|331973
orderItemService.js;2855692813;1;1443672185;|40800|332127
Commission.cs;1566315191;1;1444040231;|40817|332196
commissionCodeService.js;934386471;1;1444040231;|40818|332197
commissionRateService.js;2899963478;1;1444104394;|40834|332239
commissionTypeService.js;2308897851;1;1444104394;|40843|332264
Commission.tt;1961406773;3;1444196494;|40816|332360
commissionSplitService.js;1044889595;1;1444196494;|40852|332315
MSPA.cs;1566315191;1;1444395338;|40887|332484
mSPAFileEventService.js;3965313849;1;1444395338;|40903|332540
mSPAFileService.js;4166191497;1;1444395338;|40888|332485
tradingEventTypeService.js;3553858906;1;1447819264;|40967|336017
MSPA.tt;504023699;3;1447904935;|40886|336198
mSPAFileEventTypeService.js;1007774985;1;1447904935;|40977|336141
TradeOrder.tt;3558161481;8;1448251997;|40713|336329
ActivityAndOrders.cs;1566315191;1;1448372190;|39124|315057
Classification.tt;2697424138;5;1449804325;|39193|338525
transactionEventBuyService.js;2550016652;2;1491536851;|40529|357270
transactionEventSellService.js;2398040737;1;1491536851;|41791|357282
ActivityAndOrders.tt;612683891;5;1491882994;|39112|357408
transactionEventCoverShortService.js;4107474178;1;1491882994;|41810|357379
transactionEventSellShortService.js;399772901;1;1491882994;|41802|357360
