SCMBranch=USR-717
SCMRepository=User Interface/Task Time Tracker/Web/MA/AuthenticationAndAuthorization/ApplicationUser/Controls
SCMMainlineUUID={6a359bb0-6131-417f-b48a-3113b3a22182}
SCMBranchRepositoryID=30792
Details.ascx;33801145;1;1418613672;|33299|285877
Details.ascx.cs;113745742;1;1418613672;|33296|285874
Details.ascx.designer.cs;1098340942;1;1418613672;|33295|285873
Generic.ascx;364759643;1;1418613672;|33300|285878
Generic.ascx.designer.cs;934056055;1;1418613672;|33293|285871
MultipleEditGrid.ascx;3208428268;1;1418613672;|33301|285879
MultipleEditGrid.ascx.cs;2555454309;1;1418613672;|33292|285870
MultipleEditGrid.ascx.designer.cs;1719438865;1;1418613672;|33302|285880
SearchFilter.ascx;1345444443;1;1418613672;|33291|285869
SearchFilter.ascx.designer.cs;1146126325;1;1418613672;|33298|285876
Validation.xml;2170110286;1;1418613672;|33303|285881
SearchFilter.ascx.cs;3052625093;2;1422882971;|33297|295700
Generic.ascx.cs;3486089655;3;1469426635;|33294|352121
