SCMBranch=USR-717
SCMRepository=User Interface/Task Time Tracker/Web/Shared/ApplicationDevelopment/Module
SCMMainlineUUID={6a359bb0-6131-417f-b48a-3113b3a22182}
SCMBranchRepositoryID=22796
Clone.aspx.cs;4076855219;2;1406094032;|19927|219495
Export.aspx;3060722238;2;1406094032;|19921|219509
Export.aspx.designer.cs;1241251718;2;1406094032;|19913|219511
Insert.aspx.cs;37736119;2;1406094032;|19917|219516
Settings.aspx;3115861921;2;1406094032;|19910|219518
Settings.aspx.designer.cs;3082425060;2;1406094032;|19928|219520
CommonUpdate.aspx.cs;1385838642;3;1408465043;|19925|226804
Default.aspx.cs;2245436092;4;1408465043;|19909|226805
InlineUpdate.aspx.cs;2702800493;3;1408465043;|19914|226808
Default.aspx;1476967370;4;1408639049;|19924|232631
Clone.aspx;702799236;3;1410146590;|19931|242871
Clone.aspx.designer.cs;249276533;3;1410146590;|19926|242872
CommonUpdate.aspx;1215965821;3;1410146590;|19930|242873
CommonUpdate.aspx.designer.cs;3148323786;3;1410146590;|19934|242874
Default.aspx.designer.cs;1996282422;3;1410146590;|19908|238758
Delete.aspx;190535124;3;1410146590;|19923|242875
Delete.aspx.designer.cs;931003998;3;1410146590;|19906|242876
Details.aspx;1222201981;3;1410146590;|19922|242877
Details.aspx.cs;2327796127;3;1410146590;|19905|248780
Details.aspx.designer.cs;3903091160;3;1410146590;|19933|242878
Export.aspx.cs;152023082;6;1410146590;|19912|245827
InlineUpdate.aspx;3679039387;3;1410146590;|19920|242879
InlineUpdate.aspx.designer.cs;1999638077;3;1410146590;|19915|242880
Insert.aspx;2121331417;3;1410146590;|19911|242881
Insert.aspx.designer.cs;2108621943;3;1410146590;|19918|242882
Settings.aspx.cs;4037335164;3;1410146590;|19919|248781
Update.aspx;3805225263;3;1410146590;|19916|242883
Update.aspx.cs;1210128155;3;1410146590;|19929|238432
Update.aspx.designer.cs;1079606823;3;1410146590;|19932|242884
Delete.aspx.cs;1195426701;6;1414437902;|19907|273802
