SCMBranch=USR-717
SCMRepository=User Interface/Task Time Tracker/Web/Prototype/Kendo/web/mvvm
SCMMainlineUUID={6a359bb0-6131-417f-b48a-3113b3a22182}
SCMBranchRepositoryID=19191
attributes.html;664679404;3;1406516550;|14215|221409
custom.html;697366491;3;1406516550;|14214|221410
elements.html;422991467;3;1406516550;|14212|221411
event.html;986373799;3;1406516550;|14211|221412
index.html;1943957739;3;1406516550;|14210|221413
remote-binding.html;2894941091;3;1406516550;|14209|221414
source.html;1424371978;3;1406516550;|14208|221415
style.html;1227491131;3;1406516550;|14207|221416
widgets.html;3872209082;3;1406516550;|14213|221417
