SCMBranch=USR-717
SCMRepository=User Interface/Task Time Tracker/Web/Configuration/TabChildStructure
SCMMainlineUUID={6a359bb0-6131-417f-b48a-3113b3a22182}
SCMBranchRepositoryID=29135
Clone.aspx.cs;497363867;1;1417403880;|28334|278918
Clone.aspx.designer.cs;2086437616;1;1417403880;|28335|278919
CommonUpdate.aspx;4007437346;1;1417403880;|28327|278911
CommonUpdate.aspx.designer.cs;1701200237;1;1417403880;|28337|278921
Default.aspx.cs;3887059380;1;1417403880;|28338|278922
Default.aspx.designer.cs;1619869063;1;1417403880;|28339|278923
Delete.aspx.cs;34157488;1;1417403880;|28340|278924
Delete.aspx.designer.cs;3095225655;1;1417403880;|28341|278925
Details.aspx.cs;2007013032;1;1417403880;|28342|278926
Details.aspx.designer.cs;4179901647;1;1417403880;|28343|278927
Export.aspx;2263184071;1;1417403880;|28329|278913
Export.aspx.cs;3218320294;1;1417403880;|28333|278917
Export.aspx.designer.cs;1198386096;1;1417403880;|28345|278929
InlineUpdate.aspx;4060567236;1;1417403880;|28344|278928
InlineUpdate.aspx.designer.cs;1822518678;1;1417403880;|28347|278931
Insert.aspx.cs;3937515894;1;1417403880;|28348|278932
Insert.aspx.designer.cs;768526320;1;1417403880;|28349|278933
Settings.aspx;3322305793;1;1417403880;|28331|278915
Settings.aspx.cs;245069194;1;1417403880;|28350|278934
Settings.aspx.designer.cs;3511558305;1;1417403880;|28351|278935
Update.aspx.cs;3125720981;1;1417403880;|28352|278936
Update.aspx.designer.cs;757839917;1;1417403880;|28353|278937
Clone.aspx;727136179;2;1417540916;|28328|280309
Default.aspx;494286546;2;1417540916;|28324|280310
Delete.aspx;3264942617;2;1417540916;|28325|280311
Insert.aspx;1483984337;2;1417540916;|28332|280312
Details.aspx;3791564811;2;1419542780;|28326|290745
Update.aspx;3832629296;3;1419542780;|28330|290746
InlineUpdate.aspx.cs;730927319;2;1464838855;|28346|349183
CommonUpdate.aspx.cs;2057716130;3;1493092258;|28336|357805
