SCMBranch=USR-717
SCMRepository=User Interface/Task Time Tracker/Web/Prototype/Kendo/content/web/panelbar
SCMMainlineUUID={6a359bb0-6131-417f-b48a-3113b3a22182}
SCMBranchRepositoryID=19112
andrew.jpg;1707323;1;1394430816;|13808|158897
astonmartin.png;3927171478;1;1394430816;|13803|158892
history.png;4246515151;1;1394430816;|13802|158891
nancy.jpg;3357764370;1;1394430816;|13807|158896
orgFoot.png;2812864834;1;1394430816;|13806|158895
orgHead.png;78664416;1;1394430816;|13805|158894
robert.jpg;3648091569;1;1394430816;|13804|158893
