SCMBranch=USR-717
SCMRepository=User Interface/Task Time Tracker/Web/Shared/ApplicationDevelopment/Functionality
SCMMainlineUUID={6a359bb0-6131-417f-b48a-3113b3a22182}
SCMBranchRepositoryID=22770
Clone.aspx.cs;3905075557;2;1406094025;|19452|219029
Details.aspx.cs;1142415232;2;1406094026;|19429|219041
Export.aspx;1500699319;2;1406094026;|19437|219043
Export.aspx.designer.cs;1092862975;2;1406094026;|19432|219045
Insert.aspx.cs;1008328129;2;1406094026;|19442|219050
CommonUpdate.aspx.cs;2518583889;3;1408379787;|19450|225707
InlineUpdate.aspx.cs;2726585091;3;1408379787;|19433|225710
Default.aspx;25075253;4;1408639047;|19440|232015
Default.aspx.designer.cs;201380265;3;1408639047;|19434|232016
Clone.aspx;199459551;3;1410146586;|19447|242725
Clone.aspx.designer.cs;2710936548;3;1410146586;|19451|242726
CommonUpdate.aspx;2409567173;3;1410146586;|19446|242727
CommonUpdate.aspx.designer.cs;2945611723;3;1410146586;|19449|242728
Delete.aspx;3638351714;3;1410146586;|19439|242729
Delete.aspx.designer.cs;1406515266;3;1410146586;|19428|242730
Details.aspx;188634393;3;1410146586;|19438|242731
Details.aspx.designer.cs;1066702365;3;1410146586;|19430|242732
Export.aspx.cs;229941961;6;1410146586;|19431|245809
InlineUpdate.aspx;3729675187;3;1410146586;|19436|242733
InlineUpdate.aspx.designer.cs;3987308370;3;1410146586;|19441|242734
Insert.aspx;4075055999;3;1410146586;|19435|242735
Insert.aspx.designer.cs;1739132380;3;1410146586;|19443|242736
Update.aspx;42011520;3;1410146586;|19453|242737
Update.aspx.designer.cs;237885052;3;1410146587;|19445|242738
Default.aspx.cs;625399688;6;1413170139;|19448|263663
Delete.aspx.cs;585383317;6;1414437902;|19427|273794
Update.aspx.cs;3473455526;8;1414437902;|19444|273654
