SCMBranch=USR-717
SCMRepository=User Interface/Task Time Tracker/Web/Configuration/Application
SCMMainlineUUID={6a359bb0-6131-417f-b48a-3113b3a22182}
SCMBranchRepositoryID=29097
Clone.aspx.cs;151374820;1;1417403875;|27680|278264
Clone.aspx.designer.cs;3496975200;1;1417403875;|27679|278263
Delete.aspx.designer.cs;1469879963;1;1417403875;|27673|278257
Details.aspx.designer.cs;95298315;1;1417403875;|27671|278255
DetailsList.aspx.designer.cs;3098818140;1;1417403875;|27669|278253
Export.aspx;3836455027;1;1417403875;|27658|278242
Export.aspx.cs;2104388874;1;1417403875;|27668|278252
Export.aspx.designer.cs;846033190;1;1417403875;|27667|278251
InlineUpdate.aspx;2234548389;1;1417403875;|27659|278243
InlineUpdate.aspx.designer.cs;1191385011;1;1417403875;|27665|278249
Insert.aspx.cs;3851171207;1;1417403875;|27681|278265
Insert.aspx.designer.cs;3297058711;1;1417403875;|27663|278247
Settings.aspx;3385178413;1;1417403875;|27661|278245
Settings.aspx.designer.cs;1703060652;1;1417403875;|27652|278236
Update.aspx.cs;3597141470;1;1417403875;|27651|278235
Clone.aspx;97847963;2;1417540915;|27649|280214
Delete.aspx;3936082122;2;1417540915;|27655|280216
Insert.aspx;634873361;2;1417540915;|27660|280217
DetailsList.aspx;1213372402;2;1419542777;|27657|290722
Delete.aspx.cs;3822970463;2;1419637351;|27674|291178
Update.aspx;2990643534;4;1428633515;|27662|299760
Update.aspx.designer.cs;3999185641;2;1428633515;|27650|299761
Details.aspx;2094576785;2;1440127881;|27656|327062
Details.aspx.cs;1095559233;2;1440127881;|27672|327063
CommonUpdate.aspx;96384368;2;1462161176;|27664|346105
CommonUpdate.aspx.cs;1856353672;2;1462161176;|27678|346106
CommonUpdate.aspx.designer.cs;2467587808;2;1462161176;|27677|346107
Default.aspx;3709699510;3;1462161176;|27654|346108
Default.aspx.cs;372522854;2;1462161176;|27676|346109
Default.aspx.designer.cs;4210900013;2;1462161176;|27675|346110
UI_Pages.cs;17864673;1;1462161176;|41527|346092
UI_Pages.tt;4070175962;1;1462161176;|41526|346091
DetailsList.aspx.cs;825551134;2;1464838855;|27670|349165
InlineUpdate.aspx.cs;455551226;2;1464838855;|27666|349166
Settings.aspx.cs;330861917;3;1465193331;|27653|349953
