SCMBranch=USR-717
SCMRepository=User Interface/Task Time Tracker/Web/Shared/QualityAssurance/FunctionalityStatus/Controls
SCMMainlineUUID={6a359bb0-6131-417f-b48a-3113b3a22182}
SCMBranchRepositoryID=10385
List.ascx.cs;3662910145;5;1394430900;|4906|141139
List.ascx.designer.cs;1201716457;1;1394430900;|4905|13098
Validation.xml;3687457457;1;1394430900;|4915|13108
List.ascx;1517116821;2;1401244948;|4911|193951
Details.ascx;2861441278;7;1403492934;|4913|204613
Details.ascx.cs;2942205939;12;1403492934;|4909|204614
Details.ascx.designer.cs;186731493;3;1403492934;|4908|204615
Generic.ascx;701671701;8;1403492934;|4912|204616
Generic.ascx.designer.cs;2572465481;5;1403492934;|4914|204618
Generic.ascx.cs;3522287862;21;1403581167;|4907|204765
SearchFilter.ascx;3615831918;21;1405544894;|4910|213233
SearchFilter.ascx.cs;84813172;21;1405544894;|4904|213234
SearchFilter.ascx.designer.cs;3786470566;9;1405544894;|4903|213235
