SCMBranch=USR-717
SCMRepository=User Interface/Task Time Tracker/Web/Shared/EventMonitoring/ApplicationMonitoredEventEmail/Controls
SCMMainlineUUID={6a359bb0-6131-417f-b48a-3113b3a22182}
SCMBranchRepositoryID=5593
Details.ascx.designer.cs;3300012545;3;1394430891;|2367|154727
Generic.ascx.designer.cs;74558815;2;1394430891;|2369|18252
List.ascx.designer.cs;3886166057;1;1394430891;|2371|2371
Validation.xml;779830525;1;1394430891;|2374|2374
Generic.ascx;2793007337;5;1401244937;|2373|193517
List.ascx;3455793545;2;1401244937;|2372|193518
Details.ascx;195171513;5;1401678845;|2375|200191
SearchFilter.ascx.designer.cs;4118150037;7;1405544892;|2376|213086
SearchFilter.ascx;4027325119;15;1406825972;|2365|223197
List.ascx.cs;3487219500;7;1408464606;|2370|227274
Details.ascx.cs;2522055889;11;1408463729;|2366|227276
Generic.ascx.cs;2192737925;19;1408591369;|2368|229550
SearchFilter.ascx.cs;2467193540;26;1414437923;|2364|273780
