SCMBranch=USR-717
SCMRepository=User Interface/Task Time Tracker/Web/Shared/Admin/SystemIntegrity/SearchKeyDetailItem/Controls
SCMMainlineUUID={6a359bb0-6131-417f-b48a-3113b3a22182}
SCMBranchRepositoryID=13190
Details.ascx.designer.cs;348831057;3;1394430862;|9260|155220
Generic.ascx.designer.cs;4011476512;3;1394430862;|9259|110269
List.ascx.designer.cs;2096018416;1;1394430862;|9257|72675
SearchFilter.ascx.designer.cs;3823757745;3;1394430862;|9256|106710
Validation.xml;4038462337;2;1394430862;|9262|72766
Generic.ascx;756894396;5;1401244929;|9265|195510
List.ascx;1035595942;2;1401244929;|9264|195511
Details.ascx;4277247950;5;1401678838;|9266|201713
SearchFilter.ascx;790767557;9;1406774006;|9263|223066
Details.ascx.cs;3178031618;7;1408591358;|9261|229614
List.ascx.cs;2833526704;6;1408591358;|9258|229616
Generic.ascx.cs;132880201;13;1469426664;|9267|353437
SearchFilter.ascx.cs;2649983111;11;1469426665;|9255|353438
