SCMBranch=USR-717
SCMRepository=User Interface/Task Time Tracker/Web/Shared/ApplicationDevelopment/DeveloperRole
SCMMainlineUUID={6a359bb0-6131-417f-b48a-3113b3a22182}
SCMBranchRepositoryID=22764
Clone.aspx.cs;1848922937;2;1406094024;|19314|218903
Export.aspx;188796282;2;1406094024;|19304|218917
Export.aspx.designer.cs;323509181;2;1406094024;|19320|218919
Insert.aspx.cs;3369816924;2;1406094024;|19309|218924
Settings.aspx;1130336603;2;1406094024;|19324|218926
Settings.aspx.designer.cs;3366102006;2;1406094024;|19306|218928
CommonUpdate.aspx.cs;3449337350;3;1408379787;|19312|225932
Default.aspx.cs;1312863687;3;1408379787;|19303|225933
InlineUpdate.aspx.cs;4115317249;3;1408379787;|19319|225936
Settings.aspx.cs;304791109;3;1408379787;|19307|225937
Default.aspx;62440095;3;1408639047;|19317|232615
Clone.aspx;1755396608;3;1410146586;|19327|242683
Clone.aspx.designer.cs;48796308;3;1410146586;|19313|242684
CommonUpdate.aspx;3106906301;3;1410146586;|19318|242685
CommonUpdate.aspx.designer.cs;1944753946;3;1410146586;|19311|242686
Default.aspx.designer.cs;1591490387;3;1410146586;|19302|238744
Delete.aspx;2051799935;3;1410146586;|19316|242687
Delete.aspx.designer.cs;1146139988;3;1410146586;|19300|242688
Details.aspx;481807107;3;1410146586;|19315|242689
Details.aspx.cs;1564496920;3;1410146586;|19305|248759
Details.aspx.designer.cs;535584915;3;1410146586;|19322|242690
Export.aspx.cs;2195514006;6;1410146586;|19321|245806
InlineUpdate.aspx;3360793543;3;1410146586;|19326|242691
InlineUpdate.aspx.designer.cs;2745043698;3;1410146586;|19310|242692
Insert.aspx;477466501;3;1410146586;|19325|242693
Insert.aspx.designer.cs;3940577303;3;1410146586;|19308|242694
Update.aspx;3884478994;3;1410146586;|19323|242695
Update.aspx.cs;2139427285;3;1410146586;|19298|238425
Update.aspx.designer.cs;4107387581;3;1410146586;|19299|242696
Delete.aspx.cs;78097146;6;1414376796;|19301|273360
