SCMBranch=USR-717
SCMRepository=User Interface/Task Time Tracker/Web/Shared/Configuration/ApplicationRoute/Controls
SCMMainlineUUID={6a359bb0-6131-417f-b48a-3113b3a22182}
SCMBranchRepositoryID=13154
Details.ascx.designer.cs;1473428493;2;1394430875;|9118|154949
Generic.ascx.designer.cs;3697982438;1;1394430875;|9120|72286
List.ascx.designer.cs;2803533268;1;1394430875;|9122|72288
Validation.xml;3687457457;1;1394430875;|9196|72448
Generic.ascx;1413269970;5;1401244933;|9116|193803
List.ascx;451333462;3;1401244933;|9115|193804
Details.ascx;3640677069;5;1401678841;|9114|200348
SearchFilter.ascx.designer.cs;3851959779;4;1406172425;|9124|219860
SearchFilter.ascx;2185970971;10;1406825965;|9125|223257
Details.ascx.cs;3330492940;9;1408591364;|9117|227808
Generic.ascx.cs;615250745;12;1408591364;|9119|227809
List.ascx.cs;3726532741;8;1408591364;|9121|227810
SearchFilter.ascx.cs;2404499503;12;1414437912;|9123|273831
