SCMBranch=USR-717
SCMRepository=User Interface/Task Time Tracker/Web/Shared/QualityAssurance/FunctionalityPriority/Controls
SCMMainlineUUID={6a359bb0-6131-417f-b48a-3113b3a22182}
SCMBranchRepositoryID=10383
Details.ascx.designer.cs;2237133892;2;1394430899;|4874|155047
List.ascx.cs;3614057051;5;1394430899;|4877|141131
List.ascx.designer.cs;209099896;1;1394430899;|4878|13071
Validation.xml;3687457457;1;1394430899;|4872|13065
Generic.ascx.cs;1507404459;18;1395025027;|4875|182434
Generic.ascx.designer.cs;1818326309;2;1395025027;|4876|182435
Generic.ascx;2630857007;6;1401244948;|4869|193946
List.ascx;1358436782;2;1401244948;|4870|193947
Details.ascx;3320129520;6;1401678847;|4881|200412
Details.ascx.cs;4061417066;11;1401678847;|4873|200413
SearchFilter.ascx;284115032;18;1405544894;|4871|213229
SearchFilter.ascx.cs;1898099848;16;1405544894;|4879|213230
SearchFilter.ascx.designer.cs;3746615526;7;1405544894;|4880|213231
