SCMBranch=USR-717
SCMRepository=User Interface/Task Time Tracker/Web/Scripts/ace-editor/src-min-noconflict/snippets
SCMMainlineUUID={6a359bb0-6131-417f-b48a-3113b3a22182}
SCMBranchRepositoryID=27229
abap.js;2634097761;1;1410186263;|23321|251658
actionscript.js;3341906724;1;1410186263;|23209|251546
ada.js;1455468513;1;1410186263;|23210|251547
apache_conf.js;3551990712;1;1410186263;|23211|251548
applescript.js;1764243591;1;1410186263;|23212|251549
asciidoc.js;2294043334;1;1410186263;|23213|251550
assembly_x86.js;2034687557;1;1410186263;|23214|251551
autohotkey.js;3732610706;1;1410186263;|23215|251552
batchfile.js;2939635685;1;1410186263;|23216|251553
c9search.js;3704026132;1;1410186263;|23217|251554
c_cpp.js;1018327262;1;1410186263;|23218|251555
cirru.js;3350238128;1;1410186263;|23219|251556
clojure.js;1203102557;1;1410186263;|23220|251557
cobol.js;1313452655;1;1410186264;|23221|251558
coffee.js;1765171098;1;1410186264;|23222|251559
coldfusion.js;3683434300;1;1410186264;|23223|251560
csharp.js;1323914127;1;1410186264;|23224|251561
css.js;151629503;1;1410186264;|23225|251562
curly.js;3993558907;1;1410186264;|23226|251563
d.js;450343682;1;1410186264;|23227|251564
dart.js;2586150950;1;1410186264;|23228|251565
diff.js;556224960;1;1410186264;|23229|251566
django.js;1560674700;1;1410186264;|23230|251567
dockerfile.js;3239930344;1;1410186264;|23231|251568
dot.js;3261369111;1;1410186264;|23232|251569
ejs.js;3447525904;1;1410186264;|23233|251570
erlang.js;3931684956;1;1410186264;|23234|251571
forth.js;3714655799;1;1410186264;|23235|251572
ftl.js;3288504864;1;1410186264;|23236|251573
gherkin.js;2965820259;1;1410186264;|23237|251574
gitignore.js;2830599161;1;1410186264;|23238|251575
glsl.js;4014746675;1;1410186264;|23239|251576
golang.js;3662483149;1;1410186264;|23240|251577
groovy.js;1971671436;1;1410186264;|23241|251578
haml.js;2168875482;1;1410186264;|23242|251579
handlebars.js;2966427137;1;1410186264;|23243|251580
haskell.js;3248318941;1;1410186264;|23244|251581
haxe.js;2076926555;1;1410186264;|23245|251582
html.js;1591369595;1;1410186264;|23246|251583
html_ruby.js;4271836915;1;1410186264;|23247|251584
ini.js;2954378955;1;1410186264;|23248|251585
jack.js;889995233;1;1410186264;|23249|251586
jade.js;885884067;1;1410186264;|23250|251587
java.js;2311820853;1;1410186264;|23251|251588
javascript.js;1580688415;1;1410186264;|23252|251589
json.js;360873960;1;1410186264;|23253|251590
jsoniq.js;750335104;1;1410186264;|23254|251591
jsp.js;3008474551;1;1410186264;|23255|251592
jsx.js;2968829382;1;1410186264;|23256|251593
julia.js;3336869120;1;1410186264;|23257|251594
latex.js;1839605956;1;1410186264;|23258|251595
less.js;209280818;1;1410186264;|23259|251596
liquid.js;2650396924;1;1410186264;|23260|251597
lisp.js;4283489537;1;1410186264;|23261|251598
livescript.js;2441816509;1;1410186264;|23262|251599
logiql.js;1419524067;1;1410186264;|23263|251600
lsl.js;3816859022;1;1410186264;|23264|251601
lua.js;3139288385;1;1410186264;|23265|251602
luapage.js;1507078263;1;1410186264;|23266|251603
lucene.js;4182856736;1;1410186264;|23267|251604
makefile.js;2755535002;1;1410186264;|23268|251605
markdown.js;1863483050;1;1410186264;|23269|251606
matlab.js;1101396462;1;1410186264;|23270|251607
mel.js;102112245;1;1410186264;|23271|251608
mushcode.js;2004603743;1;1410186264;|23272|251609
mysql.js;3100206440;1;1410186264;|23273|251610
nix.js;3910806073;1;1410186264;|23274|251611
objectivec.js;2050360419;1;1410186264;|23275|251612
ocaml.js;1622478717;1;1410186264;|23276|251613
pascal.js;1542180694;1;1410186264;|23277|251614
perl.js;957022214;1;1410186264;|23278|251615
pgsql.js;4287338237;1;1410186264;|23279|251616
php.js;3488670930;1;1410186264;|23280|251617
plain_text.js;146423399;1;1410186264;|23281|251618
powershell.js;3818232963;1;1410186264;|23282|251619
prolog.js;2017170779;1;1410186264;|23283|251620
properties.js;1150715800;1;1410186264;|23284|251621
protobuf.js;2404255744;1;1410186264;|23285|251622
python.js;2038658201;1;1410186264;|23286|251623
r.js;2631009475;1;1410186264;|23287|251624
rdoc.js;1731104012;1;1410186264;|23288|251625
rhtml.js;1898194618;1;1410186264;|23289|251626
ruby.js;2509917367;1;1410186264;|23290|251627
rust.js;3028953221;1;1410186264;|23291|251628
sass.js;402424727;1;1410186264;|23292|251629
scad.js;2397713880;1;1410186264;|23293|251630
scala.js;4164033004;1;1410186264;|23294|251631
scheme.js;1204653467;1;1410186264;|23295|251632
scss.js;1009476823;1;1410186264;|23296|251633
sh.js;363298055;1;1410186264;|23297|251634
sjs.js;4170743592;1;1410186264;|23298|251635
smarty.js;478203011;1;1410186264;|23299|251636
snippets.js;327752404;1;1410186264;|23300|251637
soy_template.js;501120040;1;1410186264;|23301|251638
space.js;3603611984;1;1410186264;|23302|251639
sql.js;2190256872;1;1410186264;|23303|251640
stylus.js;1384886362;1;1410186264;|23304|251641
svg.js;1772009039;1;1410186264;|23305|251642
tcl.js;2468040482;1;1410186264;|23306|251643
tex.js;4269187064;1;1410186264;|23307|251644
text.js;2914638099;1;1410186264;|23308|251645
textile.js;1760356583;1;1410186264;|23309|251646
toml.js;710343600;1;1410186264;|23310|251647
twig.js;1326426241;1;1410186264;|23311|251648
typescript.js;2862547920;1;1410186264;|23312|251649
vala.js;2810750866;1;1410186264;|23313|251650
vbscript.js;739180058;1;1410186265;|23314|251651
velocity.js;4275526111;1;1410186265;|23320|251657
verilog.js;3867956285;1;1410186265;|23319|251656
vhdl.js;1365906003;1;1410186265;|23318|251655
xml.js;3591020749;1;1410186265;|23317|251654
xquery.js;3543718662;1;1410186265;|23316|251653
yaml.js;3270669336;1;1410186265;|23315|251652
