SCMBranch=USR-717
SCMRepository=User Interface/Task Time Tracker/Web/MS/TasksAndWorkflow/TaskEntityType
SCMMainlineUUID={6a359bb0-6131-417f-b48a-3113b3a22182}
SCMBranchRepositoryID=30827
CommonUpdate.aspx;2295129739;1;1418613676;|33915|286493
CommonUpdate.aspx.designer.cs;4109770838;1;1418613676;|33914|286492
Export.aspx;1052573741;1;1418613676;|33906|286484
Export.aspx.cs;1450048878;1;1418613676;|33925|286503
Export.aspx.designer.cs;2212275626;1;1418613676;|33926|286504
InlineUpdate.aspx;2906983314;1;1418613676;|33905|286483
InlineUpdate.aspx.designer.cs;1178142821;1;1418613676;|33928|286506
Settings.aspx;3228652245;1;1418613676;|33903|286481
Settings.aspx.designer.cs;3671964076;1;1418613676;|33919|286497
Details.aspx.cs;4151761556;1;1418613676;|33923|286501
Delete.aspx.cs;3893143333;1;1418613676;|33921|286499
Default.aspx.designer.cs;2912294503;1;1418613676;|33920|286498
Default.aspx.cs;812290362;1;1418613676;|33918|286496
Clone.aspx.designer.cs;2940597561;1;1418613676;|33912|286490
Clone.aspx.cs;3384921463;1;1418613676;|33911|286489
Details.aspx.designer.cs;1880002715;1;1418613676;|33932|286510
Insert.aspx.cs;1009800206;1;1418613676;|33929|286507
Insert.aspx.designer.cs;1469683429;1;1418613676;|33931|286509
Update.aspx.cs;2626856404;1;1418613676;|33930|286508
Update.aspx.designer.cs;3269071360;1;1418613676;|33917|286495
Insert.aspx;1361186116;2;1418760492;|33904|289202
Delete.aspx;4010055330;2;1418760477;|33908|289204
Default.aspx;2348260663;2;1418760504;|33909|289205
Clone.aspx;1002226661;2;1418760463;|33916|289206
Delete.aspx.designer.cs;795751117;1;1418613676;|33922|286500
Details.aspx;3873041115;3;1419542792;|33907|290977
Update.aspx;3095584002;3;1419542792;|33910|290978
InlineUpdate.aspx.cs;1115954253;2;1464933980;|33927|349529
Settings.aspx.cs;3099415369;3;1465193331;|33924|349960
CommonUpdate.aspx.cs;1226473518;3;1493092262;|33913|357842
