SCMBranch=USR-717
SCMRepository=User Interface/Task Time Tracker/Web/MA/ApplicationDevelopment/FunctionalityImageAttribute
SCMMainlineUUID={6a359bb0-6131-417f-b48a-3113b3a22182}
SCMBranchRepositoryID=30761
Clone.aspx.cs;440487617;1;1418613668;|32736|285314
Clone.aspx.designer.cs;3965186643;1;1418613668;|32735|285313
CommonUpdate.aspx;374388895;1;1418613668;|32725|285303
CommonUpdate.aspx.designer.cs;2296247336;1;1418613668;|32733|285311
Default.aspx.cs;1237669724;1;1418613668;|32724|285302
Default.aspx.designer.cs;283934093;1;1418613668;|32723|285301
Delete.aspx.cs;2251593712;1;1418613668;|32722|285300
Delete.aspx.designer.cs;3057255023;1;1418613668;|32721|285299
Details.aspx.cs;3212313022;1;1418613668;|32720|285298
Details.aspx.designer.cs;2991791312;1;1418613668;|32719|285297
InlineUpdate.aspx;2287436703;1;1418613668;|32729|285307
InlineUpdate.aspx.designer.cs;60548057;1;1418613668;|32717|285295
Insert.aspx.cs;3734540828;1;1418613668;|32716|285294
Insert.aspx.designer.cs;559864009;1;1418613668;|32715|285293
Update.aspx.cs;2449402319;1;1418613668;|32737|285315
Update.aspx.designer.cs;2045701638;1;1418613668;|32738|285316
Clone.aspx;942779836;3;1418752887;|32732|288991
Default.aspx;2706464136;3;1418752887;|32726|288992
Delete.aspx;1760889338;3;1418752887;|32727|288993
Insert.aspx;2826156781;3;1418752887;|32730|288994
Details.aspx;2822753012;2;1419542781;|32728|290787
Update.aspx;1198578299;4;1419542781;|32731|290788
InlineUpdate.aspx.cs;1648272753;2;1464933980;|32718|349584
CommonUpdate.aspx.cs;2345974406;3;1493092262;|32734|357822
