SCMBranch=USR-717
SCMRepository=User Interface/Task Time Tracker/Web/Prototype/Kendo/content/mobile/cities/220
SCMMainlineUUID={6a359bb0-6131-417f-b48a-3113b3a22182}
SCMBranchRepositoryID=19041
berlin.jpg;1283900535;1;1394430807;|13145|158234
bonn.jpg;2001783748;1;1394430807;|13144|158233
boston.jpg;796542145;1;1394430807;|13143|158232
cairo.jpg;1182338004;1;1394430807;|13142|158231
cancun.jpg;2254624365;1;1394430807;|13141|158230
cape-town.jpg;3093383309;1;1394430807;|13146|158235
liverpool.jpg;950144638;1;1394430807;|13139|158228
london.jpg;1252630411;1;1394430807;|13138|158227
melbourne.jpg;1730949603;1;1394430807;|13148|158237
new-delhi.jpg;1425872844;1;1394430807;|13149|158238
nice.jpg;2666325280;1;1394430807;|13147|158236
paris.jpg;3962652072;1;1394430807;|13140|158229
san-francisco.jpg;141206771;1;1394430807;|13136|158225
sydney.jpg;4241374910;1;1394430807;|13137|158226
