SCMBranch=USR-717
SCMRepository=User Interface/Task Time Tracker/Web/Configuration/Theme
SCMMainlineUUID={6a359bb0-6131-417f-b48a-3113b3a22182}
SCMBranchRepositoryID=29139
Clone.aspx.cs;2509209957;1;1417403880;|28425|279009
Clone.aspx.designer.cs;346122306;1;1417403880;|28426|279010
Delete.aspx.cs;3240511215;1;1417403880;|28420|279004
Delete.aspx.designer.cs;3648428931;1;1417403880;|28419|279003
Details.aspx.cs;3952708278;1;1417403880;|28436|279020
Details.aspx.designer.cs;1841505289;1;1417403880;|28418|279002
InlineUpdate.aspx;3757225817;1;1417403880;|28432|279016
InlineUpdate.aspx.designer.cs;1532191949;1;1417403880;|28416|279000
Insert.aspx.cs;1206802681;1;1417403880;|28410|278994
Insert.aspx.designer.cs;793398654;1;1417403880;|28411|278995
Search.aspx;1434684637;1;1417403880;|28434|279018
Search.aspx.cs;1943576906;1;1417403881;|28412|278996
Search.aspx.designer.cs;1401622045;1;1417403881;|28413|278997
Update.aspx.cs;3127139051;1;1417403881;|28414|278998
Clone.aspx;2440981872;2;1417540916;|28427|280320
Delete.aspx;745133939;2;1417540916;|28430|280322
Insert.aspx;3146691650;2;1417540916;|28433|280323
Details.aspx;523772095;2;1419542780;|28431|290749
Update.aspx;3005477176;4;1428633516;|28435|299819
Update.aspx.designer.cs;11045093;2;1428633516;|28415|299820
CommonUpdate.aspx;1055845432;2;1462161178;|28428|346275
CommonUpdate.aspx.cs;1030182485;2;1462161178;|28424|346276
CommonUpdate.aspx.designer.cs;1774633429;2;1462161178;|28423|346277
Default.aspx;1225634907;3;1462161178;|28429|346278
Default.aspx.cs;3526108817;2;1462161178;|28422|346279
Default.aspx.designer.cs;3295138747;2;1462161178;|28421|346280
UI_Pages.cs;1309701801;1;1462161178;|41547|346205
UI_Pages.tt;1050789724;1;1462161178;|41546|346204
InlineUpdate.aspx.cs;137852767;2;1464838862;|28417|349185
