SCMBranch=USR-717
SCMRepository=User Interface/Task Time Tracker/Web/Shared/ApplicationDevelopment/FunctionalityEntityStatusArchive
SCMMainlineUUID={6a359bb0-6131-417f-b48a-3113b3a22182}
SCMBranchRepositoryID=22776
Details.aspx.cs;2202904172;2;1406094027;|19569|219161
Export.aspx;3781737000;2;1406094027;|19565|219163
Export.aspx.designer.cs;3650798606;2;1406094027;|19561|219165
Settings.aspx.designer.cs;3589846144;2;1406094027;|19559|219167
Default.aspx.cs;2557704062;3;1408379788;|19568|225981
Default.aspx;1177786700;3;1408639048;|19567|232620
Default.aspx.designer.cs;2567523701;3;1410146587;|19570|238749
Details.aspx;2634979103;3;1410146587;|19566|242769
Details.aspx.designer.cs;596238917;3;1410146587;|19563|242770
Export.aspx.cs;402310325;6;1410146587;|19562|245817
Settings.aspx.cs;807984061;3;1410146587;|19560|248769
Settings.aspx;2410342938;2;1413170139;|19564|263669
