SCMBranch=USR-717
SCMRepository=User Interface/Task Time Tracker/Web/Shared/Admin/SystemEntityCategory
SCMMainlineUUID={6a359bb0-6131-417f-b48a-3113b3a22182}
SCMBranchRepositoryID=5510
Clone.aspx.cs;2031217509;9;1394430860;|1274|107866
Details.aspx.cs;1887579186;12;1394430860;|1268|120406
Export.aspx;4088512032;2;1394430860;|1256|118796
Export.aspx.designer.cs;2236814453;2;1394430860;|1265|154629
Insert.aspx.cs;2178539389;12;1394430860;|1264|107867
Update.aspx.cs;3705343680;13;1394430860;|1262|108890
Default.aspx.cs;761900936;19;1408591357;|1272|229466
Default.aspx;1308376111;10;1408639046;|1259|232509
Clone.aspx;477077634;6;1410146581;|1260|241426
Clone.aspx.designer.cs;326226795;3;1410146581;|1273|241427
CommonUpdate.aspx;4259677971;5;1410146581;|7091|242567
CommonUpdate.aspx.designer.cs;4184191601;3;1410146581;|7093|242568
Default.aspx.designer.cs;2271483932;7;1410146581;|1271|238640
Delete.aspx;699974123;8;1410146581;|1254|249921
Delete.aspx.designer.cs;1183898880;3;1410146581;|1269|241429
Details.aspx.designer.cs;1369407045;4;1410146581;|1267|241431
Export.aspx.cs;2014773360;10;1410146581;|1266|245668
InlineUpdate.aspx;2124558812;5;1410146581;|7095|242569
InlineUpdate.aspx.designer.cs;1882103861;3;1410146581;|7090|242570
Insert.aspx;2073071134;6;1410146581;|1257|241432
Insert.aspx.designer.cs;1266221982;3;1410146581;|1263|241433
Update.aspx.designer.cs;3062791039;3;1410146581;|1261|241435
Delete.aspx.cs;2069002973;15;1414005995;|1270|272707
Details.aspx;2257645535;8;1419542792;|1255|290578
Update.aspx;1360179398;7;1419542792;|1258|290579
InlineUpdate.aspx.cs;2939621023;13;1464838926;|7094|349400
CommonUpdate.aspx.cs;3183178586;17;1493092281;|7092|358319
