SCMBranch=USR-717
SCMRepository=User Interface/Task Time Tracker/Web/Configuration/TabParentStructure/Controls
SCMMainlineUUID={6a359bb0-6131-417f-b48a-3113b3a22182}
SCMBranchRepositoryID=29138
Details.ascx.cs;1998408363;1;1417403880;|28401|278985
Generic.ascx.designer.cs;240342361;1;1417403880;|28404|278988
List.ascx;1387569392;1;1417403880;|28398|278982
List.ascx.cs;1946117558;1;1417403880;|28405|278989
List.ascx.designer.cs;614001024;1;1417403880;|28406|278990
Validation.xml;1006363150;1;1417403880;|28409|278993
SearchFilter.ascx;3242705451;2;1422882971;|28397|295745
SearchFilter.ascx.designer.cs;4120979595;2;1422882971;|28408|295746
Details.ascx;2065721368;2;1428633516;|28400|299816
Details.ascx.designer.cs;4156734625;2;1428633516;|28402|299817
Generic.ascx;3442163365;2;1428633516;|28399|299818
Generic.ascx.cs;417702044;3;1469426631;|28403|352070
SearchFilter.ascx.cs;2875402315;2;1469426631;|28407|352071
