SCMBranch=USR-717
SCMRepository=User Interface/Task Time Tracker/Web/Configuration/TabChildStructure/Controls
SCMMainlineUUID={6a359bb0-6131-417f-b48a-3113b3a22182}
SCMBranchRepositoryID=29136
Details.ascx;551526981;1;1417403880;|28366|278950
Details.ascx.cs;690263244;1;1417403880;|28354|278938
Details.ascx.designer.cs;3487851853;1;1417403880;|28365|278949
Generic.ascx;1693041747;1;1417403880;|28356|278940
Generic.ascx.designer.cs;2865732598;1;1417403880;|28363|278947
List.ascx;4251672273;1;1417403880;|28357|278941
List.ascx.cs;3673569209;1;1417403880;|28362|278946
List.ascx.designer.cs;774761257;1;1417403880;|28361|278945
SearchFilter.ascx;3909601892;1;1417403880;|28358|278942
SearchFilter.ascx.cs;3969545023;1;1417403880;|28360|278944
SearchFilter.ascx.designer.cs;1703626100;1;1417403880;|28359|278943
Validation.xml;2741562676;1;1417403880;|28355|278939
Generic.ascx.cs;94193642;4;1469426631;|28364|352069
