SCMBranch=USR-717
SCMRepository=User Interface/Task Time Tracker/Web/Scripts/Kendo/Full
SCMMainlineUUID={6a359bb0-6131-417f-b48a-3113b3a22182}
SCMBranchRepositoryID=19210
jquery.min.js;1005439900;1;1394430846;|15325|160414
jquery.min.map;2897594939;1;1394430846;|15324|160413
kendo.all.min.js;801624106;1;1394430846;|15323|160412
kendo.all.min.js.map;2468133119;1;1394430846;|15322|160411
kendo.autocomplete.min.js;1372997544;1;1394430846;|15321|160410
kendo.autocomplete.min.js.map;4086779231;1;1394430846;|15320|160409
kendo.binder.min.js;437228444;1;1394430846;|15319|160408
kendo.binder.min.js.map;1155933959;1;1394430846;|15318|160407
kendo.button.min.js;3092659870;1;1394430846;|15317|160406
kendo.button.min.js.map;2439839332;1;1394430846;|15316|160405
kendo.calendar.min.js;4035189183;1;1394430846;|15315|160404
kendo.calendar.min.js.map;2261112119;1;1394430846;|15314|160403
kendo.colorpicker.min.js;2092132211;1;1394430846;|15313|160402
kendo.colorpicker.min.js.map;4208626553;1;1394430846;|15312|160401
kendo.columnmenu.min.js;1123475781;1;1394430846;|15311|160400
kendo.columnmenu.min.js.map;4243509681;1;1394430846;|15310|160399
kendo.combobox.min.js;3451765258;1;1394430846;|15309|160398
kendo.combobox.min.js.map;3125954876;1;1394430846;|15308|160397
kendo.core.min.js;1205211371;1;1394430846;|15307|160396
kendo.core.min.js.map;1538115575;1;1394430846;|15306|160395
kendo.data.min.js;4212582910;1;1394430846;|15305|160394
kendo.data.min.js.map;3919818266;1;1394430846;|15304|160393
kendo.data.odata.min.js;2452121829;1;1394430846;|15303|160392
kendo.data.odata.min.js.map;1314381506;1;1394430846;|15302|160391
kendo.data.xml.min.js;1454080309;1;1394430846;|15301|160390
kendo.data.xml.min.js.map;892235608;1;1394430846;|15300|160389
kendo.dataviz.barcode.min.js;2006157570;1;1394430846;|15299|160388
kendo.dataviz.barcode.min.js.map;3830973490;1;1394430846;|15298|160387
kendo.dataviz.canvas.min.js;3174632238;1;1394430846;|15297|160386
kendo.dataviz.canvas.min.js.map;1845704857;1;1394430847;|15296|160385
kendo.dataviz.chart.funnel.min.js;1002264619;1;1394430847;|15295|160384
kendo.dataviz.chart.funnel.min.js.map;889332334;1;1394430847;|15294|160383
kendo.dataviz.chart.min.js;509784640;1;1394430847;|15293|160382
kendo.dataviz.chart.min.js.map;1880298237;1;1394430847;|15292|160381
kendo.dataviz.chart.polar.min.js;2142134336;1;1394430847;|15291|160380
kendo.dataviz.chart.polar.min.js.map;4259252158;1;1394430847;|15290|160379
kendo.dataviz.core.min.js;2491364790;1;1394430847;|15289|160378
kendo.dataviz.core.min.js.map;2117772090;1;1394430847;|15288|160377
kendo.dataviz.gauge.min.js;2606991206;1;1394430847;|15287|160376
kendo.dataviz.gauge.min.js.map;1276692876;1;1394430847;|15286|160375
kendo.dataviz.map.min.js;2617757113;1;1394430847;|15285|160374
kendo.dataviz.map.min.js.map;926249153;1;1394430847;|15284|160373
kendo.dataviz.min.js;884968949;1;1394430847;|15283|160372
kendo.dataviz.min.js.map;2136385869;1;1394430847;|15282|160371
kendo.dataviz.qrcode.min.js;3879923987;1;1394430847;|15281|160370
kendo.dataviz.qrcode.min.js.map;1125505590;1;1394430847;|15280|160369
kendo.dataviz.sparkline.min.js;1050933711;1;1394430847;|15279|160368
kendo.dataviz.sparkline.min.js.map;513132248;1;1394430847;|15278|160367
kendo.dataviz.stock.min.js;581857763;1;1394430847;|15277|160366
kendo.dataviz.stock.min.js.map;1465254617;1;1394430847;|15276|160365
kendo.dataviz.svg.min.js;2975292633;1;1394430847;|15275|160364
kendo.dataviz.svg.min.js.map;1854346443;1;1394430847;|15274|160363
kendo.dataviz.themes.min.js;3907771335;1;1394430847;|15273|160362
kendo.dataviz.themes.min.js.map;4225437275;1;1394430847;|15272|160361
kendo.dataviz.vml.min.js;1362748578;1;1394430847;|15271|160360
kendo.dataviz.vml.min.js.map;1437398451;1;1394430847;|15270|160359
kendo.datepicker.min.js;2693909830;1;1394430847;|15269|160358
kendo.datepicker.min.js.map;2501734207;1;1394430847;|15268|160357
kendo.datetimepicker.min.js;3582635859;1;1394430847;|15267|160356
kendo.datetimepicker.min.js.map;4156418849;1;1394430847;|15266|160355
kendo.draganddrop.min.js;1842843726;1;1394430847;|15265|160354
kendo.draganddrop.min.js.map;3608840528;1;1394430847;|15264|160353
kendo.dropdownlist.min.js;3558943869;1;1394430847;|15263|160352
kendo.dropdownlist.min.js.map;1277012480;1;1394430847;|15262|160351
kendo.editable.min.js;692231307;1;1394430847;|15261|160350
kendo.editable.min.js.map;988722515;1;1394430847;|15260|160349
kendo.editor.min.js;728288955;1;1394430847;|15259|160348
kendo.editor.min.js.map;1516353541;1;1394430847;|15258|160347
kendo.filtermenu.min.js;2985039238;1;1394430847;|15257|160346
kendo.filtermenu.min.js.map;2779760199;1;1394430847;|15256|160345
kendo.fx.min.js;3298082062;1;1394430847;|15255|160344
kendo.fx.min.js.map;3955781052;1;1394430847;|15254|160343
kendo.grid.min.js;4151676165;1;1394430847;|15253|160342
kendo.grid.min.js.map;1503818552;1;1394430847;|15252|160341
kendo.groupable.min.js;2943645693;1;1394430847;|15251|160340
kendo.groupable.min.js.map;2242399093;1;1394430847;|15250|160339
kendo.imagebrowser.min.js;583944372;1;1394430847;|15249|160338
kendo.imagebrowser.min.js.map;621947810;1;1394430847;|15248|160337
kendo.list.min.js;1870871940;1;1394430847;|15247|160336
kendo.list.min.js.map;4025479158;1;1394430847;|15246|160335
kendo.listview.min.js;3502577730;1;1394430847;|15245|160334
kendo.listview.min.js.map;154139936;1;1394430847;|15244|160333
kendo.menu.min.js;3660184879;1;1394430847;|15243|160332
kendo.menu.min.js.map;3756288727;1;1394430847;|15242|160331
kendo.mobile.actionsheet.min.js;461474462;1;1394430847;|15241|160330
kendo.mobile.actionsheet.min.js.map;1530464143;1;1394430847;|15240|160329
kendo.mobile.application.min.js;1061622936;1;1394430847;|15239|160328
kendo.mobile.application.min.js.map;1121123889;1;1394430847;|15238|160327
kendo.mobile.button.min.js;2553134288;1;1394430847;|15237|160326
kendo.mobile.button.min.js.map;3388162694;1;1394430847;|15236|160325
kendo.mobile.buttongroup.min.js;610940742;1;1394430847;|15235|160324
kendo.mobile.buttongroup.min.js.map;1190816934;1;1394430848;|15234|160323
kendo.mobile.drawer.min.js;3469862978;1;1394430848;|15233|160322
kendo.mobile.drawer.min.js.map;3948531897;1;1394430848;|15232|160321
kendo.mobile.listview.min.js;3024052015;1;1394430848;|15231|160320
kendo.mobile.listview.min.js.map;3299552178;1;1394430848;|15230|160319
kendo.mobile.loader.min.js;4027981648;1;1394430848;|15229|160318
kendo.mobile.loader.min.js.map;2538637880;1;1394430848;|15228|160317
kendo.mobile.min.js;3380268894;1;1394430848;|15227|160316
kendo.mobile.min.js.map;3522523126;1;1394430848;|15226|160315
kendo.mobile.modalview.min.js;2644031740;1;1394430848;|15225|160314
kendo.mobile.modalview.min.js.map;3206526810;1;1394430848;|15224|160313
kendo.mobile.navbar.min.js;147169391;1;1394430848;|15223|160312
kendo.mobile.navbar.min.js.map;3209310710;1;1394430848;|15222|160311
kendo.mobile.pane.min.js;3262041669;1;1394430848;|15221|160310
kendo.mobile.pane.min.js.map;1758759789;1;1394430848;|15220|160309
kendo.mobile.popover.min.js;2738693549;1;1394430848;|15219|160308
kendo.mobile.popover.min.js.map;3692479102;1;1394430848;|15218|160307
kendo.mobile.scroller.min.js;72691897;1;1394430848;|15217|160306
kendo.mobile.scroller.min.js.map;1672746445;1;1394430848;|15216|160305
kendo.mobile.scrollview.min.js;229876744;1;1394430848;|15215|160304
kendo.mobile.scrollview.min.js.map;2993841669;1;1394430848;|15214|160303
kendo.mobile.shim.min.js;280228149;1;1394430848;|15213|160302
kendo.mobile.shim.min.js.map;3944891551;1;1394430848;|15212|160301
kendo.mobile.splitview.min.js;1874092235;1;1394430848;|15211|160300
kendo.mobile.splitview.min.js.map;3724962761;1;1394430848;|15210|160299
kendo.mobile.switch.min.js;2594645340;1;1394430848;|15209|160298
kendo.mobile.switch.min.js.map;283250364;1;1394430848;|15208|160297
kendo.mobile.tabstrip.min.js;2127531936;1;1394430848;|15207|160296
kendo.mobile.tabstrip.min.js.map;969318363;1;1394430848;|15206|160295
kendo.mobile.view.min.js;1014524763;1;1394430848;|15205|160294
kendo.mobile.view.min.js.map;3301509202;1;1394430848;|15204|160293
kendo.multiselect.min.js;147335678;1;1394430848;|15203|160292
kendo.multiselect.min.js.map;527960423;1;1394430848;|15202|160291
kendo.numerictextbox.min.js;4216839179;1;1394430848;|15201|160290
kendo.numerictextbox.min.js.map;3296971700;1;1394430848;|15200|160289
kendo.pager.min.js;746013281;1;1394430848;|15199|160288
kendo.pager.min.js.map;2762106981;1;1394430848;|15198|160287
kendo.panelbar.min.js;3283866282;1;1394430848;|15197|160286
kendo.panelbar.min.js.map;3402209027;1;1394430848;|15196|160285
kendo.popup.min.js;1490691243;1;1394430848;|15195|160284
kendo.popup.min.js.map;289672333;1;1394430848;|15194|160283
kendo.progressbar.min.js;2133753348;1;1394430848;|15193|160282
kendo.progressbar.min.js.map;423460387;1;1394430848;|15192|160281
kendo.reorderable.min.js;702577674;1;1394430848;|15191|160280
kendo.reorderable.min.js.map;1841007844;1;1394430848;|15190|160279
kendo.resizable.min.js;778221997;1;1394430848;|15189|160278
kendo.resizable.min.js.map;2915113824;1;1394430848;|15188|160277
kendo.router.min.js;105200865;1;1394430848;|15187|160276
kendo.router.min.js.map;1349451730;1;1394430848;|15186|160275
kendo.scheduler.agendaview.min.js;1226967714;1;1394430848;|15185|160274
kendo.scheduler.agendaview.min.js.map;775946253;1;1394430848;|15184|160273
kendo.scheduler.dayview.min.js;3711586591;1;1394430848;|15183|160272
kendo.scheduler.dayview.min.js.map;3701272962;1;1394430848;|15182|160271
kendo.scheduler.min.js;810359190;1;1394430848;|15181|160270
kendo.scheduler.min.js.map;3000731162;1;1394430848;|15180|160269
kendo.scheduler.monthview.min.js;4052731183;1;1394430848;|15179|160268
kendo.scheduler.monthview.min.js.map;4118370240;1;1394430848;|15178|160267
kendo.scheduler.recurrence.min.js;2680832623;1;1394430848;|15177|160266
kendo.scheduler.recurrence.min.js.map;1546951970;1;1394430848;|15176|160265
kendo.scheduler.view.min.js;4122938412;1;1394430848;|15175|160264
kendo.scheduler.view.min.js.map;1717991816;1;1394430848;|15174|160263
kendo.selectable.min.js;3472395535;1;1394430848;|15173|160262
kendo.selectable.min.js.map;2017870933;1;1394430849;|15172|160261
kendo.slider.min.js;4025818647;1;1394430849;|15171|160260
kendo.slider.min.js.map;2865781746;1;1394430849;|15170|160259
kendo.sortable.min.js;2689567710;1;1394430849;|15169|160258
kendo.sortable.min.js.map;333740152;1;1394430849;|15168|160257
kendo.splitter.min.js;2262364036;1;1394430849;|15167|160256
kendo.splitter.min.js.map;2052305444;1;1394430849;|15166|160255
kendo.tabstrip.min.js;1224821881;1;1394430849;|15165|160254
kendo.tabstrip.min.js.map;1760168888;1;1394430849;|15164|160253
kendo.timepicker.min.js;3585077313;1;1394430849;|15163|160252
kendo.timepicker.min.js.map;1139100025;1;1394430849;|15162|160251
kendo.timezones.min.js;3935772138;1;1394430849;|15161|160250
kendo.timezones.min.js.map;2790285702;1;1394430849;|15160|160249
kendo.tooltip.min.js;3843667871;1;1394430849;|15159|160248
kendo.tooltip.min.js.map;1683875196;1;1394430849;|15158|160247
kendo.touch.min.js;1661125001;1;1394430849;|15157|160246
kendo.touch.min.js.map;4112549845;1;1394430849;|15156|160245
kendo.treeview.min.js;2059767322;1;1394430849;|15155|160244
kendo.treeview.min.js.map;1629364075;1;1394430849;|15154|160243
kendo.upload.min.js;816340683;1;1394430849;|15153|160242
kendo.upload.min.js.map;2824892342;1;1394430849;|15152|160241
kendo.userevents.min.js;2671974144;1;1394430849;|15151|160240
kendo.userevents.min.js.map;2674975876;1;1394430849;|15150|160239
kendo.validator.min.js;3052336030;1;1394430849;|15149|160238
kendo.validator.min.js.map;107516092;1;1394430849;|15148|160237
kendo.view.min.js;64487507;1;1394430849;|15147|160236
kendo.view.min.js.map;2381908654;1;1394430849;|15146|160235
kendo.web.min.js;2884630954;1;1394430849;|15145|160234
kendo.web.min.js.map;3630966885;1;1394430849;|15144|160233
kendo.window.min.js;1040335;1;1394430849;|15143|160232
kendo.window.min.js.map;3460971346;1;1394430849;|15326|160415
kendo.angular.min.js;3762529552;1;1422882971;|35192|295637
