SCMBranch=USR-717
SCMRepository=User Interface/Task Time Tracker/Web/Shared/QualityAssurance/Module
SCMMainlineUUID={6a359bb0-6131-417f-b48a-3113b3a22182}
SCMBranchRepositoryID=12140
Clone.aspx.cs;2596692935;6;1394430901;|6844|107967
Clone.aspx.designer.cs;145241024;2;1394430901;|6824|58053
CommonUpdate.aspx.designer.cs;7316254;1;1394430901;|8957|70383
Default.aspx;3796171777;7;1394430901;|6838|172636
Default.aspx.designer.cs;3152036561;4;1394430901;|6827|92411
Delete.aspx.designer.cs;687599099;2;1394430901;|6829|58055
Details.aspx.cs;3775405399;8;1394430901;|6830|120271
Details.aspx.designer.cs;2725679837;3;1394430901;|6831|108141
Export.aspx;666583603;2;1394430901;|6841|118937
Export.aspx.cs;1205573792;5;1394430901;|6832|155059
Export.aspx.designer.cs;2491482369;2;1394430901;|6833|155060
InlineUpdate.aspx.designer.cs;371241520;1;1394430901;|8959|70385
Insert.aspx.cs;1435089415;7;1394430901;|6834|107968
Insert.aspx.designer.cs;1877218103;2;1394430901;|6835|58059
Settings.aspx.cs;2941973135;1;1394430901;|8960|70386
Settings.aspx.designer.cs;408459439;2;1394430901;|8961|156292
Update.aspx.cs;2269354453;12;1394430901;|6836|107969
Update.aspx.designer.cs;3444433073;2;1394430901;|6837|58061
CommonUpdate.aspx.cs;383449144;8;1395688974;|8956|184019
InlineUpdate.aspx.cs;3733382785;8;1400086236;|8958|188940
Clone.aspx;1413520425;4;1401678847;|6825|199506
CommonUpdate.aspx;1365888110;3;1401678847;|8953|199507
Delete.aspx;1596270675;5;1401678847;|6839|199508
Details.aspx;2830041032;5;1401678847;|6840|199509
InlineUpdate.aspx;2695545860;3;1401678847;|8954|199510
Insert.aspx;2079559519;4;1401678847;|6842|199511
Settings.aspx;3811146552;3;1401678847;|8955|199512
Update.aspx;1724404565;4;1401678847;|6843|199513
Delete.aspx.cs;1144396990;11;1404236648;|6828|209341
Default.aspx.cs;4189854315;15;1405544898;|6826|213425
