SCMBranch=USR-717
SCMRepository=User Interface/Task Time Tracker/Web/Shared/Admin/Trace/Controls
SCMMainlineUUID={6a359bb0-6131-417f-b48a-3113b3a22182}
SCMBranchRepositoryID=12411
Details.ascx.designer.cs;2037410020;2;1394430864;|7433|154919
Generic.ascx.designer.cs;3469815091;1;1394430864;|7431|25986
List.ascx.designer.cs;2021704048;1;1394430865;|7429|25984
SearchFilter.ascx.designer.cs;444411904;6;1394430865;|7427|80765
Validation.xml;3687457457;1;1394430865;|7435|25990
Generic.ascx;4119516372;4;1401244930;|7439|193766
List.ascx;1062273639;2;1401244930;|7437|193767
Details.ascx;2412139139;5;1401678839;|7434|200333
SearchFilter.ascx;2019385008;14;1406825965;|7436|223253
List.ascx.cs;2815526539;6;1410146584;|7430|250599
Details.ascx.cs;2318848962;12;1425402162;|7438|297407
SearchFilter.ascx.cs;1737385136;12;1425402162;|7428|297409
Generic.ascx.cs;958474453;15;1469426665;|7432|353439
