SCMBranch=USR-717
SCMRepository=User Interface/Task Time Tracker/Web/Content/kendo/2013.3.1119/HighContrast
SCMMainlineUUID={6a359bb0-6131-417f-b48a-3113b3a22182}
SCMBranchRepositoryID=18992
editor.png;3050983162;1;1394430784;|12889|157978
imagebrowser.png;3276459510;1;1394430784;|12890|157979
indeterminate.gif;1660777198;1;1394430784;|12891|157980
loading-image.gif;4262883188;1;1394430784;|12892|157981
loading.gif;1345307865;1;1394430784;|12893|157982
loading_2x.gif;4262883188;1;1394430784;|12894|157983
slider-h.gif;443996474;1;1394430784;|12895|157984
slider-v.gif;3455234650;1;1394430784;|12896|157985
sprite.png;3480684676;1;1394430784;|12888|157977
sprite_2x.png;1526411835;1;1394430784;|12897|157986
