SCMBranch=USR-717
SCMRepository=User Interface/Task Time Tracker/Web/MS/EventMonitoring/ApplicationMonitoredEvent/Controls
SCMMainlineUUID={6a359bb0-6131-417f-b48a-3113b3a22182}
SCMBranchRepositoryID=30805
Details.ascx;1872706666;1;1418613673;|33503|286081
Details.ascx.designer.cs;3593573954;1;1418613673;|33505|286083
Generic.ascx;3545617885;1;1418613673;|33499|286077
Generic.ascx.designer.cs;2245887904;1;1418613673;|33507|286085
List.ascx;12205893;1;1418613673;|33498|286076
List.ascx.cs;3897022943;1;1418613673;|33508|286086
List.ascx.designer.cs;2717453728;1;1418613673;|33502|286080
SearchFilter.ascx.designer.cs;3893804227;1;1418613673;|33500|286078
Validation.xml;643176659;1;1418613673;|33497|286075
SearchFilter.ascx;2146876841;2;1422882971;|33509|295755
Details.ascx.cs;3984198058;2;1447042489;|33504|335291
SearchFilter.ascx.cs;2845372312;2;1447042489;|33501|335293
Generic.ascx.cs;2038557189;3;1469426650;|33506|352126
