SCMBranch=USR-717
SCMRepository=User Interface/Task Time Tracker/Web/MA/ApplicationDevelopment/DeveloperRole
SCMMainlineUUID={6a359bb0-6131-417f-b48a-3113b3a22182}
SCMBranchRepositoryID=30743
Clone.aspx.cs;3788339748;1;1418613665;|32386|284964
Clone.aspx.designer.cs;221742753;1;1418613665;|32385|284963
CommonUpdate.aspx;3357520343;1;1418613665;|32390|284968
CommonUpdate.aspx.designer.cs;2015076671;1;1418613665;|32403|284981
Default.aspx.cs;1091124291;1;1418613665;|32382|284960
Default.aspx.designer.cs;975172978;1;1418613665;|32381|284959
Delete.aspx.cs;1089119225;1;1418613665;|32380|284958
Delete.aspx.designer.cs;1533539513;1;1418613665;|32379|284957
Details.aspx.cs;2705575410;1;1418613665;|32378|284956
Details.aspx.designer.cs;1514663288;1;1418613665;|32377|284955
Export.aspx;3796887462;1;1418613665;|32399|284977
Export.aspx.cs;2467178848;1;1418613665;|32376|284954
Export.aspx.designer.cs;1768638744;1;1418613665;|32375|284953
InlineUpdate.aspx;2991617107;1;1418613665;|32404|284982
InlineUpdate.aspx.designer.cs;588794424;1;1418613666;|32392|284970
Insert.aspx.cs;997684559;1;1418613666;|32393|284971
Insert.aspx.designer.cs;3786409117;1;1418613666;|32394|284972
Settings.aspx;2717538784;1;1418613666;|32401|284979
Settings.aspx.designer.cs;350207979;1;1418613666;|32396|284974
Update.aspx.cs;11411433;1;1418613666;|32397|284975
Update.aspx.designer.cs;990182229;1;1418613666;|32398|284976
Clone.aspx;66903108;3;1418752887;|32391|288952
Default.aspx;2631220054;3;1418752887;|32389|288953
Delete.aspx;3804398466;3;1418752887;|32388|288954
Insert.aspx;1175011991;3;1418752887;|32402|288955
Details.aspx;4033431227;2;1419542780;|32387|290771
Update.aspx;1359460668;4;1419542781;|32400|290772
UI_Pages.cs;1309701801;1;1462161184;|41489|345900
UI_Pages.tt;3475171044;1;1462161184;|41490|345901
InlineUpdate.aspx.cs;3411399284;2;1464933966;|32383|349571
Settings.aspx.cs;813767878;3;1465193331;|32395|349954
CommonUpdate.aspx.cs;3289763418;3;1493092258;|32384|357812
