SCMBranch=USR-717
SCMRepository=User Interface/Task Time Tracker/Web/Prototype/Kendo/content/spa/websushi/images/75
SCMMainlineUUID={6a359bb0-6131-417f-b48a-3113b3a22182}
SCMBranchRepositoryID=19077
california-rolls.jpg;3121783728;1;1394430812;|13435|158524
chicken-teriyaki.jpg;3827774049;1;1394430812;|13434|158523
chirashi-sushi.jpg;2856031650;1;1394430812;|13433|158522
ebi-rolls.jpg;405062591;1;1394430812;|13432|158521
edamame.jpg;4078151549;1;1394430812;|13431|158520
gohan.jpg;1833820064;1;1394430812;|13429|158518
hosomaki-mix.jpg;974715288;1;1394430812;|13428|158517
maguro.jpg;664050776;1;1394430812;|13427|158516
miso-soup.jpg;1628062232;1;1394430812;|13426|158515
salmon-teriyaki.jpg;3886795397;1;1394430812;|13425|158514
sashimi-salad.jpg;1138041771;1;1394430812;|13424|158513
seattle-rolls.jpg;430139209;1;1394430812;|13420|158509
seaweed-salad.jpg;2176001081;1;1394430812;|13418|158507
shake.jpg;1460459409;1;1394430812;|13436|158525
shiromi.jpg;2498445484;1;1394430812;|13419|158508
spicytuna-rolls.jpg;495194355;1;1394430813;|13430|158519
tekka-maki.jpg;3581528126;1;1394430813;|13421|158510
tori-katsu.jpg;3317607023;1;1394430813;|13422|158511
yaki-udon.jpg;2629981433;1;1394430813;|13423|158512
