SCMBranch=USR-717
SCMRepository=User Interface/Task Time Tracker/Web/Shared/ApplicationDevelopment/FunctionalityStatus/Controls
SCMMainlineUUID={6a359bb0-6131-417f-b48a-3113b3a22182}
SCMBranchRepositoryID=22791
Validation.xml;3687457457;1;1405911750;|19814|214248
Details.ascx;913214212;2;1406094031;|19810|219402
Details.ascx.designer.cs;2563758963;2;1406094031;|19815|219404
Generic.ascx;2805005452;2;1406094031;|19811|219405
Generic.ascx.designer.cs;897473776;2;1406094031;|19817|219407
List.ascx;428914830;2;1406094031;|19812|219408
List.ascx.designer.cs;4071091992;2;1406094031;|19819|219410
SearchFilter.ascx;1043987969;3;1406172425;|19813|219756
SearchFilter.ascx.cs;64757542;6;1407952799;|19820|225069
List.ascx.cs;2197585865;3;1408379795;|19818|226033
Generic.ascx.cs;368291857;4;1408591361;|19816|228774
Details.ascx.cs;1316115102;4;1413170140;|19822|263679
SearchFilter.ascx.designer.cs;1821531131;4;1413170140;|19821|263680
