SCMBranch=USR-717
SCMRepository=User Interface/Task Time Tracker/Web/Shared/EventMonitoring/ApplicationMonitoredEventProcessingState
SCMMainlineUUID={6a359bb0-6131-417f-b48a-3113b3a22182}
SCMBranchRepositoryID=5594
Clone.aspx.cs;3364702857;9;1394430891;|2391|147253
Details.aspx.cs;1916941267;11;1394430891;|2384|148773
Export.aspx;4080663454;2;1394430891;|2397|118831
Export.aspx.designer.cs;3818786805;2;1394430891;|2386|154729
Insert.aspx.cs;1339897916;12;1394430891;|2387|147256
Settings.aspx.designer.cs;1232692523;2;1394430891;|2390|156189
Update.aspx.cs;2010242841;13;1394430891;|2377|148774
Settings.aspx;2672607714;6;1401678845;|2395|198634
CommonUpdate.aspx.cs;3923422986;11;1408466129;|8705|227291
InlineUpdate.aspx.cs;2424166698;9;1408466279;|8707|227294
Default.aspx.cs;1065181876;20;1408466325;|2381|227295
Default.aspx;493226548;11;1408639054;|2398|233561
Clone.aspx;2785075291;6;1410146603;|2392|241640
Clone.aspx.designer.cs;2118987952;3;1410146603;|2382|241641
CommonUpdate.aspx;1322771679;4;1410146604;|8709|243305
CommonUpdate.aspx.designer.cs;3717471633;2;1410146604;|8706|243306
Default.aspx.designer.cs;209712549;5;1410146604;|2380|250095
Delete.aspx;2395033017;7;1410146604;|2399|241642
Delete.aspx.designer.cs;4045137183;3;1410146604;|2379|241643
Details.aspx;1771628446;7;1410146604;|2400|241644
Details.aspx.designer.cs;3629588958;3;1410146604;|2378|241645
Export.aspx.cs;1095520600;11;1410146604;|2385|250096
InlineUpdate.aspx;3406612333;5;1410146604;|8704|243307
InlineUpdate.aspx.designer.cs;150880661;2;1410146604;|8708|243308
Insert.aspx;1418996149;6;1410146604;|2396|241646
Insert.aspx.designer.cs;3385398681;3;1410146604;|2388|241647
Settings.aspx.cs;3579784256;3;1410146604;|2389|248676
Update.aspx;2204253986;6;1410146604;|2394|241648
Update.aspx.designer.cs;2250953522;3;1410146604;|2393|241649
Delete.aspx.cs;2465223896;15;1414437923;|2383|273781
