SCMBranch=USR-717
SCMRepository=User Interface/Task Time Tracker/Web/Shared/ApplicationDevelopment/Functionality/Controls
SCMMainlineUUID={6a359bb0-6131-417f-b48a-3113b3a22182}
SCMBranchRepositoryID=22771
Validation.xml;3687457457;1;1405911747;|19458|213892
Details.ascx;228259625;2;1406094026;|19466|219055
Details.ascx.designer.cs;2437816463;2;1406094026;|19461|219057
List.ascx;3700928367;2;1406094026;|19456|219061
List.ascx.designer.cs;626946933;2;1406094026;|19464|219063
SearchFilter.ascx;2773066736;4;1406825965;|19457|223243
List.ascx.cs;2653367087;3;1408379787;|19454|225713
Details.ascx.cs;114003294;4;1410146587;|19460|247833
Generic.ascx;1762024476;3;1412268720;|19455|254127
Generic.ascx.cs;3006387622;5;1412268720;|19462|254128
Generic.ascx.designer.cs;3916767664;3;1412268720;|19463|254129
SearchFilter.ascx.designer.cs;4046499050;4;1413170139;|19459|263665
SearchFilter.ascx.cs;1599862791;10;1414519477;|19465|274295
