SCMBranch=USR-717
SCMRepository=User Interface/Task Time Tracker/Web/Scripts/ace-editor/src-noconflict/snippets
SCMMainlineUUID={6a359bb0-6131-417f-b48a-3113b3a22182}
SCMBranchRepositoryID=27232
abap.js;1525620066;1;1410186270;|23831|252168
actionscript.js;1122134642;1;1410186270;|23830|252167
ada.js;865024770;1;1410186270;|23829|252166
apache_conf.js;1446716628;1;1410186270;|23828|252165
applescript.js;3214864408;1;1410186270;|23827|252164
asciidoc.js;3940035608;1;1410186270;|23826|252163
assembly_x86.js;1178401870;1;1410186270;|23825|252162
autohotkey.js;3485049020;1;1410186270;|23824|252161
batchfile.js;1104718438;1;1410186270;|23823|252160
c9search.js;4170810213;1;1410186270;|23822|252159
c_cpp.js;2528588359;1;1410186270;|23821|252158
cirru.js;333649572;1;1410186270;|23820|252157
clojure.js;3376173520;1;1410186270;|23819|252156
cobol.js;158453450;1;1410186270;|23818|252155
coffee.js;1172424014;1;1410186270;|23817|252154
coldfusion.js;4250311742;1;1410186270;|23816|252153
csharp.js;3532403490;1;1410186270;|23815|252152
css.js;2591103352;1;1410186270;|23814|252151
curly.js;264795370;1;1410186270;|23813|252150
d.js;1880896032;1;1410186270;|23812|252149
dart.js;986403264;1;1410186270;|23811|252148
diff.js;2467646899;1;1410186270;|23810|252147
django.js;3149862676;1;1410186270;|23809|252146
dockerfile.js;2057931967;1;1410186270;|23808|252145
dot.js;3822841685;1;1410186270;|23807|252144
ejs.js;3444566709;1;1410186270;|23806|252143
erlang.js;1535114045;1;1410186270;|23805|252142
forth.js;1638165499;1;1410186270;|23804|252141
ftl.js;634629526;1;1410186270;|23803|252140
gherkin.js;1267221346;1;1410186270;|23802|252139
gitignore.js;3972532296;1;1410186270;|23801|252138
glsl.js;3492804331;1;1410186270;|23800|252137
golang.js;2050269438;1;1410186270;|23799|252136
groovy.js;3812507345;1;1410186270;|23798|252135
haml.js;3513646152;1;1410186270;|23797|252134
handlebars.js;579195382;1;1410186270;|23796|252133
haskell.js;583303747;1;1410186270;|23795|252132
haxe.js;3730183881;1;1410186270;|23794|252131
html.js;3957978126;1;1410186270;|23793|252130
html_ruby.js;2357212813;1;1410186270;|23792|252129
ini.js;3098170377;1;1410186270;|23791|252128
jack.js;755731298;1;1410186270;|23790|252127
jade.js;3283805919;1;1410186270;|23789|252126
java.js;1580460187;1;1410186270;|23788|252125
javascript.js;4102745742;1;1410186270;|23787|252124
json.js;1413707600;1;1410186270;|23898|252235
jsoniq.js;2697598113;1;1410186270;|23786|252123
jsp.js;1041047001;1;1410186270;|23832|252169
jsx.js;2159375283;1;1410186270;|23833|252170
julia.js;386503499;1;1410186270;|23834|252171
latex.js;1223402888;1;1410186270;|23835|252172
less.js;3915012666;1;1410186270;|23836|252173
liquid.js;3839706050;1;1410186270;|23837|252174
lisp.js;1986319985;1;1410186270;|23838|252175
livescript.js;639890639;1;1410186270;|23839|252176
logiql.js;4116756589;1;1410186270;|23840|252177
lsl.js;4151074343;1;1410186270;|23841|252178
lua.js;2373629718;1;1410186270;|23842|252179
luapage.js;176563605;1;1410186270;|23843|252180
lucene.js;2667357729;1;1410186270;|23844|252181
makefile.js;1878805241;1;1410186270;|23845|252182
markdown.js;1427516088;1;1410186270;|23846|252183
matlab.js;730059073;1;1410186270;|23847|252184
mel.js;1388763856;1;1410186270;|23848|252185
mushcode.js;1210349887;1;1410186270;|23849|252186
mysql.js;3518372695;1;1410186270;|23850|252187
nix.js;564423081;1;1410186270;|23851|252188
objectivec.js;3767983660;1;1410186270;|23852|252189
ocaml.js;67790499;1;1410186270;|23853|252190
pascal.js;862982445;1;1410186270;|23854|252191
perl.js;1015577314;1;1410186270;|23855|252192
pgsql.js;3275484023;1;1410186270;|23856|252193
php.js;3297937922;1;1410186270;|23857|252194
plain_text.js;1712500058;1;1410186270;|23858|252195
powershell.js;3355087885;1;1410186270;|23859|252196
prolog.js;3426003129;1;1410186270;|23860|252197
properties.js;3455400509;1;1410186270;|23861|252198
protobuf.js;1987151504;1;1410186270;|23862|252199
python.js;593480629;1;1410186270;|23863|252200
r.js;2263708510;1;1410186270;|23864|252201
rdoc.js;178779784;1;1410186270;|23865|252202
rhtml.js;125620881;1;1410186270;|23866|252203
ruby.js;2764538201;1;1410186270;|23867|252204
rust.js;3210020217;1;1410186270;|23868|252205
sass.js;1990454296;1;1410186270;|23869|252206
scad.js;1673144555;1;1410186270;|23870|252207
scala.js;1463986083;1;1410186270;|23871|252208
scheme.js;1403121751;1;1410186270;|23872|252209
scss.js;1955895355;1;1410186270;|23873|252210
sh.js;1042321898;1;1410186270;|23874|252211
sjs.js;308206326;1;1410186270;|23875|252212
smarty.js;1585166693;1;1410186270;|23876|252213
snippets.js;2786238240;1;1410186270;|23877|252214
soy_template.js;4070721011;1;1410186285;|23878|252215
space.js;2069067643;1;1410186285;|23879|252216
sql.js;2618212107;1;1410186285;|23880|252217
stylus.js;1635844903;1;1410186285;|23881|252218
svg.js;4174809930;1;1410186285;|23882|252219
tcl.js;785052219;1;1410186285;|23883|252220
tex.js;2972200674;1;1410186285;|23884|252221
text.js;3119642469;1;1410186285;|23885|252222
textile.js;407586285;1;1410186285;|23886|252223
toml.js;1006625496;1;1410186285;|23887|252224
twig.js;971184945;1;1410186285;|23888|252225
typescript.js;1970381626;1;1410186285;|23889|252226
vala.js;437609488;1;1410186285;|23890|252227
vbscript.js;2469649985;1;1410186285;|23891|252228
velocity.js;3541129197;1;1410186285;|23892|252229
verilog.js;1569833811;1;1410186285;|23893|252230
vhdl.js;54966022;1;1410186285;|23894|252231
xml.js;3076937581;1;1410186285;|23895|252232
xquery.js;952379003;1;1410186285;|23896|252233
yaml.js;536122788;1;1410186285;|23897|252234
