SCMBranch=USR-717
SCMRepository=User Interface/Task Time Tracker/Web/Prototype/Kendo/content/dataviz/dashboards
SCMMainlineUUID={6a359bb0-6131-417f-b48a-3113b3a22182}
SCMBranchRepositoryID=19002
area-chart.png;714905929;1;1394430803;|12994|158083
car-dashboard.png;3075601528;1;1394430803;|12993|158082
car.gif;2202000767;1;1394430803;|12992|158081
climate.gif;4137117856;1;1394430803;|12991|158080
highest.png;3187562393;1;1394430803;|12990|158079
line-chart.png;2455522205;1;1394430803;|12989|158078
lowest.png;322467851;1;1394430803;|12988|158077
performance.gif;155961124;1;1394430803;|12987|158076
stock-data-2007.json;209139946;1;1394430803;|12986|158075
stock-data-2008.json;619877376;1;1394430803;|12985|158074
stock-data-2009.json;2146856788;1;1394430803;|12996|158085
stock-data-2010.json;1699737165;1;1394430803;|12995|158084
stock-data-2011.json;2479198665;1;1394430803;|12982|158071
stock.gif;4056941009;1;1394430803;|12983|158072
world-population.json;3427114980;1;1394430803;|12984|158073
