SCMBranch=USR-717
SCMRepository=User Interface/Task Time Tracker/Web/Report/ReportCategory/Controls
SCMMainlineUUID={6a359bb0-6131-417f-b48a-3113b3a22182}
SCMBranchRepositoryID=22028
Validation.xml;1177953017;1;1401244921;|18037|190152
Details.ascx;1861795709;3;1413169758;|18041|262819
Details.ascx.cs;2399409323;5;1413169758;|18036|262820
Details.ascx.designer.cs;2586065523;2;1413169758;|18042|262821
List.ascx;3423916383;2;1413169758;|18039|262825
List.ascx.cs;798299487;4;1413169758;|18033|262826
List.ascx.designer.cs;1226550073;2;1413169758;|18032|262827
SearchFilter.ascx;3541305043;6;1413169758;|18038|262828
SearchFilter.ascx.cs;1300892511;12;1413169758;|18031|267068
SearchFilter.ascx.designer.cs;3336677424;5;1413169758;|18030|262830
Generic.ascx;3407142595;3;1441773003;|18040|329304
Generic.ascx.designer.cs;2418306744;3;1441773003;|18034|329306
Generic.ascx.cs;3355040201;11;1469426650;|18035|353415
