SCMBranch=USR-717
SCMRepository=User Interface/Task Time Tracker/Web/Shared/ApplicationManagement/ReleaseIssueType
SCMMainlineUUID={6a359bb0-6131-417f-b48a-3113b3a22182}
SCMBranchRepositoryID=10529
Clone.aspx.cs;2387264980;10;1394430868;|5129|110157
Clone.aspx.designer.cs;2921906246;2;1394430868;|5130|67874
CommonUpdate.aspx.designer.cs;3668736912;2;1394430868;|7259|67877
Default.aspx.designer.cs;3483253551;3;1394430868;|5136|102986
Delete.aspx.designer.cs;3601639940;2;1394430868;|5133|67882
Details.aspx.designer.cs;3501779880;2;1394430868;|5131|102984
Export.aspx;2316765238;2;1394430868;|5126|118985
Export.aspx.designer.cs;665618551;2;1394430868;|5121|155158
InlineUpdate.aspx.designer.cs;3740558961;2;1394430868;|7262|67886
Insert.aspx.cs;3072645734;10;1394430868;|5120|110156
Insert.aspx.designer.cs;1558255731;2;1394430868;|5119|67889
Update.aspx.designer.cs;1290665483;2;1394430868;|5134|67892
Clone.aspx;3276234620;5;1401678839;|5117|201396
CommonUpdate.aspx;1952678420;4;1401678839;|7260|201725
Delete.aspx;4204970215;6;1401678839;|5124|201397
Details.aspx;2037791256;7;1401678839;|5125|201398
InlineUpdate.aspx;2106120304;4;1401678839;|7263|201726
Insert.aspx;3254780806;5;1401678839;|5127|201399
Update.aspx;685028234;6;1401678839;|5128|201400
Update.aspx.cs;1503263227;13;1404188574;|5118|209420
InlineUpdate.aspx.cs;851031272;11;1404187772;|7261|209421
Details.aspx.cs;3868648197;12;1404188649;|5132|209424
Export.aspx.cs;4031153452;7;1404187720;|5122|209425
Delete.aspx.cs;3910108662;12;1404236644;|5135|209530
CommonUpdate.aspx.cs;3101415686;13;1405911752;|7258|215644
Default.aspx;3605222460;8;1406649550;|5123|222752
Default.aspx.cs;807052994;18;1406649550;|5137|222753
