SCMBranch=USR-717
SCMRepository=User Interface/Task Time Tracker/Web/Report/Controls
SCMMainlineUUID={6a359bb0-6131-417f-b48a-3113b3a22182}
SCMBranchRepositoryID=10269
DynSearchFilter.ascx.designer.cs;2244000803;2;1377055519;|9547|80284
DynSearchFilter.ascx;4120297088;3;1377487283;|9549|81321
DynSearchFilter.ascx.cs;3852916520;4;1379586517;|9548|103913
List.ascx;771313767;1;1394430823;|4711|12501
List.ascx.cs;1852390594;2;1394430823;|4709|21272
List.ascx.designer.cs;687811555;1;1394430823;|4710|12500
Validation.xml;3080390483;1;1394430823;|4715|12505
SearchFilter.ascx;1075693937;22;1413169757;|4714|262786
SearchFilter.ascx.cs;677624677;35;1413169757;|4712|267065
SearchFilter.ascx.designer.cs;2132806185;10;1413169757;|4713|262788
Details.ascx;3742202894;11;1428897134;|4705|300362
Details.ascx.cs;2259905875;23;1428897134;|4703|300382
Details.ascx.designer.cs;2993288088;7;1428897134;|4704|300364
Generic.ascx.designer.cs;4073906013;7;1428897134;|4707|300367
Generic.ascx;4091834544;16;1441773003;|4708|329301
Generic.ascx.cs;2872516612;35;1469426650;|4706|353414
