SCMBranch=USR-717
SCMRepository=User Interface/Task Time Tracker/Web/Shared/Configuration/ApplicationMode/Controls
SCMMainlineUUID={6a359bb0-6131-417f-b48a-3113b3a22182}
SCMBranchRepositoryID=12575
Details.ascx.designer.cs;3167809810;2;1394430875;|7912|155230
List.ascx.designer.cs;2683259643;1;1394430875;|7909|27505
Validation.xml;1066268328;1;1394430875;|7914|27510
List.ascx;1604886419;2;1401244933;|7916|195533
Details.ascx;2117863934;4;1401678841;|7918|201757
SearchFilter.ascx;328534738;16;1406047599;|7915|217874
Generic.ascx.cs;1124905508;14;1409070502;|7919|237498
List.ascx.cs;2915919793;9;1410146595;|7910|250708
Generic.ascx;3554328858;5;1412565124;|7917|256068
Generic.ascx.designer.cs;1995611164;2;1412565124;|7911|256069
Details.ascx.cs;1005513271;13;1413170142;|7913|267344
SearchFilter.ascx.cs;3563003606;21;1413170142;|7908|267345
SearchFilter.ascx.designer.cs;3432741018;9;1413170142;|7907|267346
