SCMBranch=USR-717
SCMRepository=User Interface/Task Time Tracker/Web/Shared/EventMonitoring/ApplicationMonitoredEventEmail
SCMMainlineUUID={6a359bb0-6131-417f-b48a-3113b3a22182}
SCMBranchRepositoryID=5592
Clone.aspx.cs;2272063860;7;1394430890;|2360|147244
Details.aspx.cs;707016286;11;1394430890;|2352|148770
Export.aspx;3034629367;2;1394430890;|2343|118830
Export.aspx.designer.cs;870638112;2;1394430890;|2355|154726
Insert.aspx.cs;4228032353;12;1394430890;|2356|147248
Settings.aspx.designer.cs;3673431866;2;1394430891;|2361|156188
Update.aspx.cs;920675962;13;1394430891;|2362|148771
Settings.aspx;3196786774;6;1401678845;|2341|198628
InlineUpdate.aspx.cs;1758042752;10;1408463794;|8713|227269
Default.aspx.cs;822015341;21;1408464479;|2348|227272
CommonUpdate.aspx.cs;1581026890;11;1408464575;|8711|227273
Default.aspx;4013978905;10;1408639054;|2346|233559
Clone.aspx;250242104;6;1410146603;|2347|241630
Clone.aspx.designer.cs;386603427;3;1410146603;|2359|241631
CommonUpdate.aspx;78029123;4;1410146603;|8715|243301
CommonUpdate.aspx.designer.cs;574946071;2;1410146603;|8712|243302
Default.aspx.designer.cs;1814965534;5;1410146603;|2349|250093
Delete.aspx;2059876748;7;1410146603;|2345|241632
Delete.aspx.designer.cs;2080198849;3;1410146603;|2351|241633
Details.aspx;2591905649;7;1410146603;|2344|241634
Details.aspx.designer.cs;684256554;3;1410146603;|2353|241635
Export.aspx.cs;2740671772;11;1410146603;|2354|250094
InlineUpdate.aspx;232902173;5;1410146603;|8710|243303
InlineUpdate.aspx.designer.cs;46215321;2;1410146603;|8714|243304
Insert.aspx;3045666524;6;1410146603;|2342|241636
Insert.aspx.designer.cs;1665600765;3;1410146603;|2357|241637
Settings.aspx.cs;3164094644;3;1410146603;|2340|248675
Update.aspx;3486179148;6;1410146603;|2358|241638
Update.aspx.designer.cs;1323196365;3;1410146603;|2363|241639
Delete.aspx.cs;707571538;15;1414437923;|2350|273779
