SCMBranch=USR-717
SCMRepository=User Interface/Task Time Tracker/Web/app/BM/CapitalMarkets/controllers/Gen/List
SCMMainlineUUID={6a359bb0-6131-417f-b48a-3113b3a22182}
SCMBranchRepositoryID=35045
Calculator.cs;546881451;1;1433220973;|37978|306696
Calculator.tt;1004900563;1;1433220973;|37961|307423
CreditInstrument.cs;546881451;1;1433220973;|37982|306700
CreditInstrument.tt;3393064027;1;1433220973;|37960|307424
FundStructure.cs;546881451;1;1433220973;|37986|306704
FundStructure.tt;3588400700;1;1433220973;|37959|307425
Investment.cs;546881451;1;1433220973;|37992|306710
SwapInvestment.cs;546881451;1;1433220975;|37945|306663
SwapInvestment.tt;1778467425;1;1433220975;|37952|307431
TWRPerformance.cs;546881451;1;1433220975;|37950|306668
TWRPerformance.tt;972034764;1;1433220975;|37951|307432
Investment.tt;27712191;2;1436151887;|37958|312659
Accounting.cs;1566315191;4;1437366646;|37964|315452
ActivityAndOrders.cs;1566315191;1;1437366646;|39084|314742
Calendar.cs;1566315191;1;1437366646;|39086|314744
Classification.cs;1566315191;1;1437366646;|39087|314745
Holdings.cs;1566315191;1;1437366646;|39088|314746
Instruments.cs;1566315191;1;1437366646;|39091|314749
ManagementEntities.cs;1566315191;1;1437366647;|39093|314751
Parties.cs;1566315191;2;1437366647;|37930|315528
Performance.cs;1566315191;1;1437366647;|39094|314752
Prices.cs;1566315191;2;1437366647;|37940|315530
Rating.cs;1566315191;1;1437366647;|39097|314755
OptionInstruments.cs;1566315191;3;1437462414;|37917|319228
Performance.tt;3101144453;2;1437968807;|39077|320320
Prices.tt;2337513870;4;1437968807;|37953|320321
OptionInstruments.tt;1058998192;3;1437973306;|37955|320318
Holdings.tt;3438452295;3;1438582170;|39082|321870
Rating.tt;2532357983;4;1438582170;|39078|322208
Core.cs;1566315191;3;1438584514;|38643|322590
Core.tt;2065329862;5;1438584515;|38642|322591
Special.cs;1566315191;1;1439350564;|40036|322997
Special.tt;2065329862;1;1439350564;|40035|322996
Calendar.tt;2007015157;3;1439523300;|39080|324788
ManagementEntities.tt;1412281647;3;1439523301;|39076|324329
Parties.tt;3152982566;7;1439523301;|37954|322854
Accounting.tt;884385148;9;1439960212;|37962|326589
listTableSecurityXIdentifierCtrl.js;464070963;1;1442202182;|40677|330274
TradeOrder.cs;1566315191;1;1442377208;|40708|330521
Instruments.tt;2511515969;5;1442550704;|39083|331497
Commission.cs;1566315191;1;1444040231;|40810|332189
Commission.tt;2107579534;3;1444196494;|40812|332358
MSPA.cs;1566315191;1;1444395338;|40881|332478
listTableAccountAdministratorCtrl.js;868335094;6;1446697284;|37918|333949
listTableAccountExcecutiveCtrl.js;871238806;6;1446697284;|37919|333950
listTableAccountingCalenderCtrl.js;2750113869;7;1446697284;|37979|333951
listTableAccountingParametersCtrl.js;2768989745;7;1446697284;|37965|333952
listTableAccountingViewCtrl.js;905032062;7;1446697284;|37966|333953
listTableAccountSpecificTypeCtrl.js;2719747469;7;1446697284;|37967|333954
listTableAccountSubTypeCtrl.js;750110421;7;1446697284;|37968|333955
listTableAdjustmentCategoryCtrl.js;1153337546;3;1446697284;|40522|333956
listTableAgentBankCtrl.js;1181665147;6;1446697284;|37920|333957
listTableAllocationGroupCtrl.js;2809180377;6;1446697284;|37987|333958
listTableAmortizationCtrl.js;1390814007;7;1446697284;|37969|333959
listTableAnalystCtrl.js;2455013940;6;1446697284;|37921|333960
listTableAnnotationsCtrl.js;531062806;5;1446697284;|37931|333961
listTableAssetBackedCtrl.js;2228899239;6;1446697284;|37993|333962
listTableAssetTypeCtrl.js;633569957;5;1446697284;|37905|333963
listTableAutomatedFreezepointCtrl.js;1434739250;7;1446697284;|37970|333964
listTableBondCtrl.js;3419807707;6;1446697284;|37994|333965
listTableBrokerCtrl.js;1188078579;5;1446697284;|37906|333966
listTableBrokerGroupCtrl.js;3029687508;2;1446697284;|40017|333967
listTableBrokerTypeCtrl.js;2390913830;2;1446697284;|40018|333968
listTableBusinessCalenderCtrl.js;1361538602;7;1446697284;|37980|333969
listTableBusinessUnitCtrl.js;590140123;2;1446697284;|39262|333970
listTableCashCtrl.js;2577278101;6;1446697284;|37963|333971
listTableChartOfAccountsCtrl.js;2804134027;7;1446697285;|37971|333972
listTableClassCtrl.js;850291847;6;1446697285;|37988|333973
listTableCommissionCodeCtrl.js;731717721;2;1446697285;|40811|333974
listTableCommissionRateCtrl.js;3492615192;2;1446697285;|40832|333975
listTableCommissionSplitCtrl.js;2612084483;2;1446697285;|40850|333976
listTableCommissionTypeCtrl.js;2859343153;2;1446697285;|40841|333977
listTableCompanyDealTypeCtrl.js;2193303427;6;1446697285;|38913|333978
listTableCreditContractCtrl.js;2242101905;6;1446697285;|37983|333979
listTableCreditDealCtrl.js;600733313;6;1446697285;|37984|333980
listTableCreditDefaultSwapCtrl.js;3417629189;6;1446697285;|37941|333981
listTableCreditDefaultSwapIndexCtrl.js;2950863731;6;1446697285;|37942|333982
listTableCreditFacilityCtrl.js;940078383;6;1446697285;|37985|333983
listTableCustodianAccountCtrl.js;3531102781;7;1446697285;|37922|333984
listTableCustodianCtrl.js;3524389679;5;1446697285;|37907|333985
listTableDeliveryAgentCtrl.js;222831696;6;1446697285;|37923|333986
listTableEquityCtrl.js;2070125328;6;1446697285;|37892|333987
listTableExchangeCtrl.js;2488393614;6;1446697285;|37924|333988
listTableFinancialAccountClassCtrl.js;1315957399;6;1446697285;|39014|333989
listTableFinancialAccountTypeCtrl.js;3004878859;3;1446697285;|39089|333990
listTableFinancingCtrl.js;1410308998;6;1446697285;|37943|333991
listTableFiscalCalenderCtrl.js;2122247479;7;1446697285;|37981|333992
listTableForwardCashCtrl.js;1442996741;6;1446697285;|37893|333993
listTableForwardFXContractCtrl.js;3846104336;6;1446697285;|37894|333994
listTableFreezePointsCtrl.js;11262083;9;1446697285;|37972|333995
listTableFundCtrl.js;3868171453;8;1446697285;|37908|333996
listTableFundPricesCtrl.js;1767896131;5;1446697285;|37932|333997
listTableFutureCtrl.js;2172901124;6;1446697285;|37895|333998
listTableIndustryCtrl.js;2414245309;3;1446697285;|39235|333999
listTableInventoryStateCtrl.js;2471174742;9;1446697285;|37973|334000
listTableInvestingFeederCtrl.js;1710880842;5;1446697285;|37989|334001
listTableInvestmentPricesCtrl.js;2400916497;5;1446697285;|37933|334002
listTableInvestmentThemeCtrl.js;4278552459;3;1446697285;|39236|334003
listTableInvestmentTypeCtrl.js;2726277033;5;1446697285;|37909|334004
listTableIssuerCtrl.js;2344901658;6;1446697285;|37925|334005
listTableLegalEntityCtrl.js;2449721383;6;1446697285;|37910|334006
listTableLockdownPoolsCtrl.js;1771140570;9;1446697285;|37974|334007
listTableManagementFirmCtrl.js;3408261671;8;1446697285;|37911|334008
listTableManagerCtrl.js;4260235685;6;1446697285;|37926|334009
listTableMarketCapitalizationCategoryCtrl.js;558142389;2;1446697285;|40707|334010
listTableMediumOfExchangeCtrl.js;582996294;9;1446697285;|37896|334011
listTableMSPAFileCtrl.js;1500100644;2;1446697285;|40880|334012
listTableMSPAFileEventCtrl.js;4237257913;2;1446697285;|40901|334013
listTableOptionCtrl.js;3509668360;5;1446697285;|37915|334014
listTableOrderActionCtrl.js;2545199290;2;1446697285;|40733|334015
listTablePerformanceKeyCtrl.js;1045383009;5;1446697285;|37946|334022
listTablePerformanceParametersCtrl.js;3493194705;5;1446697285;|37947|334023
listTablePortfolioCtrl.js;2897554053;6;1446697285;|37912|334024
listTablePortfolioGroupRulesCtrl.js;4059507834;7;1446697285;|37927|334025
listTablePortfolioTypeCtrl.js;14109470;5;1446697285;|38901|334026
listTablePriceListCtrl.js;1313839422;5;1446697285;|37934|334028
listTablePriceMarketCtrl.js;1542712829;5;1446697285;|37935|334029
listTablePriceProviderCtrl.js;2266323592;5;1446697285;|37936|334030
listTablePriceScheduleCtrl.js;1595504410;5;1446697285;|37937|334031
listTablePriceSourceCtrl.js;1301737511;5;1446697285;|37938|334032
listTablePriceTypeCtrl.js;3063755486;5;1446697285;|37939|334033
listTableRatingCtrl.js;4078832223;3;1446697286;|39095|334034
listTableRatingServiceCtrl.js;1555974057;3;1446697286;|39096|334035
listTableRatingServicesCtrl.js;3271437957;6;1446697286;|37928|334036
listTableRecordTypeCtrl.js;1256638305;2;1446697286;|40584|334037
listTableRightCtrl.js;2099179751;5;1446697286;|37916|334038
listTableSectorCtrl.js;4217930015;4;1446697286;|38939|334039
listTableSecurityClassCtrl.js;3924688206;4;1446697286;|38921|334512
listTableSecurityCtrl.js;2981706928;2;1446697286;|40054|334041
listTableSecurityTypeCtrl.js;978539794;2;1446697286;|40055|334042
listTableSecurityTypeGroupCtrl.js;1321483361;2;1446697286;|40053|334043
listTableSecurityXExternalMarketDataIdentifierCtrl.js;3524582779;3;1446697286;|40640|334044
listTableSecurityXInvestmentIdentifierCtrl.js;1184417303;2;1446697286;|40759|334045
listTableSecurityXOtherCtrl.js;2474206533;3;1446697286;|40621|334046
listTableSecurityXPartyCtrl.js;3229233124;3;1446697286;|40649|334047
listTableSecurityXSettlementDayCtrl.js;4041160108;3;1446697286;|40633|334048
listTableSeriesCtrl.js;273999441;6;1446697286;|37990|334049
listTableSTIFCtrl.js;2619278252;6;1446697286;|37897|334050
listTableStrategyCtrl.js;2312193194;6;1446697286;|37913|334051
listTableStrategyGroupCtrl.js;3020905015;4;1446697286;|39092|334052
listTableSubBusinessUnitCtrl.js;3490486136;2;1446697286;|39263|334053
listTableSubClassCtrl.js;2810891251;6;1446697286;|37991|334054
listTableSubIndustryCtrl.js;1362736409;3;1446697286;|39234|334055
listTableSwapInvestmentCtrl.js;3692074416;6;1446697286;|37944|334056
listTableTaxAccountTypeCtrl.js;4259358572;9;1446697286;|37975|334057
listTableTaxStatusCtrl.js;1042907624;9;1446697286;|37976|334058
listTableTraderCtrl.js;1936599013;7;1446697286;|37929|334059
listTableTransactionTypeCtrl.js;1982957136;2;1446697286;|39999|334061
listTableTWRBatchProcessingCtrl.js;418205309;5;1446697286;|37948|334062
listTableTWRSetCtrl.js;2220010034;5;1446697286;|37949|334063
listTableWithholdingTaxTypeCtrl.js;518805585;9;1446697287;|37977|334070
listTableTradingEventTypeCtrl.js;407350441;1;1447819264;|40965|336015
listTableMSPAFileEventTypeCtrl.js;1748637819;1;1447904935;|40975|336139
MSPA.tt;2482026824;3;1447904935;|40882|336195
ActivityAndOrders1.cs;1566315191;1;1448372253;|40597|328233
Classification.tt;1208570484;6;1449804325;|39081|338515
listTableOrderItemCtrl.js;611255496;3;1453178199;|40798|341136
listTableOrderRequestCtrl.js;3850820908;3;1453178199;|40740|341137
listTableOrderStatusCtrl.js;1584682268;3;1453178199;|40789|341138
listTableOrderStatusGroupCtrl.js;594244518;3;1453178199;|40767|341139
listTableOrderStatusTypeCtrl.js;157236592;3;1453178199;|40776|341140
listTableOrderTypeCtrl.js;3194246186;3;1453178199;|40750|341141
TradeOrder.tt;2642534934;11;1453178199;|40709|341142
listTableTransactionEventCtrl.js;3850893400;13;1474515152;|39085|356143
listTableTxInvestmentCtrl.js;102380353;8;1474515152;|40543|355705
listTableTxOtherCtrl.js;562443344;8;1474515152;|40538|355706
listTableTxSettlementInfoCtrl.js;1095299855;8;1474515152;|40539|355707
listTableTxTradeAndSettleDatesCtrl.js;1345125623;10;1474515152;|40540|355708
listTableTxTradeFiguresCtrl.js;2903126816;8;1474515152;|40541|355709
listTableTxTradeInfoCtrl.js;1887951106;8;1474515152;|40542|355710
listTableTransactionEventBuyCtrl.js;2639345616;1;1491536851;|41784|357246
listTableTransactionEventSellCtrl.js;4261871141;1;1491536851;|41788|357279
ActivityAndOrders.tt;3406177595;7;1491882994;|39079|357406
listTableTransactionEventCoverShortCtrl.js;358597118;1;1491882994;|41808|357377
listTableTransactionEventSellShortCtrl.js;1217399089;1;1491882994;|41800|357358
listTablePositionCtrl.js;2456792569;6;1493092232;|39090|358076
