SCMBranch=USR-717
SCMRepository=User Interface/Task Time Tracker/Web/Shared/QualityAssurance/FunctionalityXFunctionalityImage
SCMMainlineUUID={6a359bb0-6131-417f-b48a-3113b3a22182}
SCMBranchRepositoryID=13054
Clone.aspx.cs;488571375;4;1394430901;|8776|146985
Clone.aspx.designer.cs;2200304071;3;1394430901;|8777|146986
CrossReference.aspx;2746645780;2;1394430901;|9016|171759
CrossReference.aspx.cs;974181924;3;1394430901;|9018|133262
CrossReference.aspx.designer.cs;3662859465;1;1394430901;|9017|70686
Default.aspx;3952265297;4;1394430901;|8775|171760
Default.aspx.designer.cs;4179758753;3;1394430901;|8782|146989
Delete.aspx.designer.cs;3439904961;3;1394430901;|8779|146992
Details.aspx.cs;1395771418;6;1394430901;|8778|180940
Details.aspx.designer.cs;896234518;3;1394430901;|8769|146995
Export.aspx;1378746827;1;1394430901;|10815|135740
Export.aspx.cs;3805465376;3;1394430901;|10816|155056
Export.aspx.designer.cs;2849966630;2;1394430901;|10814|155057
FunctionalityView.aspx;1491255275;5;1394430901;|8799|172635
FunctionalityView.aspx.cs;3235374719;5;1394430901;|8798|103414
FunctionalityView.aspx.designer.cs;911096772;4;1394430901;|8797|65222
Insert.aspx.cs;1087678366;4;1394430901;|8768|146997
Insert.aspx.designer.cs;1883801506;3;1394430901;|8767|146998
Update.aspx.cs;372152646;4;1394430901;|8766|147000
Update.aspx.designer.cs;2514519891;3;1394430901;|8770|147001
Clone.aspx;3481952673;5;1401678847;|8780|199501
Delete.aspx;36940947;6;1401678847;|8771|199502
Details.aspx;2900318321;6;1401678847;|8772|199503
Insert.aspx;2294050816;5;1401678847;|8773|199504
Update.aspx;385540852;6;1401678847;|8774|199505
Delete.aspx.cs;1765270215;5;1404236648;|8781|209340
Default.aspx.cs;2034799305;6;1405544898;|8783|213240
