SCMBranch=USR-717
SCMRepository=User Interface/Task Time Tracker/Web/Shared/QualityAssurance/FunctionalityEntityStatus/Controls
SCMMainlineUUID={6a359bb0-6131-417f-b48a-3113b3a22182}
SCMBranchRepositoryID=10379
Details.ascx.designer.cs;256522192;3;1394430896;|4946|155034
FESSummaryChart.ascx.designer.cs;2545900388;7;1394430896;|8584|70424
List.ascx.designer.cs;1454704368;1;1394430897;|4952|13299
Validation.xml;659351078;1;1394430897;|4948|13295
Generic.ascx.designer.cs;2977126214;5;1397530289;|4940|187109
Generic.ascx;1644067919;11;1401244948;|4945|193921
List.ascx;950743574;2;1401244948;|4950|193922
Details.ascx;3031554226;8;1401678846;|4951|200398
Details.ascx.cs;830507879;13;1404097744;|4947|206442
Generic.ascx.cs;1308943406;30;1404097744;|4942|206485
List.ascx.cs;2757995045;6;1404097744;|4941|206445
FESSummaryChart.ascx;1459932746;16;1404851459;|8586|211906
SearchFilter.ascx;449570851;63;1405544893;|4949|213406
SearchFilter.ascx.cs;1906507848;109;1405544893;|4943|213407
SearchFilter.ascx.designer.cs;3083305798;24;1405544893;|4944|213203
FESSummaryChart.ascx.cs;690710644;33;1405911759;|8585|215403
