SCMBranch=USR-717
SCMRepository=User Interface/Task Time Tracker/Web/Configuration/FieldConfigurationModeAccessMode/Controls
SCMMainlineUUID={6a359bb0-6131-417f-b48a-3113b3a22182}
SCMBranchRepositoryID=29113
Generic.ascx.designer.cs;987631514;1;1417403877;|27982|278566
List.ascx.cs;1782921727;1;1417403877;|27983|278567
List.ascx.designer.cs;140244178;1;1417403877;|27984|278568
SearchFilter.ascx;557930885;1;1417403877;|27988|278572
SearchFilter.ascx.cs;2140351497;1;1417403877;|27985|278569
SearchFilter.ascx.designer.cs;917344324;1;1417403877;|27986|278570
Validation.xml;2130932709;1;1417403877;|27989|278573
List.ascx;2534520969;2;1417540916;|27987|280264
Details.ascx;3498850040;2;1428633515;|27990|299782
Details.ascx.cs;1565697229;2;1428633515;|27979|299783
Details.ascx.designer.cs;1277008763;2;1428633516;|27980|299784
Generic.ascx;940886451;2;1428633516;|27978|299785
Generic.ascx.cs;2882025266;3;1469426620;|27981|352057
