SCMBranch=USR-717
SCMRepository=User Interface/Task Time Tracker/Web/Shared/TasksAndWorkflow/TaskEntity/Controls
SCMMainlineUUID={6a359bb0-6131-417f-b48a-3113b3a22182}
SCMBranchRepositoryID=29205
Details.ascx;2776504498;1;1417403914;|27470|278036
Details.ascx.cs;829765735;1;1417403914;|27458|278024
Details.ascx.designer.cs;1752323205;1;1417403914;|27463|278029
Generic.ascx;3486206651;1;1417403914;|27459|278025
Generic.ascx.cs;1420549672;1;1417403914;|27464|278030
Generic.ascx.designer.cs;2037569444;1;1417403914;|27465|278031
List.ascx;948093751;1;1417403914;|27460|278026
List.ascx.cs;1137581143;1;1417403914;|27466|278032
List.ascx.designer.cs;3482897494;1;1417403914;|27467|278033
SearchFilter.ascx;3461888632;1;1417403915;|27461|278027
SearchFilter.ascx.cs;748680178;1;1417403915;|27468|278034
SearchFilter.ascx.designer.cs;2940958851;1;1417403915;|27469|278035
Validation.xml;3270313033;1;1417403915;|27462|278028
