SCMBranch=USR-717
SCMRepository=User Interface/Task Time Tracker/Web/Scripts/Kendo/2013.3.1119
SCMMainlineUUID={6a359bb0-6131-417f-b48a-3113b3a22182}
SCMBranchRepositoryID=19208
jquery.min.js;1005439900;1;1394430836;|14433|159522
jquery.min.map;2897594939;1;1394430836;|14432|159521
kendo.autocomplete.min.js;3740278151;1;1394430836;|14431|159520
kendo.autocomplete.min.js.map;4086779231;1;1394430836;|14430|159519
kendo.binder.min.js;825435744;1;1394430836;|14429|159518
kendo.binder.min.js.map;1155933959;1;1394430836;|14428|159517
kendo.button.min.js;276653192;1;1394430836;|14427|159516
kendo.button.min.js.map;2439839332;1;1394430836;|14426|159515
kendo.calendar.min.js;1864045584;1;1394430836;|14425|159514
kendo.calendar.min.js.map;2261112119;1;1394430836;|14424|159513
kendo.colorpicker.min.js;3878671138;1;1394430836;|14423|159512
kendo.colorpicker.min.js.map;4208626553;1;1394430836;|14422|159511
kendo.columnmenu.min.js;2856969640;1;1394430836;|14421|159510
kendo.columnmenu.min.js.map;4243509681;1;1394430836;|14420|159509
kendo.combobox.min.js;3070780871;1;1394430836;|14419|159508
kendo.combobox.min.js.map;3125954876;1;1394430836;|14418|159507
kendo.core.min.js;2669633319;1;1394430836;|14417|159506
kendo.core.min.js.map;1538115575;1;1394430836;|14416|159505
kendo.data.min.js;101184869;1;1394430836;|14415|159504
kendo.data.min.js.map;3919818266;1;1394430836;|14414|159503
kendo.data.odata.min.js;334910797;1;1394430836;|14413|159502
kendo.data.odata.min.js.map;1314381506;1;1394430836;|14412|159501
kendo.data.xml.min.js;2501658756;1;1394430836;|14411|159500
kendo.data.xml.min.js.map;892235608;1;1394430836;|14410|159499
kendo.datepicker.min.js;2848322847;1;1394430836;|14409|159498
kendo.datepicker.min.js.map;2501734207;1;1394430836;|14408|159497
kendo.datetimepicker.min.js;1031979517;1;1394430836;|14407|159496
kendo.datetimepicker.min.js.map;4156418849;1;1394430836;|14406|159495
kendo.draganddrop.min.js;2165153060;1;1394430836;|14405|159494
kendo.draganddrop.min.js.map;3608840528;1;1394430836;|14404|159493
kendo.dropdownlist.min.js;1381311320;1;1394430836;|14403|159492
kendo.dropdownlist.min.js.map;1277012480;1;1394430836;|14402|159491
kendo.editable.min.js;4212298483;1;1394430836;|14401|159490
kendo.editable.min.js.map;988722515;1;1394430836;|14400|159489
kendo.editor.min.js;3613974401;1;1394430836;|14399|159488
kendo.editor.min.js.map;1516353541;1;1394430836;|14398|159487
kendo.filtermenu.min.js;679881255;1;1394430836;|14397|159486
kendo.filtermenu.min.js.map;2779760199;1;1394430836;|14396|159485
kendo.fx.min.js;1428872373;1;1394430836;|14395|159484
kendo.fx.min.js.map;3955781052;1;1394430836;|14394|159483
kendo.grid.min.js;4258463577;1;1394430836;|14393|159482
kendo.grid.min.js.map;1503818552;1;1394430836;|14392|159481
kendo.groupable.min.js;1421613779;1;1394430836;|14391|159480
kendo.groupable.min.js.map;2242399093;1;1394430836;|14390|159479
kendo.imagebrowser.min.js;1657578784;1;1394430836;|14389|159478
kendo.imagebrowser.min.js.map;621947810;1;1394430837;|14388|159477
kendo.list.min.js;779621515;1;1394430837;|14387|159476
kendo.list.min.js.map;4025479158;1;1394430837;|14386|159475
kendo.listview.min.js;99441626;1;1394430837;|14385|159474
kendo.listview.min.js.map;154139936;1;1394430837;|14384|159473
kendo.menu.min.js;3844271742;1;1394430837;|14383|159472
kendo.menu.min.js.map;3756288727;1;1394430837;|14382|159471
kendo.mobile.scroller.min.js;3964035600;1;1394430837;|14381|159470
kendo.mobile.scroller.min.js.map;1672746445;1;1394430837;|14380|159469
kendo.multiselect.min.js;3618264897;1;1394430837;|14379|159468
kendo.multiselect.min.js.map;527960423;1;1394430837;|14378|159467
kendo.numerictextbox.min.js;1530800061;1;1394430837;|14377|159466
kendo.numerictextbox.min.js.map;3296971700;1;1394430837;|14376|159465
kendo.pager.min.js;489402556;1;1394430837;|14375|159464
kendo.pager.min.js.map;2762106981;1;1394430837;|14374|159463
kendo.panelbar.min.js;1617739646;1;1394430837;|14373|159462
kendo.panelbar.min.js.map;3402209027;1;1394430837;|14372|159461
kendo.popup.min.js;2404179393;1;1394430837;|14371|159460
kendo.popup.min.js.map;289672333;1;1394430837;|14370|159459
kendo.progressbar.min.js;4154721109;1;1394430837;|14369|159458
kendo.progressbar.min.js.map;423460387;1;1394430837;|14368|159457
kendo.reorderable.min.js;367120681;1;1394430837;|14367|159456
kendo.reorderable.min.js.map;1841007844;1;1394430837;|14366|159455
kendo.resizable.min.js;3308222567;1;1394430837;|14365|159454
kendo.resizable.min.js.map;2915113824;1;1394430837;|14364|159453
kendo.router.min.js;2165743876;1;1394430837;|14363|159452
kendo.router.min.js.map;1349451730;1;1394430837;|14362|159451
kendo.scheduler.agendaview.min.js;1862706943;1;1394430837;|14361|159450
kendo.scheduler.agendaview.min.js.map;775946253;1;1394430837;|14360|159449
kendo.scheduler.dayview.min.js;2071134490;1;1394430837;|14359|159448
kendo.scheduler.dayview.min.js.map;3701272962;1;1394430837;|14358|159447
kendo.scheduler.min.js;3232288265;1;1394430837;|14357|159446
kendo.scheduler.min.js.map;3000731162;1;1394430837;|14356|159445
kendo.scheduler.monthview.min.js;3956971796;1;1394430837;|14355|159444
kendo.scheduler.monthview.min.js.map;4118370240;1;1394430837;|14354|159443
kendo.scheduler.recurrence.min.js;1388709317;1;1394430837;|14353|159442
kendo.scheduler.recurrence.min.js.map;1546951970;1;1394430837;|14352|159441
kendo.scheduler.view.min.js;2698233960;1;1394430837;|14351|159440
kendo.scheduler.view.min.js.map;1717991816;1;1394430837;|14350|159439
kendo.selectable.min.js;3406391288;1;1394430837;|14349|159438
kendo.selectable.min.js.map;2017870933;1;1394430837;|14348|159437
kendo.slider.min.js;689666471;1;1394430837;|14347|159436
kendo.slider.min.js.map;2865781746;1;1394430837;|14346|159435
kendo.sortable.min.js;3334887537;1;1394430837;|14345|159434
kendo.sortable.min.js.map;333740152;1;1394430837;|14344|159433
kendo.splitter.min.js;3131405981;1;1394430837;|14343|159432
kendo.splitter.min.js.map;2052305444;1;1394430837;|14342|159431
kendo.tabstrip.min.js;1478903038;1;1394430837;|14341|159430
kendo.tabstrip.min.js.map;1760168888;1;1394430837;|14340|159429
kendo.timepicker.min.js;388639007;1;1394430837;|14339|159428
kendo.timepicker.min.js.map;1139100025;1;1394430837;|14338|159427
kendo.timezones.min.js;2110394945;1;1394430837;|14337|159426
kendo.timezones.min.js.map;2790285702;1;1394430837;|14336|159425
kendo.tooltip.min.js;4273123446;1;1394430837;|14335|159424
kendo.tooltip.min.js.map;1683875196;1;1394430837;|14334|159423
kendo.treeview.min.js;2990416992;1;1394430837;|14333|159422
kendo.treeview.min.js.map;1629364075;1;1394430837;|14332|159421
kendo.upload.min.js;521397960;1;1394430837;|14331|159420
kendo.upload.min.js.map;2824892342;1;1394430837;|14330|159419
kendo.userevents.min.js;4210001850;1;1394430837;|14329|159418
kendo.userevents.min.js.map;2674975876;1;1394430837;|14328|159417
kendo.validator.min.js;3979094344;1;1394430837;|14327|159416
kendo.validator.min.js.map;107516092;1;1394430838;|14326|159415
kendo.view.min.js;2818322209;1;1394430838;|14325|159414
kendo.view.min.js.map;2381908654;1;1394430838;|14324|159413
kendo.web.min.js;444381875;1;1394430838;|14323|159412
kendo.web.min.js.map;3630966885;1;1394430838;|14322|159411
kendo.window.min.js;3667534642;1;1394430838;|14434|159523
kendo.window.min.js.map;3460971346;1;1394430838;|14321|159410
