SCMBranch=USR-717
SCMRepository=User Interface/Task Time Tracker/Web/ckeditor/lang
SCMMainlineUUID={6a359bb0-6131-417f-b48a-3113b3a22182}
SCMBranchRepositoryID=9767
_languages.js;2135024663;1;1394430777;|4373|11160
_translationstatus.txt;4163321713;1;1394430777;|4360|11147
af.js;559865462;1;1394430777;|4361|11148
ar.js;364896731;1;1394430777;|4362|11149
bg.js;1489184034;1;1394430777;|4363|11150
bn.js;1356661014;1;1394430777;|4364|11151
bs.js;1381814074;1;1394430777;|4365|11152
ca.js;1522049658;1;1394430777;|4366|11153
cs.js;1378939686;1;1394430777;|4367|11154
cy.js;3079680107;1;1394430777;|4368|11155
da.js;3956499058;1;1394430777;|4369|11156
de.js;904144494;1;1394430777;|4370|11157
el.js;1022025210;1;1394430777;|4371|11158
en-au.js;3182222051;1;1394430777;|4372|11159
en-ca.js;529971399;1;1394430777;|4387|11174
en-gb.js;2532405029;1;1394430777;|4374|11161
en.js;2511364279;1;1394430777;|4375|11162
eo.js;2283659675;1;1394430777;|4376|11163
es.js;598991140;1;1394430777;|4377|11164
et.js;2630398317;1;1394430777;|4378|11165
eu.js;1606036668;1;1394430777;|4379|11166
fa.js;462989659;1;1394430777;|4380|11167
fi.js;2335083910;1;1394430777;|4381|11168
fo.js;3183709483;1;1394430777;|4382|11169
fr-ca.js;2838687218;1;1394430777;|4383|11170
fr.js;1960095514;1;1394430777;|4384|11171
gl.js;3420324797;1;1394430777;|4385|11172
gu.js;16712273;1;1394430777;|4386|11173
he.js;2876506158;1;1394430777;|4423|11210
hi.js;1644375849;1;1394430777;|4388|11175
hr.js;285839280;1;1394430777;|4389|11176
hu.js;3811845872;1;1394430777;|4390|11177
id.js;143242845;1;1394430777;|4391|11178
is.js;2218588949;1;1394430777;|4392|11179
it.js;2661803719;1;1394430778;|4393|11180
ja.js;2360861994;1;1394430778;|4394|11181
ka.js;3355202279;1;1394430778;|4395|11182
km.js;3886651086;1;1394430778;|4396|11183
ko.js;2952383131;1;1394430778;|4397|11184
lt.js;2774594692;1;1394430778;|4398|11185
lv.js;985835171;1;1394430778;|4399|11186
mk.js;4158432037;1;1394430778;|4400|11187
mn.js;1229199939;1;1394430778;|4401|11188
ms.js;2362095850;1;1394430778;|4402|11189
nb.js;3228924564;1;1394430778;|4403|11190
nl.js;2983079934;1;1394430778;|4404|11191
no.js;1637842737;1;1394430778;|4405|11192
pl.js;1121649627;1;1394430778;|4406|11193
pt-br.js;3527567219;1;1394430778;|4407|11194
pt.js;4235325640;1;1394430778;|4408|11195
ro.js;3817710002;1;1394430778;|4409|11196
ru.js;1352492015;1;1394430778;|4410|11197
sk.js;705903506;1;1394430778;|4411|11198
sl.js;2247616448;1;1394430778;|4412|11199
sr-latn.js;1527138000;1;1394430778;|4413|11200
sr.js;887939738;1;1394430778;|4414|11201
sv.js;3545355924;1;1394430778;|4415|11202
th.js;2022250065;1;1394430778;|4416|11203
tr.js;2029913472;1;1394430778;|4417|11204
ug.js;4001902490;1;1394430778;|4418|11205
uk.js;4093720476;1;1394430778;|4419|11206
vi.js;4166163115;1;1394430778;|4420|11207
zh-cn.js;2381912695;1;1394430778;|4421|11208
zh.js;3874746204;1;1394430778;|4422|11209
