SCMBranch=USR-717
SCMRepository=User Interface/Task Time Tracker/Web/Scripts/AjaxControlToolkit/Release
SCMMainlineUUID={6a359bb0-6131-417f-b48a-3113b3a22182}
SCMBranchRepositoryID=35535
HoverMenu.js;1046361517;3;1442381545;|39790|4294967295
HtmlEditor.ToolbarButtons.Copy.js;3600817609;3;1442381544;|39820|4294967295
HtmlEditor.ToolbarButtons.ModeButton.js;4122076000;3;1442381542;|39850|4294967295
Localization.Resources.it.js;4083463984;3;1442381541;|39880|4294967295
TextBoxWatermark.js;456909679;3;1442381539;|39910|4294967295
Accordion.js;3084687716;3;1442383403;|39915|321183
AjaxFileUpload.js;1355596628;3;1442383403;|39914|331198
AlwaysVisibleControl.js;2747889758;3;1442383403;|39916|321184
Animation.js;2956170397;3;1442383404;|39761|321029
AnimationScripts.js;2280751655;3;1442383404;|39762|321030
AreaChart.js;914450772;3;1442383404;|39763|321031
AsyncFileUpload.js;1395251870;3;1442383404;|39764|331199
AutoComplete.js;2525475887;3;1442383404;|39765|331200
BalloonPopup.js;2958285827;3;1442383404;|39766|321034
BarChart.js;4022354331;3;1442383404;|39767|321035
BaseScripts.js;1985745082;3;1442383404;|39768|321036
BubbleChart.js;2815103878;3;1442383404;|39769|331201
Calendar.js;3513802278;3;1442383404;|39770|331202
CascadingDropDown.js;424826516;3;1442383404;|39771|331203
CollapsiblePanel.js;2422223016;3;1442383404;|39772|321040
ColorPicker.js;3904643594;3;1442383404;|39773|331204
ComboBox.js;2844031499;3;1442383404;|39774|331205
Common.DateTime.js;2495543475;3;1442383404;|39775|321043
Common.js;2040715000;3;1442383404;|39776|331206
Common.Threading.js;3008293739;3;1442383404;|39777|321045
Compat.DragDrop.js;2835821350;3;1442383404;|39778|321046
Compat.Timer.js;671374039;3;1442383404;|39779|321047
ComponentSet.js;967572566;3;1442383404;|39780|321048
ConfirmButton.js;3878305529;3;1442383404;|39781|321049
DraggableListItem.js;1976489119;3;1442383404;|39782|321050
DropDown.js;3708798073;3;1442383404;|39783|321051
DropShadow.js;4253377167;3;1442383404;|39784|321052
DropWatcher.js;2579487310;3;1442383404;|39785|331207
DynamicPopulate.js;750791958;3;1442383404;|39786|321054
FilteredTextBox.js;1204550196;3;1442383404;|39787|321055
FloatingBehavior.js;2634504688;3;1442383404;|39788|321056
Hover.js;2234143745;3;1442383404;|39789|321057
HtmlEditor.DesignPanel.js;2228858632;3;1442383404;|39791|321059
HtmlEditor.DesignPanelEventHandler.js;3380523544;3;1442383404;|39792|321060
HtmlEditor.Editor.js;3927411966;3;1442383404;|39793|321061
HtmlEditor.EditPanel.js;3227733487;3;1442383404;|39794|321062
HtmlEditor.Enums.js;2405904506;3;1442383404;|39795|321063
HtmlEditor.Events.js;4020451331;3;1442383404;|39796|321064
HtmlEditor.ExecCommandEmulation.js;193400726;3;1442383404;|39797|321065
HtmlEditor.HtmlEditor.js;3466996801;3;1442383404;|39798|321066
HtmlEditor.HtmlPanel.js;374873282;3;1442383404;|39799|321067
HtmlEditor.ModePanel.js;4119215004;3;1442383404;|39800|321068
HtmlEditor.Popups.AttachedPopup.js;1716495900;3;1442383404;|39801|321069
HtmlEditor.Popups.AttachedTemplatePopup.js;1797095715;3;1442383404;|39802|321070
HtmlEditor.Popups.BaseColorsPopup.js;3185522669;3;1442383404;|39803|321071
HtmlEditor.Popups.LinkProperties.js;3391587352;3;1442383404;|39804|321072
HtmlEditor.Popups.OkCancelAttachedTemplatePopup.js;832351847;3;1442383404;|39805|321073
HtmlEditor.Popups.Popup.js;1971293753;3;1442383404;|39806|321074
HtmlEditor.Popups.PopupBGIButton.js;2780009385;3;1442383404;|39807|321075
HtmlEditor.Popups.PopupBoxButton.js;1991986481;3;1442383404;|39808|321076
HtmlEditor.Popups.PopupCommonButton.js;262430930;3;1442383404;|39809|321077
HtmlEditor.PreviewPanel.js;3005493552;3;1442383404;|39810|321078
HtmlEditor.Toolbar.js;3773457150;3;1442383404;|39811|321079
HtmlEditor.ToolbarButtons.BackColorClear.js;634751762;3;1442383404;|39812|321080
HtmlEditor.ToolbarButtons.BackColorSelector.js;3173097932;3;1442383404;|39813|321081
HtmlEditor.ToolbarButtons.Bold.js;4196891841;3;1442383404;|39814|321082
HtmlEditor.ToolbarButtons.BoxButton.js;2563707880;3;1442383404;|39815|321083
HtmlEditor.ToolbarButtons.BulletedList.js;4080574396;3;1442383404;|39816|321084
HtmlEditor.ToolbarButtons.ColorButton.js;3027168492;3;1442383404;|39817|321085
HtmlEditor.ToolbarButtons.ColorSelector.js;893860640;3;1442383404;|39818|321086
HtmlEditor.ToolbarButtons.CommonButton.js;2605893020;3;1442383404;|39819|321087
HtmlEditor.ToolbarButtons.Cut.js;1942989092;3;1442383404;|39821|321089
HtmlEditor.ToolbarButtons.DecreaseIndent.js;263998493;3;1442383404;|39822|321090
HtmlEditor.ToolbarButtons.DesignMode.js;1216514273;3;1442383404;|39823|321091
HtmlEditor.ToolbarButtons.DesignModeBoxButton.js;3262244484;3;1442383404;|39824|321092
HtmlEditor.ToolbarButtons.DesignModeImageButton.js;879921540;3;1442383404;|39825|321093
HtmlEditor.ToolbarButtons.DesignModePopupImageButton.js;4127267351;3;1442383404;|39826|321094
HtmlEditor.ToolbarButtons.DesignModeSelectButton.js;2656883566;3;1442383404;|39827|321095
HtmlEditor.ToolbarButtons.EditorToggleButton.js;1396329391;3;1442383404;|39828|321096
HtmlEditor.ToolbarButtons.FixedBackColor.js;839994964;3;1442383404;|39829|321097
HtmlEditor.ToolbarButtons.FixedColorButton.js;3189718978;3;1442383404;|39830|321098
HtmlEditor.ToolbarButtons.FixedForeColor.js;93371884;3;1442383404;|39831|321099
HtmlEditor.ToolbarButtons.FontName.js;266629641;3;1442383404;|39832|321100
HtmlEditor.ToolbarButtons.FontSize.js;49255791;3;1442383404;|39833|321101
HtmlEditor.ToolbarButtons.ForeColor.js;744236655;3;1442383404;|39834|321102
HtmlEditor.ToolbarButtons.ForeColorClear.js;1598705187;3;1442383404;|39835|321103
HtmlEditor.ToolbarButtons.ForeColorSelector.js;977402368;3;1442383404;|39836|321104
HtmlEditor.ToolbarButtons.HorizontalSeparator.js;3622595064;3;1442383404;|39837|321105
HtmlEditor.ToolbarButtons.HtmlMode.js;3394719393;3;1442383404;|39838|321106
HtmlEditor.ToolbarButtons.ImageButton.js;3995347694;3;1442383404;|39839|321107
HtmlEditor.ToolbarButtons.IncreaseIndent.js;106679642;3;1442383404;|39840|321108
HtmlEditor.ToolbarButtons.InsertHR.js;338864575;3;1442383404;|39841|321109
HtmlEditor.ToolbarButtons.InsertLink.js;3387764512;3;1442383404;|39842|321110
HtmlEditor.ToolbarButtons.Italic.js;4041919208;3;1442383404;|39843|321111
HtmlEditor.ToolbarButtons.JustifyCenter.js;120173647;3;1442383404;|39844|321112
HtmlEditor.ToolbarButtons.JustifyFull.js;1684194947;3;1442383404;|39845|321113
HtmlEditor.ToolbarButtons.JustifyLeft.js;4158866633;3;1442383404;|39846|321114
HtmlEditor.ToolbarButtons.JustifyRight.js;4247013512;3;1442383404;|39847|321115
HtmlEditor.ToolbarButtons.Ltr.js;1302758148;3;1442383404;|39848|321116
HtmlEditor.ToolbarButtons.MethodButton.js;3892720482;3;1442383404;|39849|321117
HtmlEditor.ToolbarButtons.OkCancelPopupButton.js;3877464891;3;1442383404;|39851|321119
HtmlEditor.ToolbarButtons.OrderedList.js;3648904302;3;1442383404;|39852|321120
HtmlEditor.ToolbarButtons.Paragraph.js;67268206;3;1442383404;|39853|321121
HtmlEditor.ToolbarButtons.Paste.js;2847733878;3;1442383404;|39854|321122
HtmlEditor.ToolbarButtons.PasteText.js;444769598;3;1442383404;|39855|321123
HtmlEditor.ToolbarButtons.PasteWord.js;1342160821;3;1442383404;|39856|321124
HtmlEditor.ToolbarButtons.PreviewMode.js;2114218299;3;1442383404;|39857|321125
HtmlEditor.ToolbarButtons.Redo.js;821706228;3;1442383404;|39858|321126
HtmlEditor.ToolbarButtons.RemoveAlignment.js;1191687507;3;1442383404;|39859|321127
HtmlEditor.ToolbarButtons.RemoveLink.js;3886630136;3;1442383404;|39860|321128
HtmlEditor.ToolbarButtons.RemoveStyles.js;871609694;3;1442383404;|39861|321129
HtmlEditor.ToolbarButtons.Rtl.js;561315105;3;1442383404;|39862|321130
HtmlEditor.ToolbarButtons.SelectButton.js;4138567664;3;1442383404;|39863|321131
HtmlEditor.ToolbarButtons.Selector.js;2486945961;3;1442383404;|39864|321132
HtmlEditor.ToolbarButtons.StrikeThrough.js;1996126597;3;1442383404;|39865|321133
HtmlEditor.ToolbarButtons.SubScript.js;524040502;3;1442383404;|39866|321134
HtmlEditor.ToolbarButtons.SuperScript.js;3545364081;3;1442383404;|39867|321135
HtmlEditor.ToolbarButtons.Underline.js;715517236;3;1442383404;|39868|321136
HtmlEditor.ToolbarButtons.Undo.js;887597151;3;1442383404;|39869|321137
HtmlEditorExtender.js;1265893429;3;1442383404;|39870|331208
LineChart.js;2505183530;3;1442383404;|39871|331209
ListSearch.js;3732381864;3;1442383404;|39872|321140
Localization.Resources.ar.js;3908182919;3;1442383404;|39873|321141
Localization.Resources.cs.js;3919247827;3;1442383404;|39874|321142
Localization.Resources.de.js;1810653734;3;1442383404;|39875|321143
Localization.Resources.es.js;2293195509;3;1442383404;|39876|321144
Localization.Resources.fr.js;100469073;3;1442383404;|39877|321145
Localization.Resources.he.js;1094379543;3;1442383404;|39878|321146
Localization.Resources.hi.js;3623078647;3;1442383404;|39879|321147
Localization.Resources.ja.js;2485181894;3;1442383404;|39881|321149
Localization.Resources.js;4224395300;3;1442383404;|39882|321150
Localization.Resources.ko.js;1614757426;3;1442383404;|39883|321151
Localization.Resources.nl.js;87598121;3;1442383404;|39884|321152
Localization.Resources.pl.js;1684245886;3;1442383404;|39885|321153
Localization.Resources.pt.js;560109641;3;1442383404;|39886|321154
Localization.Resources.ru.js;2640622413;3;1442383404;|39887|321155
Localization.Resources.tr.js;508897746;3;1442383404;|39888|321156
Localization.Resources.zh-CHS.js;291130346;3;1442383427;|39889|321157
Localization.Resources.zh-CHT.js;1619777621;3;1442383427;|39890|321158
MaskedEdit.js;2428684313;3;1442383427;|39891|331210
MaskedEditValidator.js;3442014942;3;1442383427;|39892|331211
ModalPopup.js;2072706716;3;1442383427;|39893|331212
MultiHandleSlider.js;4116700406;3;1442383427;|39894|321162
MutuallyExclusiveCheckBox.js;4291248837;3;1442383427;|39895|321163
NoBot.js;4044854215;3;1442383427;|39896|321164
NumericUpDown.js;2873015033;3;1442383427;|39897|331213
PagingBulletedList.js;2596307301;3;1442383427;|39898|321166
PasswordStrength.js;1324812530;3;1442383427;|39899|331214
PieChart.js;1544329499;3;1442383427;|39900|331215
Popup.js;2614761235;3;1442383427;|39901|331216
PopupControl.js;2404472181;3;1442383427;|39902|321170
Rating.js;1238771311;3;1442383427;|39903|321171
ResizableControl.js;3919024975;3;1442383427;|39904|321172
RoundedCorners.js;3908956315;3;1442383427;|39905|321173
Seadragon.js;1349308701;3;1442383427;|39906|331217
Slider.js;2476071302;3;1442383427;|39907|331218
SlideShow.js;4020536788;3;1442383427;|39908|331219
Tabs.js;776866382;3;1442383427;|39909|331220
ToggleButton.js;1733712471;3;1442383427;|39911|321179
UpdatePanelAnimation.js;4003320074;3;1442383427;|39912|331222
ValidatorCallout.js;4195526293;3;1442383427;|39913|331223
