SCMBranch=USR-717
SCMRepository=User Interface/Task Time Tracker/Web/app/BM/CapitalMarkets/controllers/Gen/Detail
SCMMainlineUUID={6a359bb0-6131-417f-b48a-3113b3a22182}
SCMBranchRepositoryID=35044
Calender.cs;546881451;1;1433220972;|37887|306605
Calender.tt;1378874078;1;1433220972;|37790|306508
CreditInstrument.cs;546881451;1;1433220972;|37872|306590
CreditInstrument.tt;4034830920;1;1433220972;|37791|306509
FundStructure.cs;546881451;1;1433220973;|37863|306581
FundStructure.tt;1366343424;1;1433220973;|37792|306510
Investment.cs;546881451;1;1433220973;|37853|306571
SwapInstrument.cs;546881451;1;1433220973;|37805|306523
SwapInstrument.tt;3920777052;1;1433220973;|37799|306517
TWRPerformance.cs;546881451;1;1433220973;|37891|306609
TWRPerformance.tt;740661016;1;1433220973;|37800|306518
Investment.tt;4190288283;2;1436151887;|37793|312658
Calendar.cs;1566315191;1;1437366645;|39075|314733
Classification.cs;1566315191;1;1437366645;|39064|314643
Holdings.cs;1566315191;1;1437366646;|39066|314645
Instruments.cs;1566315191;1;1437366646;|39067|314646
ManagementEntities.cs;1566315191;1;1437366646;|39069|314648
Parties.cs;1566315191;2;1437366646;|37820|315448
Performance.cs;1566315191;1;1437366646;|39070|314649
Prices.cs;1566315191;2;1437366646;|37810|315450
Rating.cs;1566315191;1;1437366646;|39073|314652
detailAccountingParametersCtrl.js;450401620;3;1437449964;|37874|317565
detailAccountingViewCtrl.js;2897481230;3;1437449964;|37875|317566
detailAccountSpecificTypeCtrl.js;3927086836;3;1437449964;|37876|317567
detailAccountSubTypeCtrl.js;2230862976;3;1437449964;|37877|317568
detailAmortizationCtrl.js;886445726;3;1437449964;|37878|317569
detailAutomatedFreezepointCtrl.js;1223662966;3;1437449964;|37879|317570
detailChartOfAccountsCtrl.js;2670640482;3;1437449964;|37880|317571
detailPositionCtrl.js;1316798786;2;1437449964;|39065|317575
detailAccountAdministratorCtrl.js;1908533274;3;1437454835;|37832|318189
detailAccountExcecutiveCtrl.js;1506492865;3;1437454835;|37831|318190
detailAccountingCalenderCtrl.js;1272999476;3;1437454835;|37888|318191
detailAgentBankCtrl.js;3451875541;3;1437454835;|37830|318192
detailAnalystCtrl.js;3238373514;3;1437454835;|37829|318194
detailAnnotationsCtrl.js;3353346599;3;1437454835;|37819|318195
detailAssetBackedCtrl.js;1417410057;3;1437454835;|37862|318196
detailAssetTypeCtrl.js;758339439;3;1437454835;|37845|318197
detailBondCtrl.js;2911724139;3;1437454835;|37861|318198
detailBrokerCtrl.js;18648539;3;1437454835;|37844|318199
detailBusinessCalenderCtrl.js;44506346;3;1437454835;|37889|318200
detailCashCtrl.js;2779206678;3;1437454835;|37860|318201
detailCreditContractCtrl.js;3460619422;3;1437454835;|37871|318204
detailCreditDealCtrl.js;1056193190;3;1437454835;|37870|318205
detailCreditDefaultSwapCtrl.js;3143386447;3;1437454835;|37809|318206
detailCreditDefaultSwapIndexCtrl.js;2340998787;3;1437454835;|37808|318207
detailCreditFacilityCtrl.js;2711173767;3;1437454835;|37869|318208
detailCustodianCtrl.js;2114101072;3;1437454835;|37843|318209
detailDeliveryAgentCtrl.js;2265482083;3;1437454835;|37827|318210
detailEquityCtrl.js;2840411395;3;1437454835;|37859|318211
detailExchangeCtrl.js;1544905717;3;1437454835;|37826|318212
detailFinancingCtrl.js;4273871716;3;1437454835;|37807|318213
detailFiscalCalenderCtrl.js;1259297590;3;1437454835;|37890|318214
detailForwardCashCtrl.js;1310849976;3;1437454835;|37858|318215
detailForwardFXContractCtrl.js;912953760;3;1437454836;|37857|318216
detailFundCtrl.js;811435623;5;1437454836;|37842|318217
detailFundPricesCtrl.js;1113162472;3;1437454836;|37818|318218
detailFutureCtrl.js;2381873312;3;1437454836;|37856|318219
detailIndustryCtrl.js;3003256851;2;1437454836;|39231|318220
detailInvestingFeederCtrl.js;1063490209;3;1437454836;|37866|318221
detailInvestmentPricesCtrl.js;2288640087;3;1437454836;|37817|318222
detailInvestmentThemeCtrl.js;2050620839;2;1437454836;|39232|318223
detailInvestmentTypeCtrl.js;1852681839;3;1437454836;|37841|318224
detailIssuerCtrl.js;3454197016;3;1437454836;|37825|318225
detailManagerCtrl.js;3918408313;3;1437454836;|37824|318228
detailMediumOfExchangeCtrl.js;902047031;3;1437454836;|37855|318229
detailPerformanceKeyCtrl.js;4192948784;3;1437454836;|37804|318230
detailPerformanceParametersCtrl.js;1915401711;3;1437454836;|37803|318231
detailPriceListCtrl.js;2515468042;3;1437454836;|37816|318235
detailPriceMarketCtrl.js;2345012604;3;1437454836;|37815|318236
detailPriceProviderCtrl.js;1612838079;3;1437454836;|37814|318237
detailPriceScheduleCtrl.js;2628796453;3;1437454836;|37813|318238
detailPriceSourceCtrl.js;3648788106;3;1437454836;|37812|318239
detailPriceTypeCtrl.js;947669394;3;1437454836;|37811|318240
detailRatingCtrl.js;35643779;2;1437454836;|39071|318241
detailRatingServiceCtrl.js;1400098481;2;1437454836;|39072|318242
detailRatingServicesCtrl.js;947409412;3;1437454836;|37822|318243
detailSectorCtrl.js;2003253973;3;1437454836;|38941|318244
detailSecurityClassCtrl.js;2246704454;3;1437454836;|38920|319126
detailSTIFCtrl.js;1485454944;3;1437454836;|37854|318247
detailSubIndustryCtrl.js;1164539712;2;1437454836;|39233|318251
detailSwapInvestmentCtrl.js;363322601;3;1437454836;|37806|318252
detailTransactionEventCtrl.js;2665393029;2;1437454836;|39063|318254
detailTWRBatchProcessingCtrl.js;2274290199;3;1437454836;|37802|318255
detailTWRSetCtrl.js;2884618630;3;1437454836;|37801|318256
OptionInstruments.cs;1566315191;3;1437462414;|37833|319222
detailBusinessUnitCtrl.js;3280939280;1;1437622754;|39260|319814
detailSubBusinessUnitCtrl.js;2825597891;1;1437622754;|39261|319815
Performance.tt;918822656;2;1437968807;|39060|320308
Prices.tt;3388263896;4;1437968807;|37798|320309
detailFinancialAccountTypeCtrl.js;3899342003;3;1437973306;|38965|319257
detailOptionCtrl.js;2323675789;3;1437973306;|37835|319225
detailRightCtrl.js;4226908840;3;1437973306;|37834|319223
OptionInstruments.tt;3953842887;3;1437973306;|37796|320306
detailTransactionTypeCtrl.js;2368110177;1;1438581000;|39998|322264
Core.cs;1566315191;3;1438584514;|38641|322587
Core.tt;1411513933;5;1438584514;|38640|322588
detailSecurityCtrl.js;2466000002;1;1439350564;|40050|323304
detailSecurityTypeCtrl.js;523882974;1;1439350564;|40052|323306
detailSecurityTypeGroupCtrl.js;3118685048;1;1439350564;|40051|323305
Special.cs;1566315191;1;1439350564;|40033|322994
Special.tt;1411513933;1;1439350564;|40034|322995
detailBrokerGroupCtrl.js;754524612;1;1439350564;|40016|322502
detailBrokerTypeCtrl.js;2373470735;1;1439350564;|40015|322501
Calendar.tt;1789540956;3;1439523300;|39074|324578
detailAllocationGroupCtrl.js;2616133056;4;1439523300;|37868|324285
detailClassCtrl.js;3345498276;4;1439523300;|37867|324286
detailCompanyDealTypeCtrl.js;1919368985;4;1439523300;|38912|324287
detailCustodianAccountCtrl.js;351726161;4;1439523300;|37828|324288
detailFinancialAccountClassCtrl.js;2546703612;4;1439523300;|39013|324289
detailFreezePointsCtrl.js;24456984;5;1439523300;|37881|324290
detailInventoryStateCtrl.js;58951206;5;1439523300;|37882|324291
detailLegalEntityCtrl.js;2671416210;4;1439523300;|37840|324292
detailLockdownPoolsCtrl.js;2660713081;5;1439523300;|37883|324293
detailManagementFirmCtrl.js;2245749705;6;1439523300;|37839|324294
detailPortfolioCtrl.js;1771437899;4;1439523300;|37838|324295
detailPortfolioGroupRulesCtrl.js;377636749;4;1439523300;|37823|324296
detailPortfolioTypeCtrl.js;3792249924;4;1439523300;|38900|324297
detailSeriesCtrl.js;3558692320;4;1439523300;|37865|324298
detailStrategyCtrl.js;2609993963;4;1439523300;|37837|324299
detailStrategyGroupCtrl.js;3928111871;3;1439523300;|39068|324300
detailSubClassCtrl.js;233530666;4;1439523300;|37864|324301
detailTaxAccountTypeCtrl.js;1232910372;5;1439523300;|37884|324302
detailTaxStatusCtrl.js;1174011326;5;1439523300;|37885|324303
detailTraderCtrl.js;2347038597;4;1439523300;|37821|324304
detailWithholdingTaxTypeCtrl.js;2833952455;5;1439523300;|37886|324305
ManagementEntities.tt;3599333456;3;1439523300;|39059|324306
Parties.tt;3632748504;7;1439523300;|37797|322853
Rating.tt;273455728;4;1439523300;|39061|322207
detailAdjustmentCategoryCtrl.js;3640277082;1;1439960212;|40521|326532
detailTxOtherCtrl.js;745838134;1;1440593692;|40533|327577
detailTxSettlementInfoCtrl.js;2155332306;1;1440593692;|40534|327578
detailRecordTypeCtrl.js;2438901484;1;1440741973;|40583|328153
detailSecurityXExternalMarketDataIdentifierCtrl.js;72592041;1;1441772932;|40639|329600
detailSecurityXOtherCtrl.js;3817713747;1;1441772932;|40619|329348
detailSecurityXPartyCtrl.js;2415044836;1;1441772932;|40648|329686
detailSecurityXSettlementDayCtrl.js;3724032021;1;1441772932;|40632|329542
detailSecurityXIdentifierCtrl.js;2703171806;1;1442202182;|40676|330272
detailMarketCapitalizationCategoryCtrl.js;1863255070;1;1442377208;|40704|330517
TradeOrder.cs;1566315191;1;1442377208;|40705|330518
detailOrderActionCtrl.js;802246907;1;1442550704;|40732|331316
detailOrderRequestCtrl.js;1126226118;1;1442550704;|40739|331355
detailOrderTypeCtrl.js;2171403432;1;1442550704;|40749|331403
detailSecurityXInvestmentIdentifierCtrl.js;1801119886;1;1442550704;|40758|331423
Instruments.tt;658554318;5;1442550704;|39058|331496
detailOrderStatusGroupCtrl.js;3237013980;1;1442810714;|40766|331602
detailOrderStatusTypeCtrl.js;3232672584;1;1442810714;|40775|331740
Commission.cs;1566315191;1;1444040231;|40809|332188
detailCommissionCodeCtrl.js;728476319;1;1444040231;|40807|332186
detailCommissionRateCtrl.js;2411708810;1;1444104394;|40831|332236
detailCommissionTypeCtrl.js;4091585118;1;1444104394;|40840|332261
Commission.tt;2730884285;3;1444196494;|40808|332357
detailCommissionSplitCtrl.js;3931908106;1;1444196494;|40849|332312
detailMSPAFileCtrl.js;2165342269;1;1444395338;|40879|332476
detailMSPAFileEventCtrl.js;148396136;1;1444395338;|40900|332537
MSPA.cs;1566315191;1;1444395338;|40877|332474
detailTradingEventTypeCtrl.js;2885327696;1;1447819264;|40964|336014
detailMSPAFileEventTypeCtrl.js;3053574643;1;1447904935;|40974|336138
MSPA.tt;1712014671;3;1447904935;|40878|336194
Classification.tt;1849600600;6;1449804325;|39056|338514
detailTxInvestmentCtrl.js;1777401168;2;1450754111;|40532|339015
detailTxTradeAndSettleDatesCtrl.js;849294812;2;1450754111;|40535|339016
detailTxTradeFiguresCtrl.js;4283971251;2;1450754111;|40536|339017
detailTxTradeInfoCtrl.js;1032500912;2;1450754111;|40537|339018
detailOrderItemCtrl.js;1547211220;2;1451273572;|40797|339492
detailOrderStatusCtrl.js;1201723162;2;1451273572;|40788|339493
TradeOrder.tt;1959375519;11;1451273572;|40706|339494
Accounting.cs;42954251;3;1475553281;|37873|356710
Accounting.tt;1315150740;10;1475553281;|37789|356711
ActivityAndOrders.cs;1566315191;3;1475553281;|39062|356712
detailTransactionEventBuyCtrl.js;710792062;1;1491536851;|41783|357245
detailTransactionEventSellCtrl.js;4177735363;1;1491536851;|41787|357278
ActivityAndOrders.tt;737801487;8;1491882994;|39055|357405
detailTransactionEventCoverShortCtrl.js;359074443;1;1491882994;|41807|357376
detailTransactionEventSellShortCtrl.js;3385651866;1;1491882994;|41799|357357
Holdings.tt;4174382856;4;1493092232;|39057|358075
