SCMBranch=USR-717
SCMRepository=User Interface/Task Time Tracker/Web/Configuration/TabParentStructure
SCMMainlineUUID={6a359bb0-6131-417f-b48a-3113b3a22182}
SCMBranchRepositoryID=29137
Clone.aspx.cs;3080514001;1;1417403880;|28383|278967
Clone.aspx.designer.cs;3328856356;1;1417403880;|28382|278966
CommonUpdate.aspx;2092576052;1;1417403880;|28387|278971
CommonUpdate.aspx.designer.cs;1797488208;1;1417403880;|28380|278964
Default.aspx.cs;321847674;1;1417403880;|28371|278955
Default.aspx.designer.cs;2192395912;1;1417403880;|28370|278954
Delete.aspx.cs;213671157;1;1417403880;|28369|278953
Delete.aspx.designer.cs;1190026922;1;1417403880;|28368|278952
Details.aspx.cs;445363278;1;1417403880;|28367|278951
Details.aspx.designer.cs;850381061;1;1417403880;|28393|278977
Export.aspx;3168638162;1;1417403880;|28388|278972
Export.aspx.cs;2899540567;1;1417403880;|28372|278956
Export.aspx.designer.cs;3381484504;1;1417403880;|28373|278957
InlineUpdate.aspx;1753479744;1;1417403880;|28391|278975
InlineUpdate.aspx.designer.cs;1384804006;1;1417403880;|28375|278959
Insert.aspx.cs;2498652431;1;1417403880;|28376|278960
Insert.aspx.designer.cs;2887775517;1;1417403880;|28377|278961
Settings.aspx;2884575693;1;1417403880;|28394|278978
Settings.aspx.cs;2005979624;1;1417403880;|28378|278962
Settings.aspx.designer.cs;4279848107;1;1417403880;|28384|278968
Update.aspx.cs;1610935711;1;1417403880;|28385|278969
Clone.aspx;2158187562;2;1417540916;|28386|280315
Default.aspx;1678963635;2;1417540916;|28390|280316
Delete.aspx;1082026560;2;1417540916;|28389|280317
Insert.aspx;1986095337;2;1417540916;|28395|280318
Details.aspx;2833729240;2;1419542780;|28379|290747
Update.aspx;3677969161;4;1428633516;|28396|299814
Update.aspx.designer.cs;294533274;2;1428633516;|28392|299815
InlineUpdate.aspx.cs;2839912863;2;1464838862;|28374|349184
CommonUpdate.aspx.cs;3453124819;3;1493092258;|28381|357806
