SCMBranch=USR-717
SCMRepository=User Interface/Task Time Tracker/Web/Prototype/Kendo/web/colorpicker
SCMMainlineUUID={6a359bb0-6131-417f-b48a-3113b3a22182}
SCMBranchRepositoryID=19177
api.html;3387392220;3;1406516548;|14085|221281
events.html;4102417494;3;1406516548;|14080|221282
flatcolorpicker.html;2759617412;3;1406516548;|14081|221283
index.html;2434069241;3;1406516548;|14082|221284
mvvm.html;4161631296;3;1406516548;|14083|221285
navigation.html;563408016;3;1406516548;|14084|221286
palette-presets.html;1490372700;3;1406516548;|14079|221287
palette.html;3407319863;3;1406516548;|14086|221288
