SCMBranch=USR-717
SCMRepository=User Interface/Task Time Tracker/Web/Content/kendo/2013.3.1119/Metro
SCMMainlineUUID={6a359bb0-6131-417f-b48a-3113b3a22182}
SCMBranchRepositoryID=18993
editor.png;3050983162;1;1394430784;|12907|157996
imagebrowser.png;2453973480;1;1394430784;|12905|157994
indeterminate.gif;642287631;1;1394430784;|12904|157993
loading-image.gif;647497749;1;1394430785;|12903|157992
loading.gif;758885478;1;1394430785;|12902|157991
loading_2x.gif;1001229231;1;1394430785;|12901|157990
slider-h.gif;423880690;1;1394430785;|12900|157989
slider-v.gif;1411777217;1;1394430785;|12899|157988
sprite.png;180894420;1;1394430785;|12898|157987
sprite_2x.png;1320030088;1;1394430785;|12906|157995
