SCMBranch=USR-717
SCMRepository=User Interface/Task Time Tracker/Web/Styles/Kendo/Black
SCMMainlineUUID={6a359bb0-6131-417f-b48a-3113b3a22182}
SCMBranchRepositoryID=19213
editor.png;3050983162;1;1394430904;|16075|161164
imagebrowser.png;952248071;1;1394430904;|16076|161165
indeterminate.gif;3648847167;1;1394430904;|16077|161166
loading-image.gif;2053619861;1;1394430904;|16078|161167
loading.gif;2810775045;1;1394430904;|16079|161168
loading_2x.gif;200153419;1;1394430904;|16080|161169
markers.png;3311323951;1;1394430904;|16081|161170
markers_2x.png;2769431711;1;1394430904;|16071|161160
slider-h.gif;1394006179;1;1394430904;|16074|161163
slider-v.gif;264188452;1;1394430904;|16073|161162
sprite.png;2454700142;1;1394430904;|16072|161161
sprite_2x.png;1914052013;1;1394430904;|16082|161171
