SCMBranch=USR-717
SCMRepository=User Interface/Task Time Tracker/Web/Content/themes/base/minified
SCMMainlineUUID={6a359bb0-6131-417f-b48a-3113b3a22182}
SCMBranchRepositoryID=16160
jquery-ui.min.css;2721849386;2;1394430786;|11441|166765
jquery.ui.accordion.min.css;3655986293;2;1394430786;|11448|166766
jquery.ui.autocomplete.min.css;4041356043;2;1394430786;|11447|166767
jquery.ui.button.min.css;1154714846;2;1394430786;|11446|166768
jquery.ui.core.min.css;4034170351;2;1394430786;|11445|166769
jquery.ui.datepicker.min.css;2912967632;2;1394430786;|11444|166770
jquery.ui.dialog.min.css;882715873;2;1394430786;|11443|166771
jquery.ui.menu.min.css;3582360047;2;1394430786;|11442|166772
jquery.ui.progressbar.min.css;546389098;2;1394430786;|11440|166773
jquery.ui.resizable.min.css;3744589068;2;1394430786;|11439|166774
jquery.ui.selectable.min.css;1434766532;2;1394430786;|11438|166775
jquery.ui.slider.min.css;1307017690;2;1394430786;|11437|166776
jquery.ui.spinner.min.css;3639198618;2;1394430786;|11436|166777
jquery.ui.tabs.min.css;1892513632;2;1394430786;|11435|166778
jquery.ui.theme.min.css;1314213520;2;1394430786;|11434|166779
jquery.ui.tooltip.min.css;2547311135;2;1394430786;|11449|166780
