SCMBranch=USR-717
SCMRepository=User Interface/Task Time Tracker/Web/Shared/Controls
SCMMainlineUUID={6a359bb0-6131-417f-b48a-3113b3a22182}
SCMBranchRepositoryID=5582
ListHelper.Routing.cs;825400435;1;1365742379;
ListHelper.Setup.cs;3275218434;1;1365748149;
DetailUITab.ascx;1824248826;1;1358749089;|2274|2274
DetailUITab.ascx.designer.cs;1754572117;1;1358749089;|2235|2235
ListHelperAlignment.cs;181085896;1;1365391882;|8037|28026
ListHelperSort.cs;2055465594;1;1365391882;|8038|28027
List.Routing.cs;511954358;12;1368795319;|8265|49968
DetailUITab.ascx.cs;1281335623;5;1369370662;|2236|53090
List.Properties.cs;241197939;8;1373340516;|8267|72131
List.ActionButton.cs;2593879089;4;1375869309;|8270|76933
ListHelper.cs;735448668;4;1376450363;|8036|78636
List.MainGridView.EventHandlers.cs;782785031;8;1378697795;|8438|83249
List.FieldConfiguration.cs;2829586250;15;1379301870;|8268|90448
List.Font.cs;1972047237;6;1379908612;|8269|108567
List.ascx.cs;1476296274;68;1380599875;|2276|118457
List.Setup.cs;1173094815;13;1380599875;|8266|118145
ActivityStream.ascx.designer.cs;3131092520;4;1394430888;|2249|156700
Bucket.ascx.designer.cs;992245023;2;1394430888;|2277|156706
BucketFor3.ascx.designer.cs;3699088180;2;1394430888;|2245|156709
CheckBoxTemplate.cs;2210046866;1;1394430888;|4259|9961
ControlDetails.ascx.cs;3292237763;1;1394430888;|9848|105067
ControlDetails.ascx.designer.cs;1954386591;1;1394430888;|9847|105066
ControlSearchFilter.ascx.cs;1236798904;3;1394430888;|10089|139538
ControlSearchFilter.ascx.designer.cs;509940537;1;1394430888;|10090|114235
ControlVisibilityManager.ascx;3079761759;4;1394430888;|9419|178970
ControlVisibilityManager.ascx.designer.cs;1485780964;1;1394430888;|9420|76229
DetailButtonPanel.ascx.designer.cs;2502471783;2;1394430888;|2243|154710
DetailList.ascx.designer.cs;3122898366;2;1394430888;|2241|154713
DynamicUpdate.ascx.designer.cs;4194947935;2;1394430888;|2233|25191
eList.ascx.designer.cs;1937984414;1;1394430888;|2231|2231
eSettingsGrid.ascx;3882611992;3;1394430888;|9379|176692
eSettingsGrid.ascx.designer.cs;2756450812;1;1394430888;|9382|73904
eSettingsList.ascx.designer.cs;1327677323;5;1394430888;|2247|156184
eSettingsListDynamic.ascx.designer.cs;2824433136;1;1394430888;|9360|73527
eSettingsRepeater.ascx.designer.cs;2910433560;6;1394430888;|9384|164717
HistoryList.ascx.designer.cs;2868363476;1;1394430888;|2271|2271
Images.ascx.designer.cs;4196065744;1;1394430888;|10486|134474
List.ascx;3339050813;34;1394430888;|2254|84553
List.ascx.designer.cs;4032626361;16;1394430888;|2278|84555
ReadOnlyBucket.ascx.designer.cs;1529441104;1;1394430888;|9323|72984
SearchActionBar.ascx.designer.cs;2117025898;6;1394430888;|8716|73747
SearchControlBucket.ascx.designer.cs;3506641070;1;1394430888;|9463|76463
SlideAndPushMenu.ascx;1674186288;2;1394430888;|9555|79324
SlideAndPushMenu.ascx.cs;84552011;3;1394430888;|9556|125859
SlideAndPushMenu.ascx.designer.cs;3219095375;1;1394430888;|9557|78248
TopN.ascx.designer.cs;21890451;1;1394430889;|2257|2257
VerticalTabChildControl.ascx.designer.cs;3371802444;3;1394430889;|8732|71240
DetailTab1.ascx.designer.cs;3240658494;4;1394544881;|8720|181336
VerticalTabChildControl2.ascx;1931448326;1;1394544881;|17721|181301
VerticalTabChildControl2.ascx.designer.cs;1513088249;1;1394544881;|17722|181302
Bucket.ascx;2702620306;4;1401244936;|2264|191120
ControlDetails.ascx;1732192495;2;1401244936;|9849|193879
eSettingsList.ascx;9170921;14;1401244937;|2269|193506
eSettingsListDynamic.ascx;2640511550;4;1401244937;|9358|193882
ReadOnlyBucket.ascx;647658010;4;1401244937;|9322|191556
TopN.ascx;1771311238;2;1401244937;|2256|193509
DetailButtonPanel.ascx;2024065312;3;1401678844;|2262|198608
UpdateInfo.ascx.designer.cs;1143189558;3;1401678845;|2259|198614
Bucket.ascx.cs;1539253515;16;1402972145;|2248|204502
BucketFor3.ascx.cs;3327893360;6;1402972145;|2246|204102
ControlVisibilityManager.ascx.cs;1170039535;6;1402972145;|9418|204181
DetailButtonPanel.ascx.cs;3222457576;9;1402972145;|2244|204503
eList.ascx.cs;3447290460;12;1402972145;|2232|204108
eSettingsGrid.ascx.cs;2981797743;15;1402972145;|9381|204535
eSettingsRepeater.ascx.cs;4067412119;24;1402972145;|9383|204537
eSettingsTemplate.cs;1424535080;2;1402972145;|9351|204188
GridViewTemplate.cs;3816927398;6;1402972145;|2252|204112
ImageTemplate.cs;2792694766;3;1402972145;|17955|204191
ReadOnlyBucket.ascx.cs;2597781514;4;1402972145;|9321|204192
SearchControlBucket.ascx.cs;695523565;4;1402972145;|9462|204194
VerticalTabChildControl.ascx.cs;345903934;8;1402972145;|8731|204197
VerticalTabChildControl2.ascx.cs;1326817838;2;1402972145;|17723|204242
eSettings.cs;3513043355;8;1403884065;|9380|206248
eSettingsList.ascx.cs;3591013537;18;1403884065;|2279|206159
eSettingsListDynamic.ascx.cs;1636053658;12;1403884065;|9359|206249
DynamicUpdate.ascx;4160151159;7;1404104785;|2273|206960
eList.ascx;1680608044;9;1404104785;|2272|206962
BucketFor3.ascx;945208130;4;1405306521;|2263|212276
DetailList.ascx;4134726881;5;1405306521;|2261|212277
HistoryList.ascx;2480204914;4;1405306521;|2253|212282
RepeaterPagiation.cs;3898110633;5;1405306521;|2255|212283
SearchControlBucket.ascx;3777728051;3;1405306528;|9461|212318
eSettingsRepeater.ascx;2235719049;21;1405479932;|9385|212767
SearchActionBar.ascx;841844343;16;1405911756;|8717|215705
ControlSearchFilter.ascx;481908083;6;1406825972;|10091|223223
VerticalTabChildControl.ascx;3575045814;9;1406825972;|8733|223226
ApplicationUsername.ascx;2676511105;9;1407766916;|4220|224604
ApplicationUsername.ascx.designer.cs;3108066704;5;1407766924;|4219|224606
DetailTab.ascx;134124670;30;1411960100;|2260|253867
DetailTab.ascx.designer.cs;4075489627;7;1411960100;|2237|253869
ExportMenu.ascx;3195185278;19;1411960100;|2268|253888
ExportMenu.ascx.designer.cs;3497247000;11;1411960100;|2267|253890
ActivityStream.ascx;1378384721;10;1417459693;|2265|279982
DetailsWithChildren.ascx.designer.cs;844650554;10;1394430888;|2239|155178
DetailsWithChildren.ascx;3137345248;27;1419486503;|2275|290884
GroupList.ascx.designer.cs;3214891811;9;1405911756;|8346|215391
GroupList.ascx;317479061;20;1423546459;|8348|296297
Images.ascx.cs;3513737879;2;1425616022;|10485|204190
Images.ascx;3299968523;12;1425871664;|10487|297558
DeveloperPanel.ascx.designer.cs;1576033160;1;1434950936;|38812|310696
SliderMenu.ascx.designer.cs;3516852052;15;1434950936;|9842|310710
DeveloperPanel.ascx;2822615401;5;1435295222;|38813|311538
DateRangeAdvancedSearch.ascx.designer.cs;3560636868;1;1455852778;|41199|342428
ApplicationUsername.ascx.cs;4208196812;18;1464838985;|4221|349365
SliderMenu.ascx;3194014413;66;1468987893;|9844|351008
ActivityStream.ascx.cs;369778829;25;1469426679;|2250|353334
DetailList.ascx.cs;1765043068;21;1469426679;|2242|353335
DeveloperPanel.ascx.cs;1000866349;3;1469426679;|38811|353310
ExportMenu.ascx.cs;1114588150;26;1469426679;|2266|353338
GridPagiation.cs;555272799;23;1469426679;|2251|351709
HistoryList.ascx.cs;1461822291;19;1469426679;|2270|353339
SearchActionBar.ascx.cs;2041987222;23;1469426679;|8721|353446
SliderMenu.ascx.cs;2149742284;35;1469426679;|9843|353447
TopN.ascx.cs;345289171;9;1469426679;|2230|351711
UpdateInfo.ascx.cs;3429743866;14;1469426679;|2258|353033
DetailTab.ascx.cs;1864403399;54;1473652314;|2238|355500
DetailTab1.ascx;3893263352;7;1473996522;|8718|355595
DateRangeAdvancedSearch.ascx;3868168357;8;1493092300;|41200|357876
DynamicUpdate.ascx.cs;3134653487;18;1493092300;|2234|358291
DateRangeAdvancedSearch.ascx.cs;2526295385;8;1493266686;|41198|358336
DetailsWithChildren.ascx.cs;659914057;90;1495788283;|2240|358705
GroupList.ascx.cs;2271909463;85;1496151346;|8347|358878
DetailTab1.ascx.cs;2964331358;8;1496812615;|8719|359103
DateRange.ascx;2063202795;59;1497241724;|9414|359302
DateRange.ascx.cs;3343202418;64;1497241724;|9415|359303
DateRange.ascx.designer.cs;2293633515;19;1497241724;|9413|359304
UpdateInfo.ascx;637665549;11;1497241724;|2280|359285
