SCMBranch=USR-717
SCMRepository=User Interface/Task Time Tracker/Web/Configuration/ThemeKey/Controls
SCMMainlineUUID={6a359bb0-6131-417f-b48a-3113b3a22182}
SCMBranchRepositoryID=29146
Details.ascx.cs;66343918;1;1417403881;|28567|279151
Generic.ascx.designer.cs;82802097;1;1417403881;|28564|279148
List.ascx;1824060475;1;1417403881;|28569|279153
List.ascx.cs;3531354904;1;1417403881;|28563|279147
List.ascx.designer.cs;3920663051;1;1417403881;|28562|279146
SearchFilter.ascx.designer.cs;2062482941;1;1417403881;|28568|279152
SearchFilter.ascx;53383846;2;1422882971;|28571|295747
Details.ascx;565349587;2;1428633516;|28572|299831
Details.ascx.designer.cs;109396095;2;1428633516;|28566|299832
Generic.ascx;3384824432;2;1428633516;|28570|299833
Generic.ascx.cs;4077502157;3;1469426631;|28565|352075
SearchFilter.ascx.cs;3204756308;2;1469426631;|28561|352076
