SCMBranch=USR-717
SCMRepository=User Interface/Task Time Tracker/Web/Shared/Admin
SCMMainlineUUID={6a359bb0-6131-417f-b48a-3113b3a22182}
SCMBranchRepositoryID=5490
SubMenuConfig.aspx.cs;1359848681;7;1374147160;|9108|73320
SubMenuConfig.aspx.designer.cs;2646764106;6;1374146462;|9107|73321
SubMenuConfig.aspx;2500350179;6;1374146462;|9109|73322
MainMenuConfiguration.aspx.cs;1632805940;6;1374497917;|9317|73635
MainMenuConfiguration.aspx.designer.cs;1236362419;5;1374148435;|9318|73332
MainMenuConfiguration.aspx;1530249937;6;1374496969;|9319|73636
SearchConfiguration.aspx;1513427495;4;1374808371;|9350|73990
SearchConfiguration.aspx.cs;484047384;4;1374808371;|9349|73991
SearchConfiguration.aspx.designer.cs;2640493777;4;1374808371;|9348|73992
ColumnChooser.aspx.designer.cs;397175865;1;1394430856;|5324|17928
DynamicCSS.aspx;3946709635;1;1394430856;|9632|80978
DynamicCSS.aspx.designer.cs;1420035430;1;1394430856;|9631|80977
LogInSettings.aspx.designer.cs;2678696604;5;1394430856;|1002|71703
SearchKeyLink.aspx.designer.cs;721564903;1;1394430856;|9363|73581
SearchSettings.aspx.designer.cs;3013572976;6;1394430856;|7940|65307
ColumnChooser.aspx;410465653;4;1401678836;|5322|199113
LogInSettings.aspx;270921131;8;1401678836;|997|198439
SearchKeyLink.aspx;981234888;3;1401678837;|9361|199116
RNvsScheduleCheck.aspx;1947789415;1;1407908470;|20669|224101
RNvsScheduleCheck.aspx.cs;1004723957;1;1407908470;|20670|224102
RNvsScheduleCheck.aspx.designer.cs;3009295332;1;1407908470;|20671|224103
UserLoginHistory.aspx;4041090673;12;1409280295;|9400|238074
UserLoginHistory.aspx.designer.cs;1687517628;7;1409280295;|9398|238075
ApplicationSettings.aspx;1638296681;3;1410146578;|9780|242515
ApplicationSettings.aspx.designer.cs;1267661756;3;1410146578;|9781|242516
DataEntry.aspx;3114717859;3;1410146578;|20645|242517
DataEntry.aspx.designer.cs;989200494;2;1410146578;|20646|242518
ListSettings.aspx;1011808914;5;1410146578;|9534|242521
ListSettings.aspx.designer.cs;2191992048;2;1410146578;|9532|242522
SubMenuSettings.aspx;2102334399;11;1410146578;|8496|250556
SubMenuSettings.aspx.designer.cs;2930066227;4;1410146579;|8498|250558
ViewSettings.aspx.designer.cs;4241167222;2;1410146579;|10145|242532
SearchSettings.aspx;652963673;8;1412133797;|7941|191400
DeployScripts.aspx.designer.cs;906452232;2;1412830091;|24381|256473
ApplicationOjects.aspx;3548496633;7;1414777425;|996|274701
ApplicationOjects.aspx.designer.cs;1902778620;3;1414777425;|992|274703
DatabaseCleanup.aspx;3298412775;3;1414777425;|24367|274714
DatabaseCleanup.aspx.designer.cs;2683720645;3;1414777425;|24368|274716
EntityTabInfo.aspx;3841504045;3;1414777425;|7769|274718
EntityTabInfo.aspx.designer.cs;2611207815;2;1414777425;|7767|274720
SessionObjects.aspx;3197934885;7;1414777425;|1003|274704
SessionObjects.aspx.designer.cs;3626129471;4;1414777425;|1000|274706
TestAndAuditDetails.aspx;2202960285;5;1414777425;|990|274707
TestAndAuditDetails.aspx.designer.cs;2352971302;2;1414777425;|998|274709
UserLoginReport.aspx;1472116737;5;1414777425;|7742|274727
UserLoginReport.aspx.designer.cs;391512468;3;1414777425;|7741|274729
GridActionBarSettings.aspx;2005789866;7;1415760186;|9397|275374
GridActionBarSettings.aspx.designer.cs;208431957;4;1415760186;|9395|275376
MenuSettings.aspx;1492369033;6;1415760186;|9364|275377
MenuSettings.aspx.designer.cs;839188977;4;1415760186;|9366|275378
ReleaseNotesSettings.aspx;3761231866;8;1415760186;|11482|275360
ReleaseNotesSettings.aspx.designer.cs;2607449834;5;1415760186;|11481|275361
DeployScripts.aspx;1961629705;5;1416278422;|24380|276475
ResetSearchSettings.aspx.designer.cs;2608402428;5;1417403909;|16247|279882
UserSettings.aspx;3200541822;8;1419830040;|4694|290448
UserSettings.aspx.designer.cs;1120900872;5;1419830040;|4693|290450
ResultCheck.aspx;1816202940;13;1421031413;|20674|294460
ResultCheck.aspx.cs;2540696267;25;1421031413;|20673|294564
ResultCheck.aspx.designer.cs;4151068207;7;1421031413;|20672|294462
ResultCheck.html;4057547243;2;1421031413;|35075|294463
JiraList.aspx;4283859903;1;1424201817;|35383|296548
JiraList.aspx.designer.cs;2897560887;1;1424201817;|35381|296546
LessCss.aspx;2466504109;1;1425402149;|35466|297280
LessCss.aspx.designer.cs;2326619082;1;1425402149;|35468|297282
ViewSettings.aspx;1829245560;5;1425921086;|10143|297793
SearchKeyGenerator.aspx;1837565925;1;1429497560;|35830|301069
SearchKeyGenerator.aspx.designer.cs;1438796818;1;1429497560;|35829|301068
SyncMenuModule.aspx;1855261840;1;1433839480;|38764|308787
SyncMenuModule.aspx.designer.cs;2077675956;1;1433839480;|38763|308786
ApplicationOjects.aspx.cs;215505119;6;1434349686;|994|309876
DatabaseCleanup.aspx.cs;2591128410;5;1434349725;|24369|309879
DataEntry.aspx.cs;1907210248;8;1434349784;|20644|309880
DynamicCSS.aspx.cs;3386005521;2;1434349827;|9633|309882
JiraList.aspx.cs;2080266054;3;1434349959;|35382|309885
LessCss.aspx.cs;933032715;2;1434349982;|35467|309886
ListSettings.aspx.cs;3859486626;5;1434349999;|9533|309887
MenuSettings.aspx.cs;124148466;8;1434350037;|9365|309889
SearchKeyGenerator.aspx.cs;2586962265;2;1434350139;|35831|309892
SearchKeyLink.aspx.cs;1184193461;2;1434350154;|9362|309893
SessionObjects.aspx.cs;2136531701;6;1434350236;|1001|309895
SyncMenuModule.aspx.cs;1238906601;2;1434350362;|38762|309897
UserSettings.aspx.cs;1226694250;10;1434350362;|4692|309901
ViewSettings.aspx.cs;3406670905;3;1434350362;|10144|309902
ResetSearchSettings.aspx;3824327173;8;1435806165;|16248|312486
AdminTasks.aspx.designer.cs;886449041;10;1437634867;|995|320003
AdminTasks.aspx;3727212195;17;1437643046;|991|320004
ColumnChooser.aspx.cs;1896551008;16;1446526509;|5323|333566
ApplicationSettings.aspx.cs;1699542479;13;1447042509;|9779|335603
EntityTabInfo.aspx.cs;2036020363;8;1447042509;|7768|335604
TestAndAuditDetails.aspx.cs;1288093269;6;1447042509;|999|335559
UserLoginReport.aspx.cs;770538773;11;1447042509;|7740|335605
EntityAutomation.aspx.designer.cs;2561551878;6;1447819335;|36035|336102
EntityAutomation.aspx;3279829547;9;1451273617;|36037|339600
ResetFCEntries.aspx.cs;141409887;1;1453955017;|41129|341397
ResetFCEntries.aspx.designer.cs;289740915;1;1453955017;|41130|341398
BackupLoggingData.aspx.cs;3401985540;4;1454385218;|40993|341658
BackupLoggingData.aspx.designer.cs;1980831501;4;1454385218;|40994|341659
BackupLoggingData.aspx;2468863984;5;1454586037;|40995|341837
CleanupFCEntries.aspx;3141527774;1;1454586037;|41142|341821
CleanupFCEntries.aspx.designer.cs;995050594;1;1454586037;|41144|341823
ResetFCEntries.aspx;2793494914;2;1454586037;|41131|341838
CleanupFCEntries.aspx.cs;2968200027;2;1464838926;|41143|348936
DeployScripts.aspx.cs;2246879697;6;1469426662;|24382|353420
GridActionBarSettings.aspx.cs;1097606810;10;1469426662;|9396|353421
LogInSettings.aspx.cs;4130236312;32;1469426662;|1004|353317
ReleaseNotesSettings.aspx.cs;4214902518;6;1469426662;|11480|353422
UserLoginHistory.aspx.cs;1426357858;19;1469426662;|9399|353426
AdminTasks.aspx.cs;1667993401;29;1493092281;|993|358289
EntityAutomation.aspx.cs;608529344;26;1493092281;|36036|357858
ResetSearchSettings.aspx.cs;1614078281;20;1493092281;|16246|358315
SearchSettings.aspx.cs;1639323729;23;1493092281;|7939|358316
SubMenuSettings.aspx.cs;1785163061;24;1493092281;|8497|358317
AdminSettings.aspx;129900192;15;1497583739;|4300|359356
AdminSettings.aspx.cs;943453070;18;1497583739;|4301|359357
AdminSettings.aspx.designer.cs;769497059;12;1497583739;|4302|359358
