SCMBranch=USR-717
SCMRepository=User Interface/Task Time Tracker/Web/MasterPages/controls
SCMMainlineUUID={6a359bb0-6131-417f-b48a-3113b3a22182}
SCMBranchRepositoryID=32851
CommonLogin.ascx;2908959876;1;1425921075;|35478|297531
CommonLogin.ascx.cs;1253580414;1;1425921075;|35484|297537
CommonLogin.ascx.designer.cs;3468898236;1;1425921075;|35485|297538
CommonNav.ascx;3818716806;1;1425921075;|35479|297532
CommonNav.ascx.cs;2636274463;1;1425921075;|35486|297539
CommonNav.ascx.designer.cs;4113719866;1;1425921075;|35487|297540
CommonSite.ascx;3094258045;1;1425921075;|35480|297533
CommonSite.ascx.cs;1432225756;1;1425921075;|35488|297541
CommonSite.ascx.designer.cs;2748570083;1;1425921075;|35489|297542
CommonSiteA.ascx;2241753548;1;1425921075;|35481|297587
CommonSiteA.ascx.cs;4292315627;1;1425921075;|35490|297543
CommonSiteA.ascx.designer.cs;822951745;1;1425921075;|35491|297544
CommonBannerMenu.ascx.cs;1519966926;2;1433770298;|35482|308709
CommonBannerMenu.ascx.designer.cs;479725982;3;1433770298;|35483|308710
CommonBannerMenu.ascx;2366408762;5;1433839480;|35477|308773
CommonBannerNav.ascx.designer.cs;1577333391;1;1433824433;|38751|308704
CommonBannerNav.ascx.cs;2003758029;1;1433824433;|38750|308703
CommonRender.ascx.cs;60212458;1;1425921075;|35494|297577
CommonBannerNav.ascx;1268718384;1;1433824433;|38752|308705
CommonRender.ascx.designer.cs;596485485;1;1425921075;|35493|297576
CommonBodyStart.ascx;2630615411;1;1437968840;|39382|321227
CommonBodyStart.ascx.cs;1617816236;1;1437968840;|39383|320646
CommonBodyStart.ascx.designer.cs;4160904808;1;1437968840;|39384|320647
CommonRender.ascx;1827829662;7;1471493677;|35492|354201
