SCMBranch=USR-717
SCMRepository=User Interface/Task Time Tracker/Web/APIV2/Controllers
SCMMainlineUUID={6a359bb0-6131-417f-b48a-3113b3a22182}
SCMBranchRepositoryID=27449
ApplicationModeController.cs;1151285833;7;1413221712;|24383|271828
FieldConfigurationModeController.cs;2219655728;1;1413821522;|26107|272290
LanguageController.cs;2850271934;1;1413821522;|26106|272289
JiraManagerController.cs;3862233696;1;1424201796;|35377|296542
ReligionController.cs;2100031595;1;1428950490;|35676|4294967295
CurrencyController.cs;82643009;1;1428950490;|35679|4294967295
CountryController.cs;2700186671;1;1428950490;|35680|4294967295
ContinentController.cs;1411849894;1;1428950490;|35681|4294967295
GeographicRegionController.cs;791138466;1;1428950490;|35682|4294967295
ActivityController.cs;1418866995;3;1429032184;|35675|4294967295
ApplicationRoleController.cs;1923777607;4;1429032184;|26108|4294967295
RDControllerGenerator.cs;1034698998;1;1429032356;|35677|4294967295
DCControllerGenerateor.tt;266611067;4;1429074111;|35548|300622
DCControllerGenerateor.cs;1034698998;1;1429074126;|35547|298599
ActivitySubTypeController.cs;3173688593;7;1429074121;|35674|4294967295
ActivityTypeController.cs;3697989915;7;1429074120;|35578|4294967295
BathRoomController.cs;4010368801;7;1429074119;|35671|4294967295
CommentController.cs;2212035659;7;1429074118;|35672|4294967295
AccidentReportController.cs;1844388721;7;1429074122;|35673|4294967295
EventTypeController.cs;2288961957;7;1429074116;|35573|4294967295
FoodTypeController.cs;3577173355;7;1429074115;|35576|4294967295
MealTypeController.cs;813839650;7;1429074114;|35574|4294967295
NeedItemController.cs;3687158537;7;1429074113;|35575|4294967295
DiaperStatusController.cs;3598420063;7;1429074117;|35577|4294967295
AccidentPlaceController.cs;64580989;7;1429074123;|35546|4294967295
AirportController.cs;3680561867;1;1429245421;|35745|300915
CalendarController.cs;2378069257;1;1429245421;|35746|300916
CityController.cs;2885803052;1;1429245421;|35747|300917
HelpLineController.cs;4170869744;1;1429245421;|35748|300918
HolidayController.cs;2794076192;1;1429245421;|35749|300919
MallController.cs;4153143897;1;1429245421;|35741|300911
MonumentController.cs;3814847435;1;1429245421;|35750|300920
RDControllerGenerator.tt;3346713854;2;1429245421;|35678|301053
RegionController.cs;3320082414;1;1429245421;|35743|300913
StateController.cs;246621102;1;1429245421;|35742|300912
TimeZoneController.cs;3638328534;1;1429245421;|35751|300921
TrainStationController.cs;3265516513;1;1429245421;|35744|300914
AssetTypeController.cs;2131354439;1;1429757177;|35840|301211
BrokerController.cs;4238085842;1;1429757177;|35832|301203
CMAPIControllerGenerator.cs;546881451;1;1429757177;|35842|301215
CMAPIControllerGenerator.tt;4232284797;1;1429757177;|35834|301216
CustodianController.cs;3876860943;1;1429757177;|35833|301204
FundController.cs;1601727757;1;1429757177;|35837|301208
InvestmentTypeController.cs;709533002;1;1429757177;|35841|301212
LegalEntityController.cs;4227809247;1;1429757177;|35836|301207
ManagementFirmController.cs;1084244311;1;1429757177;|35835|301206
PortfolioController.cs;2484905364;1;1429757177;|35838|301209
StrategyController.cs;3391300423;1;1429757177;|35839|301210
SickReportController.cs;2095972760;1;1429818485;|35925|4294967295
SleepController.cs;2134512277;1;1429818485;|35926|4294967295
TuitionController.cs;2405025062;1;1429818485;|35927|4294967295
MealDetailController.cs;397889036;1;1429818485;|35928|4294967295
MealController.cs;3608723510;1;1429818485;|35929|4294967295
TeacherController.cs;2866667492;1;1429904019;|35965|4294967295
StudentController.cs;3029160137;1;1429904019;|35966|4294967295
DCAPIControllerGenerator.cs;1034698998;1;1429904029;|35732|300793
DCAPIControllerGenerator.tt;3726560519;4;1430448204;|35733|301932
DiscountController.cs;463742456;1;1430448204;|36040|301790
PaymentMethodController.cs;2265640517;1;1430448204;|36041|301791
UserLoginHistoryController.cs;30129009;4;1434688308;|38697|310572
UserLoginController.cs;3942532824;2;1434689325;|38687|310632
UserLoginStatusController.cs;1713487304;2;1434689325;|38698|310633
MenuController.cs;1431414454;3;1437366645;|38955|317259
ElapsedTimeDataController.cs;1170668159;5;1469426450;|35221|351720
FieldConfigurationController.cs;253929612;14;1469426450;|26100|351721
MenuCategoryController.cs;2314916149;3;1469426450;|26105|351722
QuestionController.cs;2547250914;3;1469426450;|35196|351723
ScheduleController.cs;631887887;32;1469426450;|35460|353344
ScheduleDetailActivityCategoryController.cs;247138422;4;1469426450;|40951|351725
ScheduleDetailController.cs;2267492906;7;1469426450;|40950|353038
ScheduleStateController.cs;3987928584;9;1469426450;|24370|351727
UserPreferenceUtilityController.cs;1161705092;3;1469426450;|38929|351728
AutoCompleteController.cs;489100043;42;1474515152;|35188|356142
DatabaseCleanupController.cs;2515927245;10;1493092232;|29256|357735
DeployScriptsController.cs;3953637783;3;1493092232;|34117|357736
WorkSummaryController.cs;4165053759;5;1493092232;|35088|357737
