SCMBranch=USR-717
SCMRepository=User Interface/Task Time Tracker/Web/MA/ApplicationDevelopment/FunctionalityActiveStatus/Controls
SCMMainlineUUID={6a359bb0-6131-417f-b48a-3113b3a22182}
SCMBranchRepositoryID=30752
Details.ascx.cs;2078242602;1;1418613667;|32586|285164
Generic.ascx.designer.cs;610721196;1;1418613667;|32576|285154
List.ascx;975755497;1;1418613667;|32583|285161
List.ascx.cs;3492327086;1;1418613667;|32577|285155
List.ascx.designer.cs;4093873674;1;1418613667;|32578|285156
SearchFilter.ascx;1384633593;1;1418613667;|32584|285162
SearchFilter.ascx.cs;2375474974;1;1418613667;|32579|285157
SearchFilter.ascx.designer.cs;4218920796;1;1418613667;|32580|285158
Validation.xml;3687457457;1;1418613667;|32585|285163
Details.ascx;3264525587;2;1428633518;|32581|299857
Details.ascx.designer.cs;3044404217;2;1428633518;|32574|299858
Generic.ascx;630114281;2;1428633518;|32582|299859
Generic.ascx.cs;4226756357;3;1469426631;|32575|352094
