SCMBranch=USR-717
SCMRepository=User Interface/Task Time Tracker/Web/Shared/Admin/Import/Controls
SCMMainlineUUID={6a359bb0-6131-417f-b48a-3113b3a22182}
SCMBranchRepositoryID=5509
Details.ascx.designer.cs;3393638386;3;1394430860;|1247|154627
Generic.ascx.designer.cs;4101193293;3;1394430860;|1245|18507
List.ascx.designer.cs;2755243218;1;1394430860;|1243|7441
Validation.xml;1739419099;1;1394430860;|1248|1248
Generic.ascx;94114650;6;1401244929;|1251|193390
List.ascx;3716438296;2;1401244929;|1250|193391
SearchFilter.ascx.designer.cs;4164399389;5;1401244929;|1253|195306
Details.ascx;4082597401;5;1401678838;|1252|200141
SearchFilter.ascx;2200564416;9;1406773997;|1249|223035
SearchFilter.ascx.cs;761532758;23;1408639046;|1242|233502
List.ascx.cs;516441873;6;1409070498;|1244|234555
Details.ascx.cs;2968060515;13;1469426662;|1241|351680
Generic.ascx.cs;3916603860;23;1469426662;|1246|351681
