SCMBranch=USR-717
SCMRepository=User Interface/Task Time Tracker/Web/Styles/Kendo/MetroBlack
SCMMainlineUUID={6a359bb0-6131-417f-b48a-3113b3a22182}
SCMBranchRepositoryID=19221
editor.png;3050983162;1;1394430905;|16169|161258
imagebrowser.png;3276459510;1;1394430905;|16168|161257
indeterminate.gif;261437507;1;1394430905;|16167|161256
loading-image.gif;1670162505;1;1394430905;|16171|161260
loading.gif;899144747;1;1394430905;|16166|161255
loading_2x.gif;3266446073;1;1394430905;|16165|161254
markers.png;2132405391;1;1394430905;|16164|161253
markers_2x.png;1505619790;1;1394430905;|16163|161252
slider-h.gif;228991092;1;1394430905;|16170|161259
slider-v.gif;1086571847;1;1394430905;|16160|161249
sprite.png;1365974343;1;1394430905;|16161|161250
sprite_2x.png;2870903999;1;1394430905;|16162|161251
