SCMBranch=USR-717
SCMRepository=User Interface/Task Time Tracker/Web/Prototype/Kendo/web/multiselect
SCMMainlineUUID={6a359bb0-6131-417f-b48a-3113b3a22182}
SCMBranchRepositoryID=19190
api.html;3112404378;3;1406516550;|14206|221401
events.html;2811450708;3;1406516550;|14200|221402
index.html;3718202830;3;1406516550;|14201|221403
mvvm.html;1851318051;3;1406516550;|14202|221404
navigation.html;3255327497;3;1406516550;|14203|221405
rtl.html;3177203905;3;1406516550;|14204|221406
serverfiltering.html;1005533035;3;1406516550;|14205|221407
template.html;509684989;3;1406516550;|14199|221408
