SCMBranch=USR-717
SCMRepository=User Interface/Task Time Tracker/Web/Prototype/Kendo/content/integration/simulator/images
SCMMainlineUUID={6a359bb0-6131-417f-b48a-3113b3a22182}
SCMBranchRepositoryID=19030
a100.png;1378502516;1;1394430807;|13077|158166
back.jpg;2066406335;1;1394430807;|13076|158165
background.png;744567567;1;1394430807;|13086|158175
flowerbottom.png;4143772870;1;1394430807;|13087|158176
flowertop.png;790297579;1;1394430807;|13085|158174
ipad.png;4028258169;1;1394430807;|13084|158173
iphone.png;3952010950;1;1394430807;|13082|158171
kendomobile.png;1087346636;1;1394430807;|13083|158172
nexus5.png;38839083;1;1394430807;|13079|158168
orientation.png;1796774392;1;1394430807;|13081|158170
playbook.png;526474989;1;1394430807;|13078|158167
wp8.png;3071263582;1;1394430807;|13075|158164
z10.png;3227514808;1;1394430807;|13080|158169
