SCMBranch=USR-717
SCMRepository=User Interface/Task Time Tracker/Web/Shared/QualityAssurance/FunctionalityOwner
SCMMainlineUUID={6a359bb0-6131-417f-b48a-3113b3a22182}
SCMBranchRepositoryID=12138
Clone.aspx.cs;1925302271;6;1394430899;|6803|107955
Clone.aspx.designer.cs;1957986384;2;1394430899;|6802|59421
Default.aspx;1932521429;10;1394430899;|6798|172627
Default.aspx.designer.cs;3826455084;6;1394430899;|6792|92438
Delete.aspx.designer.cs;1666901734;2;1394430899;|6790|59426
Details.aspx.cs;2752572902;8;1394430899;|6804|120268
Details.aspx.designer.cs;3246336390;3;1394430899;|6805|108132
Export.aspx;1060135541;2;1394430899;|6795|118930
Export.aspx.cs;4218698248;5;1394430899;|6806|155042
Export.aspx.designer.cs;2417049532;2;1394430899;|6807|155043
Insert.aspx.cs;1732393162;6;1394430899;|6808|107956
Insert.aspx.designer.cs;1379849897;2;1394430899;|6809|59432
Update.aspx.cs;901525298;11;1394430899;|6800|107957
Update.aspx.designer.cs;1851786298;2;1394430899;|6799|59435
CommonUpdate.aspx.designer.cs;1801155367;1;1397496654;|17837|187036
InlineUpdate.aspx.cs;3702260060;1;1401244948;|18064|195179
InlineUpdate.aspx.designer.cs;3482486565;1;1401244948;|18062|195177
Clone.aspx;434983053;4;1401678847;|6801|199472
CommonUpdate.aspx;3316575519;2;1401678847;|17838|199473
Delete.aspx;1882398218;5;1401678847;|6797|199474
Details.aspx;2344420650;5;1401678847;|6796|199475
InlineUpdate.aspx;498634567;2;1401678847;|18063|199476
Insert.aspx;1807095969;4;1401678847;|6794|199477
Update.aspx;550223041;4;1401678847;|6810|199478
CommonUpdate.aspx.cs;2122393816;2;1402283038;|17839|203725
Delete.aspx.cs;3179884805;9;1404236648;|6791|209336
Default.aspx.cs;377644887;18;1405544894;|6793|213418
