SCMBranch=USR-717
SCMRepository=User Interface/Task Time Tracker/Web/Shared/Admin/UserLogin
SCMMainlineUUID={6a359bb0-6131-417f-b48a-3113b3a22182}
SCMBranchRepositoryID=11692
Clone.aspx.cs;442557740;6;1394430865;|5421|107900
Details.aspx.cs;580479423;9;1394430865;|5426|120448
Export.aspx;2527900213;2;1394430865;|5416|118894
Export.aspx.designer.cs;3361210755;2;1394430865;|5423|154921
Insert.aspx.cs;3017721327;8;1394430865;|5422|107901
Update.aspx.cs;425381228;10;1394430865;|5420|108948
LoginDetails.aspx;2088295477;4;1408639047;|9375|232611
Clone.aspx;2477054355;5;1410146585;|5412|242639
Clone.aspx.designer.cs;3699183560;3;1410146585;|5431|242640
CommonUpdate.aspx;3143950983;5;1410146585;|7118|242641
CommonUpdate.aspx.designer.cs;4291016215;3;1410146585;|7115|242642
Default.aspx.designer.cs;869527343;5;1410146585;|5429|250608
Delete.aspx;288350754;6;1410146585;|5414|242643
Delete.aspx.designer.cs;2759039917;3;1410146585;|5427|242644
Details.aspx.designer.cs;3915899185;4;1410146585;|5425|242646
Export.aspx.cs;4259526574;7;1410146585;|5424|245802
InlineUpdate.aspx;3205475830;5;1410146585;|7117|242647
InlineUpdate.aspx.designer.cs;110404308;3;1410146585;|7119|242648
Insert.aspx;2619016560;5;1410146585;|5417|242649
Insert.aspx.designer.cs;1165551853;3;1410146585;|5432|242650
LoginDetails.aspx.designer.cs;3017155564;3;1410146585;|9374|238740
Update.aspx.designer.cs;4072310355;3;1410146585;|5419|242652
Delete.aspx.cs;2722025630;13;1414376796;|5428|273168
Details.aspx;1581807553;7;1419542792;|5415|290869
Update.aspx;3393598522;6;1419542792;|5418|290870
Default.aspx;2898129406;9;1421818180;|5413|295234
Default.aspx.cs;3309070658;19;1421818180;|5430|295235
LoginDetails.aspx.cs;817890621;8;1426130372;|9373|297948
CommonUpdate.aspx.cs;3682574234;18;1493092281;|7116|357867
InlineUpdate.aspx.cs;2264685884;16;1493092281;|7114|357868
