SCMBranch=USR-717
SCMRepository=User Interface/Task Time Tracker/Web/Shared/ApplicationDevelopment/FeatureOwnerStatus
SCMMainlineUUID={6a359bb0-6131-417f-b48a-3113b3a22182}
SCMBranchRepositoryID=22768
Clone.aspx.cs;221402559;2;1406094025;|19408|218987
Export.aspx;189758505;2;1406094025;|19402|219001
Export.aspx.designer.cs;4049394505;2;1406094025;|19391|219003
Insert.aspx.cs;3597717980;2;1406094025;|19385|219008
Settings.aspx;2460157391;2;1406094025;|19405|219010
Settings.aspx.designer.cs;3045131353;2;1406094025;|19388|219012
CommonUpdate.aspx.cs;554797793;3;1408379787;|19410|225949
Default.aspx.cs;3133380744;4;1408379787;|19406|225950
InlineUpdate.aspx.cs;990424509;3;1408379787;|19390|225953
Settings.aspx.cs;181774760;3;1408379787;|19413|225954
Default.aspx;3744447270;4;1408639047;|19399|232617
Clone.aspx;192656602;3;1410146586;|19394|242711
Clone.aspx.designer.cs;3597853702;3;1410146586;|19409|242712
CommonUpdate.aspx;2117988489;3;1410146586;|19387|242713
CommonUpdate.aspx.designer.cs;1447280979;3;1410146586;|19411|242714
Default.aspx.designer.cs;2253706004;3;1410146586;|19397|238746
Delete.aspx;1151199097;3;1410146586;|19400|242715
Delete.aspx.designer.cs;766813475;3;1410146586;|19395|242716
Details.aspx;805031072;3;1410146586;|19401|242717
Details.aspx.cs;947234696;3;1410146586;|19407|248764
Details.aspx.designer.cs;1254919973;3;1410146586;|19393|242718
Export.aspx.cs;134828050;6;1410146586;|19392|245808
InlineUpdate.aspx;1831902854;3;1410146586;|19403|242719
InlineUpdate.aspx.designer.cs;3641199220;3;1410146586;|19384|242720
Insert.aspx;3295533639;3;1410146586;|19404|242721
Insert.aspx.designer.cs;2600480231;3;1410146586;|19386|242722
Update.aspx;1617100534;3;1410146586;|19412|242723
Update.aspx.cs;723993464;3;1410146586;|19389|238427
Update.aspx.designer.cs;3600156272;3;1410146586;|19398|242724
Delete.aspx.cs;2287091548;6;1414376796;|19396|273362
