SCMBranch=USR-717
SCMRepository=User Interface/Task Time Tracker/Web/Content/kendo/2013.3.1119/Uniform
SCMMainlineUUID={6a359bb0-6131-417f-b48a-3113b3a22182}
SCMBranchRepositoryID=18998
editor.png;3050983162;1;1394430785;|12968|158057
imagebrowser.png;3276459510;1;1394430785;|12969|158058
indeterminate.gif;1075870455;1;1394430785;|12970|158059
loading-image.gif;4046447379;1;1394430785;|12971|158060
loading.gif;763103049;1;1394430785;|12972|158061
loading_2x.gif;524034747;1;1394430785;|12973|158062
slider-h.gif;3541038458;1;1394430785;|12974|158063
slider-v.gif;2410029053;1;1394430785;|12975|158064
sprite.png;1862867052;1;1394430785;|12976|158065
sprite_2x.png;4138722385;1;1394430785;|12977|158066
