SCMBranch=USR-717
SCMRepository=User Interface/Task Time Tracker/Web/Shared/Admin/Audit/AuditAction
SCMMainlineUUID={6a359bb0-6131-417f-b48a-3113b3a22182}
SCMBranchRepositoryID=5492
Clone.aspx.cs;2285778022;8;1394430857;|1005|117260
Details.aspx.cs;933615570;8;1394430857;|1014|120405
Export.aspx;456944714;1;1394430857;|1023|1023
Export.aspx.cs;3325290250;2;1394430857;|1012|123441
Export.aspx.designer.cs;627118233;1;1394430857;|1011|1011
Insert.aspx.cs;2077613558;11;1394430857;|1010|109647
Update.aspx.cs;1596410886;8;1394430857;|1008|117261
Clone.aspx;2223421071;6;1410146579;|1019|241360
Clone.aspx.designer.cs;3962141505;3;1410146579;|1006|241361
Default.aspx.designer.cs;2426857306;5;1410146579;|1016|249904
Delete.aspx;2350830736;8;1410146579;|1021|241362
Delete.aspx.designer.cs;4264651043;4;1410146579;|1018|241363
Details.aspx;2739871526;8;1410146579;|1022|249905
Details.aspx.designer.cs;1570991114;5;1410146579;|1013|249906
Insert.aspx;3480990849;6;1410146579;|1024|241366
Insert.aspx.designer.cs;2541700139;3;1410146579;|1009|241367
Default.aspx;32627567;15;1422332808;|1020|295474
Default.aspx.cs;3219474490;23;1422332808;|1015|295475
Delete.aspx.cs;3504937873;14;1425402149;|1017|297395
Update.aspx;2505982937;9;1428633529;|1025|299895
Update.aspx.designer.cs;3961562427;6;1428633529;|1007|299896
