SCMBranch=USR-717
SCMRepository=User Interface/Task Time Tracker/Web/Shared/ApplicationManagement/ReleaseLogStatus/Controls
SCMMainlineUUID={6a359bb0-6131-417f-b48a-3113b3a22182}
SCMBranchRepositoryID=13284
Details.ascx.designer.cs;1098435496;3;1394430869;|9454|154937
Generic.ascx.designer.cs;45871062;2;1394430869;|9452|134415
List.ascx.designer.cs;2279111798;1;1394430869;|9450|76450
Validation.xml;1066268328;1;1394430869;|9459|76459
Generic.ascx;2060006566;6;1401244932;|9457|193786
List.ascx;2967720563;2;1401244932;|9458|193787
Details.ascx;1337622798;7;1401678840;|9456|200342
Details.ascx.cs;1526714369;12;1404235345;|9455|209455
List.ascx.cs;1832565990;5;1404235411;|9451|209457
Generic.ascx.cs;2684065662;13;1405911752;|9453|215647
SearchFilter.ascx;1742125619;10;1406649557;|9460|222771
SearchFilter.ascx.designer.cs;1943577871;4;1406649557;|9448|222773
SearchFilter.ascx.cs;3067561458;24;1407174385;|9449|223720
