SCMBranch=USR-717
SCMRepository=User Interface/Task Time Tracker/Web/Shared/QualityAssurance/FunctionalityEntityStatus
SCMMainlineUUID={6a359bb0-6131-417f-b48a-3113b3a22182}
SCMBranchRepositoryID=10378
AllTabSettings.aspx.cs;2439126486;4;1394430896;|5331|124063
AllTabSettings.aspx.designer.cs;1073514737;1;1394430896;|5332|18661
Clone.aspx.cs;405937399;11;1394430896;|4935|108975
Clone.aspx.designer.cs;2561210437;2;1394430896;|4936|57883
CommonUpdate.aspx.designer.cs;3901050040;2;1394430896;|7402|57886
Default.aspx;2810715976;19;1394430896;|4920|172609
Default.aspx.designer.cs;3981521376;9;1394430896;|4938|92196
Delete.aspx.designer.cs;129892325;2;1394430896;|4919|57890
Details.aspx.designer.cs;391245280;3;1394430896;|4917|108978
EntityReport.aspx;3729460961;6;1394430896;|9295|172612
EntityReport.aspx.designer.cs;2291193565;5;1394430896;|9293|76972
Export.aspx;154058108;2;1394430896;|4923|118923
Export.aspx.cs;3154888695;6;1394430896;|4934|155031
Export.aspx.designer.cs;4091821244;2;1394430896;|4933|155032
InlineUpdate.aspx.cs;3815847496;10;1394430896;|7403|151971
InlineUpdate.aspx.designer.cs;1938743357;2;1394430896;|7404|57896
Insert.aspx.cs;3199359266;12;1394430896;|4932|108979
Insert.aspx.designer.cs;2126056080;2;1394430896;|4931|57899
Settings.aspx.cs;3036746493;3;1394430896;|4930|21410
Settings.aspx.designer.cs;1003066184;2;1394430896;|4929|156289
Update.aspx.designer.cs;3918354026;2;1394430896;|4927|57902
CommonUpdate.aspx.cs;894216896;15;1395688974;|7401|184093
EntityReport.aspx.cs;1323672268;16;1401244947;|9294|195589
AllTabSettings.aspx;308593232;3;1401678846;|5333|199441
Clone.aspx;3701914850;5;1401678846;|4939|201854
CommonUpdate.aspx;1912116599;4;1401678846;|7405|201855
Delete.aspx;3927728191;6;1401678846;|4921|201856
Details.aspx;1975307452;7;1401678846;|4922|201857
InlineUpdate.aspx;3803740205;4;1401678846;|7400|201858
Insert.aspx;1954348102;5;1401678846;|4924|201859
Settings.aspx;572108427;4;1401678846;|4925|199448
Update.aspx;1012633619;7;1401678846;|4926|201860
Details.aspx.cs;2907491547;28;1403884068;|4918|206257
Update.aspx.cs;2783347921;41;1403884068;|4928|206258
Delete.aspx.cs;24002048;14;1404236648;|4937|209701
Default.aspx.cs;731663846;36;1405544893;|4916|213408
