SCMBranch=USR-717
SCMRepository=User Interface/Task Time Tracker/Web/MA/AuthenticationAndAuthorization/ApplicationUserProfileImage
SCMMainlineUUID={6a359bb0-6131-417f-b48a-3113b3a22182}
SCMBranchRepositoryID=30793
Clone.aspx.cs;2810556135;1;1418613672;|33310|285888
Clone.aspx.designer.cs;216787088;1;1418613672;|33309|285887
Default.aspx.cs;545798456;1;1418613672;|33313|285891
Default.aspx.designer.cs;3074579917;1;1418613672;|33314|285892
Delete.aspx.cs;1636279422;1;1418613672;|33320|285898
Delete.aspx.designer.cs;3024131238;1;1418613672;|33321|285899
Details.aspx.cs;555874002;1;1418613672;|33322|285900
Details.aspx.designer.cs;3268273870;1;1418613672;|33323|285901
Export.aspx;3070293043;1;1418613672;|33308|285886
Export.aspx.cs;226219863;1;1418613672;|33324|285902
Export.aspx.designer.cs;3352143010;1;1418613672;|33325|285903
Insert.aspx.cs;3353936756;1;1418613672;|33326|285904
Insert.aspx.designer.cs;815417004;1;1418613672;|33327|285905
ShowImage.aspx;3143892139;1;1418613672;|33306|285884
ShowImage.aspx.designer.cs;4056762710;1;1418613672;|33318|285896
Update.aspx.cs;1385709263;1;1418613672;|33317|285895
Update.aspx.designer.cs;3039710398;1;1418613672;|33316|285894
Clone.aspx;3306327602;2;1418839025;|33304|289949
Default.aspx;1882211007;2;1418839025;|33315|289950
Delete.aspx;1153795697;2;1418839025;|33312|289951
Insert.aspx;3077475038;2;1418839025;|33307|289952
Details.aspx;15332925;2;1419542783;|33311|290814
Update.aspx;2398417236;3;1419542783;|33305|290815
ShowImage.aspx.cs;970571317;2;1464838864;|33319|349208
