SCMBranch=USR-717
SCMRepository=User Interface/Task Time Tracker/Web/Shared/ApplicationDevelopment/FunctionalityActiveStatus/Controls
SCMMainlineUUID={6a359bb0-6131-417f-b48a-3113b3a22182}
SCMBranchRepositoryID=22773
Validation.xml;3687457457;1;1405911747;|19498|213932
Details.ascx;238673332;2;1406094026;|19506|219094
Details.ascx.designer.cs;1648426629;2;1406094026;|19494|219096
List.ascx;540416092;2;1406094026;|19496|219100
List.ascx.designer.cs;3982033581;2;1406094027;|19503|219102
SearchFilter.ascx;4189844754;3;1406172422;|19497|219736
List.ascx.cs;2221584848;3;1408379787;|19502|225967
Generic.ascx;2941992883;3;1412634007;|19495|256212
Generic.ascx.cs;248798993;4;1412634007;|19500|256213
Generic.ascx.designer.cs;2785201377;3;1412634007;|19501|256214
Details.ascx.cs;1103028281;5;1413170139;|19499|263666
SearchFilter.ascx.cs;3837081393;5;1413170139;|19504|263667
SearchFilter.ascx.designer.cs;2043887919;4;1413170139;|19505|263668
