SCMBranch=USR-717
SCMRepository=User Interface/Task Time Tracker/Web/Shared/Admin/Country/Controls
SCMMainlineUUID={6a359bb0-6131-417f-b48a-3113b3a22182}
SCMBranchRepositoryID=5505
Details.ascx.designer.cs;1659961677;3;1394430859;|1182|154621
Generic.ascx.designer.cs;2823272714;2;1394430859;|1173|10333
List.ascx.designer.cs;3623288908;1;1394430859;|1175|1175
SearchFilter.ascx.designer.cs;661328976;6;1394430859;|1184|82114
Validation.xml;3347100217;1;1394430859;|1181|1181
Generic.ascx;901419570;6;1401244929;|1177|193382
List.ascx;1234225011;3;1401244929;|1178|193383
SearchFilter.ascx;2401593850;13;1401244929;|1180|195301
Details.ascx;3891415902;7;1401678837;|1176|200137
Details.ascx.cs;4004079143;11;1408591357;|1185|227609
List.ascx.cs;559874257;7;1408591357;|1183|227611
SearchFilter.ascx.cs;2239361894;22;1408591357;|1174|229459
Generic.ascx.cs;754668548;18;1446697321;|1179|334433
