SCMBranch=USR-717
SCMRepository=User Interface/Task Time Tracker/Web/MA/AuthenticationAndAuthorization/ApplicationRole/Controls
SCMMainlineUUID={6a359bb0-6131-417f-b48a-3113b3a22182}
SCMBranchRepositoryID=30789
Generic.ascx.designer.cs;1526642093;1;1418613671;|33235|285813
List.ascx;1986378373;1;1418613671;|33243|285821
List.ascx.cs;3295770778;1;1418613671;|33234|285812
List.ascx.designer.cs;3778411110;1;1418613671;|33233|285811
Relation.ascx;3970911341;1;1418613671;|33242|285820
Relation.ascx.designer.cs;1351910834;1;1418613672;|33231|285809
RelationshipTool.ascx;692923093;1;1418613672;|33241|285819
RelationshipTool.ascx.designer.cs;2554339246;1;1418613672;|33229|285807
SearchFilter.ascx;1093623787;1;1418613672;|33240|285818
SearchFilter.ascx.cs;4002138755;1;1418613672;|33228|285806
SearchFilter.ascx.designer.cs;3166581216;1;1418613672;|33227|285805
Validation.xml;481878704;1;1418613672;|33239|285817
Details.ascx;1541242354;4;1423195990;|33245|296098
Details.ascx.cs;3842784002;4;1423195990;|33238|296099
Details.ascx.designer.cs;3338839732;4;1423195990;|33237|296100
Generic.ascx;4129278317;2;1440127881;|33244|327069
RelationshipTool.ascx.cs;429682459;2;1447042489;|33230|335279
Relation.ascx.cs;2119290484;2;1464838864;|33232|349204
Generic.ascx.cs;2905988915;5;1469426635;|33236|352120
