SCMBranch=USR-717
SCMRepository=User Interface/Task Time Tracker/Web/Areas/V45/Content/themes/base
SCMMainlineUUID={6a359bb0-6131-417f-b48a-3113b3a22182}
SCMBranchRepositoryID=19925
jquery.ui.accordion.css;2323107275;1;1394430775;|16275|163054
jquery.ui.all.css;4293491660;1;1394430775;|16264|163043
jquery.ui.autocomplete.css;2275029931;1;1394430775;|16269|163048
jquery.ui.base.css;1579328818;1;1394430775;|16263|163042
jquery.ui.button.css;1309200811;1;1394430775;|16267|163046
jquery.ui.core.css;1636149562;1;1394430775;|16274|163053
jquery.ui.datepicker.css;4137632970;1;1394430775;|16268|163047
jquery.ui.dialog.css;2478567128;1;1394430775;|16265|163044
jquery.ui.progressbar.css;2952271029;1;1394430775;|16276|163055
jquery.ui.resizable.css;1949763305;1;1394430775;|16273|163052
jquery.ui.selectable.css;3966939564;1;1394430775;|16271|163050
jquery.ui.slider.css;1841341204;1;1394430775;|16272|163051
jquery.ui.tabs.css;2866168925;1;1394430775;|16270|163049
jquery.ui.theme.css;357237627;1;1394430775;|16266|163045
