SCMBranch=USR-717
SCMRepository=User Interface/Task Time Tracker/Web/Shared/AuthenticationAndAuthorization/ApplicationUserProfileImage/Controls
SCMMainlineUUID={6a359bb0-6131-417f-b48a-3113b3a22182}
SCMBranchRepositoryID=12512
Details.ascx.designer.cs;1403627238;2;1394430872;|7612|154940
Generic.ascx.designer.cs;3137009999;1;1394430872;|7611|26663
List.ascx.designer.cs;3455784508;1;1394430872;|7609|26272
Validation.xml;1249124399;1;1394430872;|7617|26280
Generic.ascx;4130013338;4;1401244932;|7615|193791
List.ascx;1681629873;2;1401244932;|7616|193792
Details.ascx;2758992438;5;1401678841;|7614|200344
SearchFilter.ascx.designer.cs;2946262245;6;1405544887;|7607|213339
SearchFilter.ascx;289260132;14;1406825965;|7619|223255
List.ascx.cs;2493008782;8;1408591363;|7610|229643
Details.ascx.cs;1034931120;12;1414437907;|7613|273820
Generic.ascx.cs;1255448781;15;1414437907;|7618|273821
SearchFilter.ascx.cs;1792585084;25;1414437907;|7608|273822
