SCMBranch=USR-717
SCMRepository=User Interface/Task Time Tracker/Web/Prototype/Kendo/web/datepicker
SCMMainlineUUID={6a359bb0-6131-417f-b48a-3113b3a22182}
SCMBranchRepositoryID=19180
api.html;775971946;3;1406516548;|14104|221304
events.html;2259287165;3;1406516548;|14105|221305
index.html;3599306081;3;1406516548;|14106|221306
mvvm.html;2201651383;3;1406516548;|14107|221307
navigation.html;2041182680;3;1406516548;|14108|221308
rangeselection.html;1934066855;3;1406516548;|14109|221309
rtl.html;4187803995;3;1406516548;|14103|221310
template.html;3209443179;3;1406516548;|14102|221311
