SCMBranch=USR-717
SCMRepository=User Interface/Task Time Tracker/Web/Configuration/Menu
SCMMainlineUUID={6a359bb0-6131-417f-b48a-3113b3a22182}
SCMBranchRepositoryID=29124
Clone.aspx.cs;1023950063;1;1417403879;|28141|278725
Clone.aspx.designer.cs;3708650529;1;1417403879;|28140|278724
Default.aspx.cs;3653401651;1;1417403879;|28135|278719
Default.aspx.designer.cs;3759688608;1;1417403879;|28142|278726
Delete.aspx.designer.cs;2241221209;1;1417403879;|28144|278728
Details.aspx.cs;2432666045;1;1417403879;|28145|278729
Details.aspx.designer.cs;3671751994;1;1417403879;|28146|278730
Export.aspx;15785691;1;1417403879;|28134|278718
Export.aspx.cs;82916397;1;1417403879;|28147|278731
Export.aspx.designer.cs;3014428448;1;1417403879;|28148|278732
InlineUpdate.aspx;2260825020;1;1417403879;|28154|278738
InlineUpdate.aspx.designer.cs;555566262;1;1417403879;|28153|278737
Insert.aspx.cs;1170393167;1;1417403879;|28152|278736
Insert.aspx.designer.cs;1372699356;1;1417403879;|28151|278735
Clone.aspx;1296431829;2;1417540916;|28156|280281
Default.aspx;2735456559;2;1417540916;|28131|280282
Delete.aspx;3094807143;2;1417540916;|28132|280283
Insert.aspx;1025894123;2;1417540916;|28136|280284
Update.aspx.cs;2603571538;2;1417540916;|28150|280286
Details.aspx;1077659644;2;1419542777;|28133|290738
CommonUpdate.aspx.designer.cs;2079146557;1;1417403879;|28138|278722
CommonUpdate.aspx;1029978892;2;1423072025;|28130|296010
Update.aspx;3900115501;4;1428633516;|28137|299795
Update.aspx.designer.cs;605847012;2;1428633516;|28149|299796
Delete.aspx.cs;2830744583;2;1436238371;|28143|312846
InlineUpdate.aspx.cs;4249335715;2;1464838855;|28155|349178
CommonUpdate.aspx.cs;826379749;3;1493092258;|28139|357801
