SCMBranch=USR-717
SCMRepository=User Interface/Task Time Tracker/Web/Shared/AuthenticationAndAuthorization/ApplicationUserTitle/Controls
SCMMainlineUUID={6a359bb0-6131-417f-b48a-3113b3a22182}
SCMBranchRepositoryID=5560
Details.ascx.designer.cs;175267068;4;1394430873;|1860|154684
List.ascx.designer.cs;3844347368;1;1394430873;|1851|7668
Validation.xml;698504168;1;1394430873;|1856|1856
List.ascx;2066138033;2;1401244933;|1854|193467
Details.ascx;3716209832;8;1401678841;|1861|200172
Details.ascx.cs;4124338323;12;1408591363;|1862|229521
List.ascx.cs;3967903757;8;1408591363;|1852|229523
Generic.ascx;537180987;8;1412634007;|1853|256239
Generic.ascx.designer.cs;1430344327;3;1412634007;|1857|256143
Generic.ascx.cs;1048618040;17;1412882825;|1858|256564
SearchFilter.ascx;375427454;17;1412882825;|1855|256565
SearchFilter.ascx.cs;1659245069;18;1412882825;|1859|256566
SearchFilter.ascx.designer.cs;770872677;9;1413170142;|1850|266366
