SCMBranch=USR-717
SCMRepository=User Interface/Task Time Tracker/Web/MA/ApplicationDevelopment/FunctionalityImageAttribute/Controls
SCMMainlineUUID={6a359bb0-6131-417f-b48a-3113b3a22182}
SCMBranchRepositoryID=30762
Details.ascx;1854841383;1;1418613668;|32741|285319
Details.ascx.cs;1905033243;1;1418613668;|32751|285329
Details.ascx.designer.cs;1233511958;1;1418613668;|32740|285318
Generic.ascx;969032591;1;1418613668;|32742|285320
Generic.ascx.designer.cs;173540002;1;1418613668;|32750|285328
List.ascx;966027151;1;1418613668;|32743|285321
List.ascx.cs;2927993622;1;1418613668;|32748|285326
List.ascx.designer.cs;3883542885;1;1418613668;|32747|285325
SearchFilter.ascx;3645354111;1;1418613668;|32744|285322
SearchFilter.ascx.cs;2657130970;1;1418613668;|32746|285324
SearchFilter.ascx.designer.cs;3641826085;1;1418613668;|32739|285317
Validation.xml;3687457457;1;1418613668;|32745|285323
Generic.ascx.cs;1695434841;3;1469426635;|32749|352101
