SCMBranch=USR-717
SCMRepository=User Interface/Task Time Tracker/Web/Prototype
SCMMainlineUUID={6a359bb0-6131-417f-b48a-3113b3a22182}
SCMBranchRepositoryID=17532
Tab.html;169728541;1;1394430803;|11733|155986
Tab2.html;1659236782;2;1394430803;|11734|166781
Sample.aspx;3452205912;3;1413169745;|17628|262613
Sample.aspx.designer.cs;1367274952;3;1413169745;|17625|262615
TestKendo.aspx;1019609194;2;1413169745;|17619|262619
TestKendo.aspx.designer.cs;3103867908;2;1413169745;|17618|262621
WorkSummaryReport.aspx.designer.cs;993675819;1;1414474219;|26123|4294967295
TestFESsummaryChart.aspx.designer.cs;4208427850;5;1416193529;|17627|276376
WorkSummaryReport.aspx;626004031;5;1416510335;|26124|276827
WorkSummaryReport.aspx.cs;4177663887;5;1416510335;|26122|276828
worksummaryreport.html;2793566618;18;1416510335;|25648|276829
Default.aspx;2296677796;1;1417403888;|27061|277525
Default.aspx.designer.cs;2712744455;1;1417403888;|27059|277523
TestFESsummaryChart.aspx;3473400365;7;1424142851;|17623|296437
FESBulkEntry.aspx.designer.cs;2041379348;1;1427827558;|35571|298662
FESBulkEntry.aspx;617225768;2;1427921082;|35572|298765
TestAngularMenu.aspx.designer.cs;3644938972;1;1433221050;|36221|303903
TestAngularMenu.aspx.cs;3527019577;2;1434350960;|36222|309920
Sample.aspx.cs;57692886;3;1434350960;|17624|309921
TestKendo.aspx.cs;528757654;3;1434350823;|17617|309922
TestFESsummaryChart.aspx.cs;3843853428;4;1434350960;|17626|309923
FESBulkEntry.aspx.cs;324152607;9;1447309981;|35570|335925
TestDateRangeNewCtrl.aspx;2345617000;2;1466134969;|41195|350377
TestDateRangeNewCtrl.aspx.designer.cs;4147765959;2;1466134969;|41197|350379
Default.aspx.cs;1907807930;5;1469426650;|27060|352143
HtmlPage1.html;815068391;2;1471231071;|17605|353902
TestAngularMenu.aspx;1112918589;2;1471231071;|36223|353903
TestDateRangeNewCtrl.aspx.cs;1574886074;4;1493092281;|41196|357849
