SCMBranch=USR-717
SCMRepository=User Interface/Task Time Tracker/Web/Scripts/ace-editor/src-min/snippets
SCMMainlineUUID={6a359bb0-6131-417f-b48a-3113b3a22182}
SCMBranchRepositoryID=27230
abap.js;667263558;1;1410186258;|23607|251944
actionscript.js;2223248361;1;1410186258;|23606|251943
ada.js;3887994109;1;1410186258;|23605|251942
apache_conf.js;2501377538;1;1410186258;|23604|251941
applescript.js;797496637;1;1410186258;|23603|251940
asciidoc.js;1086827094;1;1410186258;|23602|251939
assembly_x86.js;3117891602;1;1410186258;|23601|251938
autohotkey.js;2174236641;1;1410186258;|23600|251937
batchfile.js;1829797802;1;1410186258;|23599|251936
c9search.js;347933828;1;1410186258;|23598|251935
c_cpp.js;891119362;1;1410186258;|23597|251934
cirru.js;430882052;1;1410186258;|23596|251933
clojure.js;3167206474;1;1410186258;|23595|251932
cobol.js;2421660891;1;1410186258;|23594|251931
coffee.js;3492168056;1;1410186258;|23593|251930
coldfusion.js;2221905487;1;1410186258;|23608|251945
csharp.js;311880674;1;1410186258;|23592|251929
css.js;2936045948;1;1410186258;|23591|251928
curly.js;806810063;1;1410186258;|23590|251927
d.js;372800362;1;1410186258;|23589|251926
dart.js;3210309800;1;1410186258;|23588|251925
diff.js;1589332551;1;1410186258;|23587|251924
django.js;3428970596;1;1410186259;|23586|251923
dockerfile.js;2667462811;1;1410186259;|23585|251922
dot.js;1931096075;1;1410186259;|23584|251921
ejs.js;2080614668;1;1410186259;|23583|251920
erlang.js;2445141751;1;1410186259;|23582|251919
forth.js;58132611;1;1410186259;|23581|251918
ftl.js;1971069244;1;1410186259;|23580|251917
gherkin.js;2771362120;1;1410186259;|23579|251916
gitignore.js;1787870134;1;1410186259;|23578|251915
glsl.js;1435019796;1;1410186259;|23609|251946
golang.js;2251470496;1;1410186259;|23577|251914
groovy.js;704309729;1;1410186259;|23576|251913
haml.js;1084927802;1;1410186259;|23575|251912
handlebars.js;4013113202;1;1410186259;|23574|251911
haskell.js;3114246598;1;1410186259;|23573|251910
haxe.js;3239044220;1;1410186259;|23572|251909
html.js;686248473;1;1410186259;|23571|251908
html_ruby.js;1018705596;1;1410186259;|23570|251907
ini.js;23496151;1;1410186259;|23569|251906
jack.js;2412296646;1;1410186259;|23568|251905
jade.js;2382955140;1;1410186259;|23567|251904
java.js;3766099561;1;1410186259;|23566|251903
javascript.js;3795955676;1;1410186259;|23565|251902
json.js;2940664271;1;1410186259;|23564|251901
jsoniq.js;3756459812;1;1410186259;|23563|251900
jsp.js;3335449044;1;1410186259;|23497|251834
jsx.js;25822938;1;1410186259;|23498|251835
julia.js;419085236;1;1410186259;|23499|251836
latex.js;3015181936;1;1410186259;|23500|251837
less.js;3065895189;1;1410186259;|23501|251838
liquid.js;3246809233;1;1410186259;|23502|251839
lisp.js;1167350566;1;1410186259;|23503|251840
livescript.js;3462922446;1;1410186259;|23504|251841
logiql.js;149131150;1;1410186259;|23505|251842
lsl.js;1791753624;1;1410186259;|23506|251843
lua.js;2647775138;1;1410186259;|23507|251844
luapage.js;1279083100;1;1410186259;|23508|251845
lucene.js;2771315789;1;1410186259;|23509|251846
makefile.js;2438615602;1;1410186259;|23510|251847
markdown.js;1862018413;1;1410186259;|23511|251848
matlab.js;500842883;1;1410186259;|23512|251849
mel.js;3077087465;1;1410186259;|23513|251850
mushcode.js;3204459471;1;1410186259;|23514|251851
mysql.js;1725385692;1;1410186259;|23515|251852
nix.js;1482985765;1;1410186259;|23516|251853
objectivec.js;634727696;1;1410186259;|23517|251854
ocaml.js;3198886345;1;1410186259;|23518|251855
pascal.js;127170363;1;1410186259;|23519|251856
perl.js;773613683;1;1410186259;|23520|251857
pgsql.js;563460169;1;1410186259;|23521|251858
php.js;603142828;1;1410186259;|23522|251859
plain_text.js;1465456404;1;1410186259;|23523|251860
powershell.js;3161896432;1;1410186259;|23524|251861
prolog.js;608447798;1;1410186259;|23525|251862
properties.js;460697323;1;1410186259;|23526|251863
protobuf.js;721320429;1;1410186259;|23527|251864
python.js;2887612745;1;1410186259;|23528|251865
r.js;1255643459;1;1410186259;|23529|251866
rdoc.js;3723103019;1;1410186259;|23530|251867
rhtml.js;2939815950;1;1410186259;|23531|251868
ruby.js;157581611;1;1410186259;|23532|251869
rust.js;240037538;1;1410186259;|23533|251870
sass.js;2906129840;1;1410186259;|23534|251871
scad.js;875475967;1;1410186259;|23535|251872
scala.js;640431960;1;1410186259;|23536|251873
scheme.js;464664054;1;1410186259;|23537|251874
scss.js;2263868144;1;1410186259;|23538|251875
sh.js;1424757228;1;1410186259;|23539|251876
sjs.js;1239860276;1;1410186259;|23540|251877
smarty.js;1090483438;1;1410186259;|23541|251878
snippets.js;3800661302;1;1410186259;|23542|251879
soy_template.js;3713000063;1;1410186259;|23543|251880
space.js;148172772;1;1410186259;|23544|251881
sql.js;1258296696;1;1410186259;|23545|251882
stylus.js;250873911;1;1410186259;|23546|251883
svg.js;3638562131;1;1410186259;|23547|251884
tcl.js;1603612636;1;1410186259;|23548|251885
tex.js;3599268402;1;1410186259;|23549|251886
text.js;394092340;1;1410186259;|23550|251887
textile.js;3250390727;1;1410186259;|23551|251888
toml.js;2425519511;1;1410186259;|23552|251889
twig.js;4123733670;1;1410186259;|23553|251890
typescript.js;4118555299;1;1410186259;|23554|251891
vala.js;3132658549;1;1410186259;|23555|251892
vbscript.js;3832874634;1;1410186259;|23556|251893
velocity.js;396032572;1;1410186259;|23557|251894
verilog.js;4083492374;1;1410186259;|23558|251895
vhdl.js;3954087028;1;1410186259;|23559|251896
xml.js;1735662545;1;1410186259;|23560|251897
xquery.js;543615138;1;1410186259;|23561|251898
yaml.js;2016866879;1;1410186259;|23562|251899
