SCMBranch=USR-717
SCMRepository=User Interface/Task Time Tracker/Web/Shared/Admin/UserLoginStatus
SCMMainlineUUID={6a359bb0-6131-417f-b48a-3113b3a22182}
SCMBranchRepositoryID=11694
Clone.aspx.cs;1889912276;7;1394430866;|5462|117547
Details.aspx.cs;4224253848;9;1394430866;|5458|120449
Export.aspx;3893656087;2;1394430866;|5452|118896
Export.aspx.designer.cs;1049332828;2;1394430866;|5466|154926
Insert.aspx.cs;4242735034;8;1394430866;|5449|107905
Clone.aspx;1472143600;5;1410146585;|5461|242655
Clone.aspx.designer.cs;3802941134;3;1410146585;|5463|242656
CommonUpdate.aspx;4159510879;5;1410146585;|7123|242657
CommonUpdate.aspx.designer.cs;1324610929;3;1410146585;|7124|242658
Delete.aspx;1453113171;7;1410146585;|5454|250610
Delete.aspx.designer.cs;2037476318;3;1410146585;|5459|242660
Details.aspx.designer.cs;1110844319;4;1410146585;|5457|242662
Export.aspx.cs;2525296057;9;1410146585;|5456|250611
InlineUpdate.aspx;1863983909;5;1410146585;|7125|242663
InlineUpdate.aspx.designer.cs;309848178;3;1410146585;|7122|242664
Insert.aspx;3245530087;5;1410146585;|5451|242665
Insert.aspx.designer.cs;1744459123;3;1410146585;|5448|242666
Update.aspx.designer.cs;1407083466;3;1410146586;|5446|242668
Delete.aspx.cs;1066298319;14;1414376796;|5460|273358
Details.aspx;2818807018;7;1419542800;|5453|290872
Default.aspx;2350341475;9;1449491442;|5455|338237
Default.aspx.cs;2807040725;17;1449491081;|5465|338238
Default.aspx.designer.cs;2748532808;6;1449491813;|5464|338239
Update.aspx;224920682;7;1450754111;|5450|338929
Update.aspx.cs;3178519917;12;1450754111;|5447|339040
CommonUpdate.aspx.cs;2429373179;11;1464838985;|7121|349405
InlineUpdate.aspx.cs;2993745738;11;1464934164;|7120|349842
