SCMBranch=USR-717
SCMRepository=User Interface/Task Time Tracker/Web/Shared/Configuration/FieldConfigurationModeXApplicationRole
SCMMainlineUUID={6a359bb0-6131-417f-b48a-3113b3a22182}
SCMBranchRepositoryID=14730
Clone.aspx;239740340;1;1394430878;|10407|134075
Clone.aspx.cs;1946899375;1;1394430878;|10408|134076
Clone.aspx.designer.cs;1322054346;1;1394430878;|10409|134077
CommonUpdate.aspx;363283905;1;1394430878;|10406|134074
CommonUpdate.aspx.cs;2486361523;1;1394430878;|10410|134078
CommonUpdate.aspx.designer.cs;693769785;1;1394430878;|10411|134079
CrossReference.aspx;1238115114;2;1394430878;|10440|171541
CrossReference.aspx.designer.cs;581098056;2;1394430878;|10441|156732
Default.aspx;1555196965;1;1394430878;|10400|134068
Default.aspx.cs;593445319;1;1394430878;|10420|134088
Default.aspx.designer.cs;4082926837;1;1394430878;|10421|134089
Delete.aspx;1162752366;1;1394430878;|10399|134067
Delete.aspx.cs;2809563667;1;1394430878;|10422|134090
Delete.aspx.designer.cs;649202745;1;1394430878;|10419|134087
Details.aspx;1064751306;1;1394430878;|10398|134066
Details.aspx.cs;1745076205;1;1394430878;|10418|134086
Details.aspx.designer.cs;2429965741;1;1394430878;|10417|134085
Export.aspx;739758614;1;1394430878;|10397|134065
Export.aspx.cs;1422891758;1;1394430878;|10416|134084
Export.aspx.designer.cs;2251991931;1;1394430878;|10415|134083
InlineUpdate.aspx;1129016399;1;1394430878;|10396|134064
InlineUpdate.aspx.cs;4218402774;1;1394430878;|10413|134081
InlineUpdate.aspx.designer.cs;2356411930;1;1394430879;|10412|134080
Insert.aspx;2122009161;1;1394430879;|10395|134063
Insert.aspx.cs;3520580947;1;1394430879;|10405|134073
Insert.aspx.designer.cs;4203582787;1;1394430879;|10404|134072
Settings.aspx;3976712118;1;1394430879;|10394|134062
Settings.aspx.cs;3980467912;1;1394430879;|10403|134071
Settings.aspx.designer.cs;1482018699;1;1394430879;|10402|134070
Update.aspx;2141629377;1;1394430879;|10393|134061
Update.aspx.designer.cs;3741957810;1;1394430879;|10414|134082
Update.aspx.cs;2674675757;2;1410146597;|10401|249417
CrossReference.aspx.cs;2358862860;7;1414437912;|10439|273838
