SCMBranch=USR-717
SCMRepository=User Interface/Task Time Tracker/Web/Styles/Kendo/Silver
SCMMainlineUUID={6a359bb0-6131-417f-b48a-3113b3a22182}
SCMBranchRepositoryID=19223
editor.png;3488544970;1;1394430905;|16193|161282
imagebrowser.png;1242563737;1;1394430905;|16192|161281
indeterminate.gif;572217683;1;1394430905;|16191|161280
loading-image.gif;2063173041;1;1394430905;|16195|161284
loading.gif;1900030846;1;1394430905;|16190|161279
loading_2x.gif;3924158094;1;1394430905;|16189|161278
markers.png;3843516288;1;1394430905;|16188|161277
markers_2x.png;2154157360;1;1394430905;|16187|161276
slider-h.gif;2797122243;1;1394430906;|16194|161283
slider-v.gif;4195440708;1;1394430906;|16184|161273
sprite.png;250624966;1;1394430906;|16185|161274
sprite_2x.png;3032554332;1;1394430906;|16186|161275
