SCMBranch=USR-717
SCMRepository=User Interface/Task Time Tracker/Web/ActivityXDeliverableArtifact
SCMMainlineUUID={6a359bb0-6131-417f-b48a-3113b3a22182}
SCMBranchRepositoryID=11817
Clone.aspx;602449160;7;1413169707;|5865|266383
Clone.aspx.cs;1947939266;11;1413169707;|5860|266384
Clone.aspx.designer.cs;867705262;6;1413169707;|5861|266385
CommonUpdate.aspx;1727566337;8;1413169707;|7293|266386
CommonUpdate.aspx.cs;513751271;17;1413169707;|7291|266387
CommonUpdate.aspx.designer.cs;900499794;4;1413169707;|7292|266388
Default.aspx;3611436083;12;1413169707;|5859|266389
Default.aspx.cs;1521760644;22;1413169707;|5869|266390
Default.aspx.designer.cs;2416692453;8;1413169707;|5868|266391
Delete.aspx;1233319967;9;1413169707;|5854|266392
Delete.aspx.designer.cs;1460611071;4;1413169707;|5866|266394
Details.aspx;225789063;8;1413169707;|5855|266395
Details.aspx.cs;1962433119;10;1413169707;|5864|266396
Details.aspx.designer.cs;630624794;4;1413169707;|5863|266397
Export.aspx;990092687;4;1413169707;|5856|266398
Export.aspx.cs;2421244269;11;1413169707;|5862|266399
Export.aspx.designer.cs;2753062877;3;1413169707;|5852|266400
InlineUpdate.aspx;1593659095;8;1413169707;|7296|266401
InlineUpdate.aspx.cs;1850537445;13;1413169708;|7294|266402
InlineUpdate.aspx.designer.cs;3167515375;4;1413169708;|7295|266403
Insert.aspx;3717271540;7;1413169708;|5857|266404
Insert.aspx.cs;4248445282;12;1413169708;|5851|266405
Insert.aspx.designer.cs;2167108990;6;1413169708;|5850|266406
Update.aspx;3979610114;7;1413169708;|5858|266407
Update.aspx.cs;2755286812;13;1413169708;|5849|266408
Update.aspx.designer.cs;406795289;4;1413169708;|5853|266409
Delete.aspx.cs;2627279676;17;1414005918;|5867|272712
