SCMBranch=USR-717
SCMRepository=User Interface/Task Time Tracker/Web/Shared/EventMonitoring/ApplicationMonitoredEvent
SCMMainlineUUID={6a359bb0-6131-417f-b48a-3113b3a22182}
SCMBranchRepositoryID=5590
Clone.aspx.cs;524052489;7;1394430890;|2312|147234
Details.aspx.cs;1737617086;11;1394430890;|2321|148767
Export.aspx;2911797795;2;1394430890;|2303|118829
Export.aspx.designer.cs;394956210;2;1394430890;|2317|154723
Insert.aspx.cs;176478563;12;1394430890;|2316|147238
Settings.aspx.designer.cs;4160414224;2;1394430890;|2323|156187
Update.aspx.cs;258609739;13;1394430890;|2309|148768
Settings.aspx;923966327;5;1401678845;|2310|198622
Default.aspx.cs;2749363265;21;1408422851;|2322|226623
Default.aspx;2843794682;10;1408639054;|2307|233557
Clone.aspx;1394062533;6;1410146603;|2319|241620
Clone.aspx.designer.cs;371858043;3;1410146603;|2313|241621
Default.aspx.designer.cs;730055951;5;1410146603;|2324|250091
Delete.aspx;1403755903;7;1410146603;|2306|241622
Delete.aspx.designer.cs;2018503678;3;1410146603;|2326|241623
Details.aspx;688396826;7;1410146603;|2305|241624
Details.aspx.designer.cs;2021155106;3;1410146603;|2320|241625
Export.aspx.cs;1799570231;11;1410146603;|2318|250092
Insert.aspx;2674143926;6;1410146603;|2304|241626
Insert.aspx.designer.cs;2213286496;3;1410146603;|2315|241627
Settings.aspx.cs;487946136;2;1410146603;|2314|248674
Update.aspx;831886541;6;1410146603;|2311|241628
Update.aspx.designer.cs;3624639301;3;1410146603;|2308|241629
Delete.aspx.cs;3522978162;15;1414437923;|2325|273777
