SCMBranch=USR-717
SCMRepository=User Interface/Task Time Tracker/Web/Configuration/UserPreferenceSelectedItem
SCMMainlineUUID={6a359bb0-6131-417f-b48a-3113b3a22182}
SCMBranchRepositoryID=29155
Clone.aspx.cs;3868192694;1;1417403882;|28724|279308
Clone.aspx.designer.cs;1851438319;1;1417403882;|28725|279309
Default.aspx.cs;1940819433;1;1417403882;|28726|279310
Default.aspx.designer.cs;2710997293;1;1417403882;|28727|279311
Delete.aspx.designer.cs;1728875296;1;1417403882;|28729|279313
Details.aspx.cs;1765490347;1;1417403882;|28730|279314
Details.aspx.designer.cs;4147642077;1;1417403882;|28731|279315
Export.aspx;854179764;1;1417403882;|28720|279304
Export.aspx.cs;115394184;1;1417403882;|28732|279316
Export.aspx.designer.cs;2621618314;1;1417403882;|28733|279317
Insert.aspx.cs;2735911919;1;1417403882;|28734|279318
Insert.aspx.designer.cs;1967233506;1;1417403883;|28735|279319
Settings.aspx;1650903880;1;1417403883;|28722|279306
Settings.aspx.designer.cs;603641944;1;1417403883;|28737|279321
Update.aspx.cs;1235293570;1;1417403883;|28739|279323
Update.aspx.designer.cs;563611526;1;1417403883;|28740|279324
Clone.aspx;1995813152;2;1417540996;|28741|280374
Default.aspx;3808424882;2;1417540996;|28718|280375
Delete.aspx;2664752877;2;1417540996;|28738|280376
Delete.aspx.cs;3381574770;2;1417540996;|28728|280377
Insert.aspx;4117050905;2;1417540996;|28721|280378
Settings.aspx.cs;889747930;2;1417540996;|28736|280379
Details.aspx;2379971516;2;1419542780;|28719|290765
Update.aspx;775419954;3;1419542780;|28723|290766
