SCMBranch=USR-717
SCMRepository=User Interface/Task Time Tracker/Web/Configuration/UserPreferenceKey
SCMMainlineUUID={6a359bb0-6131-417f-b48a-3113b3a22182}
SCMBranchRepositoryID=29153
Clone.aspx.cs;1560821727;1;1417403882;|28700|279284
Clone.aspx.designer.cs;2928411537;1;1417403882;|28701|279285
Default.aspx.cs;2264700104;1;1417403882;|28683|279267
Default.aspx.designer.cs;2844750116;1;1417403882;|28682|279266
Delete.aspx.designer.cs;2335822479;1;1417403882;|28695|279279
Details.aspx.cs;4258846966;1;1417403882;|28696|279280
Details.aspx.designer.cs;2398185058;1;1417403882;|28702|279286
Export.aspx;3309440791;1;1417403882;|28690|279274
Export.aspx.cs;4147819557;1;1417403882;|28704|279288
Export.aspx.designer.cs;2796298697;1;1417403882;|28694|279278
Insert.aspx.cs;10915225;1;1417403882;|28687|279271
Insert.aspx.designer.cs;631379782;1;1417403882;|28686|279270
Settings.aspx;1972729624;1;1417403882;|28688|279272
Settings.aspx.designer.cs;35015299;1;1417403882;|28684|279268
Update.aspx.cs;3392059754;1;1417403882;|28697|279281
Update.aspx.designer.cs;233744360;1;1417403882;|28698|279282
Clone.aspx;2545979234;2;1417540917;|28699|280365
Default.aspx;618008110;2;1417540917;|28693|280366
Delete.aspx;3522076835;2;1417540996;|28692|280367
Delete.aspx.cs;3586121400;2;1417540996;|28681|280368
Insert.aspx;4000852778;2;1417540996;|28689|280369
Settings.aspx.cs;991465551;2;1417540996;|28685|280370
Details.aspx;718740630;2;1419542780;|28691|290763
Update.aspx;1936449493;3;1419542780;|28703|290764
