SCMBranch=USR-717
SCMRepository=User Interface/Task Time Tracker/Web/Scripts/highcharts/js
SCMMainlineUUID={6a359bb0-6131-417f-b48a-3113b3a22182}
SCMBranchRepositoryID=27355
highcharts-3d.js;1549286958;1;1410795667;|24284|252778
highcharts-3d.src.js;2847087438;1;1410795667;|24283|252777
highcharts-all.js;3472346800;1;1410795667;|24285|252779
highcharts-more.js;3674164654;1;1410795667;|24278|252772
highcharts-more.src.js;3094158438;1;1410795667;|24279|252773
highcharts-ng.js;1839404312;1;1410795667;|24280|252774
highcharts.js;373259089;1;1410795672;|24281|252775
highcharts.src.js;4157717256;1;1410795672;|24282|252776
