SCMBranch=USR-717
SCMRepository=User Interface/Task Time Tracker/Web/MA/ApplicationDevelopment/FunctionalityEntityStatus/Controls
SCMMainlineUUID={6a359bb0-6131-417f-b48a-3113b3a22182}
SCMBranchRepositoryID=30754
Details.ascx;3938200977;1;1418613667;|32629|285207
Details.ascx.cs;3661711038;1;1418613667;|32638|285216
Details.ascx.designer.cs;3280999378;1;1418613667;|32637|285215
FESSummaryChart.ascx.designer.cs;710500551;1;1418613667;|32635|285213
List.ascx;635582265;1;1418613667;|32626|285204
List.ascx.cs;3594236453;1;1418613667;|32632|285210
List.ascx.designer.cs;2966483378;1;1418613667;|32631|285209
SearchFilter.ascx.designer.cs;1492965083;1;1418613667;|32623|285201
Validation.xml;659351078;1;1418613667;|32624|285202
Generic.ascx.designer.cs;1115283396;3;1422358144;|32633|295515
SearchFilter.ascx;2848127261;2;1422882971;|32625|295754
Generic.ascx;772619049;4;1423151400;|32627|296082
FESSummaryChart.ascx;1282973457;2;1453693781;|32628|341317
FESSummaryChart.ascx.cs;3003330926;4;1469426635;|32636|352097
Generic.ascx.cs;285060521;5;1469426635;|32634|353402
SearchFilter.ascx.cs;2185422625;5;1469426635;|32630|352099
