SCMBranch=USR-717
SCMRepository=User Interface/Task Time Tracker/Web/Shared/Configuration/FieldConfigurationModeAccessMode
SCMMainlineUUID={6a359bb0-6131-417f-b48a-3113b3a22182}
SCMBranchRepositoryID=14728
Clone.aspx.cs;3406321108;1;1394430877;|10356|134024
Details.aspx.cs;3970761106;1;1394430877;|10373|134041
Export.aspx;1678056404;2;1394430877;|10360|171527
Export.aspx.designer.cs;1287875382;2;1394430877;|10370|154959
Insert.aspx.cs;397894138;1;1394430877;|10367|134035
Update.aspx.cs;3983804912;1;1394430877;|10365|134033
CommonUpdate.aspx.cs;2568946917;4;1408639051;|10354|231519
Default.aspx;3199900476;4;1408639051;|10357|232649
InlineUpdate.aspx.cs;61138606;5;1408639051;|10369|231523
Default.aspx.cs;231194297;7;1409070503;|10379|234741
Clone.aspx;970953280;4;1410146597;|10377|243101
Clone.aspx.designer.cs;3234119894;2;1410146597;|10355|243102
CommonUpdate.aspx;3406351676;4;1410146597;|10378|243103
CommonUpdate.aspx.designer.cs;1515865925;2;1410146597;|10353|243104
Default.aspx.designer.cs;965482859;2;1410146597;|10376|238776
Delete.aspx;2752212461;5;1410146597;|10358|243105
Delete.aspx.designer.cs;2223643718;2;1410146597;|10374|243106
Details.aspx;2681378850;4;1410146597;|10359|243107
Details.aspx.designer.cs;2556395878;2;1410146597;|10372|243108
Export.aspx.cs;1257594609;7;1410146597;|10371|245855
InlineUpdate.aspx;1489109744;4;1410146597;|10361|243109
InlineUpdate.aspx.designer.cs;3895310917;2;1410146597;|10368|243110
Insert.aspx;956178915;4;1410146597;|10362|243111
Insert.aspx.designer.cs;3084527230;2;1410146597;|10366|243112
Update.aspx;730125883;4;1410146597;|10363|243113
Update.aspx.designer.cs;3603235968;2;1410146597;|10364|243114
Delete.aspx.cs;2978300108;7;1414437912;|10375|273836
