SCMBranch=USR-717
SCMRepository=User Interface/Task Time Tracker/Web/Scripts/Kendo/2014.1.318/cultures
SCMMainlineUUID={6a359bb0-6131-417f-b48a-3113b3a22182}
SCMBranchRepositoryID=26939
kendo.culture.af-ZA.min.js;2423049153;1;1410146569;|21101|243932
kendo.culture.af.min.js;4022799521;1;1410146569;|21102|243933
kendo.culture.am-ET.min.js;3328755710;1;1410146569;|21103|243934
kendo.culture.am.min.js;1014323384;1;1410146569;|21104|243935
kendo.culture.ar-AE.min.js;3899946922;1;1410146569;|21105|243936
kendo.culture.ar-BH.min.js;2503392944;1;1410146569;|21106|243937
kendo.culture.ar-DZ.min.js;4020034058;1;1410146569;|21107|243938
kendo.culture.ar-EG.min.js;2206114694;1;1410146570;|21108|243939
kendo.culture.ar-IQ.min.js;1554682450;1;1410146570;|21109|243940
kendo.culture.ar-JO.min.js;2889835886;1;1410146570;|21110|243941
kendo.culture.ar-KW.min.js;1490159514;1;1410146570;|21111|243942
kendo.culture.ar-LB.min.js;608267588;1;1410146570;|21320|244151
kendo.culture.ar-LY.min.js;3018192431;1;1410146570;|21113|243944
kendo.culture.ar-MA.min.js;2658432015;1;1410146570;|21114|243945
kendo.culture.ar-OM.min.js;3195108895;1;1410146570;|21115|243946
kendo.culture.ar-QA.min.js;3854402559;1;1410146570;|21116|243947
kendo.culture.ar-SA.min.js;2937747075;1;1410146570;|21117|243948
kendo.culture.ar-SY.min.js;3960156566;1;1410146570;|21118|243949
kendo.culture.ar-TN.min.js;3503324706;1;1410146570;|21119|243950
kendo.culture.ar-YE.min.js;1821645078;1;1410146570;|21120|243951
kendo.culture.ar.min.js;353261108;1;1410146570;|21121|243952
kendo.culture.arn-CL.min.js;1992061321;1;1410146570;|21122|243953
kendo.culture.arn.min.js;900770996;1;1410146570;|21123|243954
kendo.culture.as-IN.min.js;1431092209;1;1410146570;|21124|243955
kendo.culture.as.min.js;319356096;1;1410146570;|21125|243956
kendo.culture.az-Cyrl-AZ.min.js;4125394933;1;1410146570;|21126|243957
kendo.culture.az-Cyrl.min.js;3923639452;1;1410146570;|21127|243958
kendo.culture.az-Latn-AZ.min.js;420612063;1;1410146570;|21128|243959
kendo.culture.az-Latn.min.js;3680647009;1;1410146570;|21129|243960
kendo.culture.az.min.js;107548514;1;1410146570;|21130|243961
kendo.culture.ba-RU.min.js;4093338730;1;1410146570;|21131|243962
kendo.culture.ba.min.js;3136567532;1;1410146570;|21132|243963
kendo.culture.be-BY.min.js;1932554702;1;1410146570;|21133|243964
kendo.culture.be.min.js;223100058;1;1410146570;|21134|243965
kendo.culture.bg-BG.min.js;1049358627;1;1410146570;|21135|243966
kendo.culture.bg.min.js;1258052698;1;1410146570;|21136|243967
kendo.culture.bn-BD.min.js;4225806610;1;1410146570;|21137|243968
kendo.culture.bn-IN.min.js;978810085;1;1410146570;|21138|243969
kendo.culture.bn.min.js;2290648555;1;1410146570;|21139|243970
kendo.culture.bo-CN.min.js;2330599382;1;1410146570;|21140|243971
kendo.culture.bo.min.js;3654701685;1;1410146570;|21141|243972
kendo.culture.br-FR.min.js;2319834617;1;1410146570;|21142|243973
kendo.culture.br.min.js;249396936;1;1410146570;|21143|243974
kendo.culture.bs-Cyrl-BA.min.js;2810435656;1;1410146570;|21144|243975
kendo.culture.bs-Cyrl.min.js;6557791;1;1410146570;|21145|243976
kendo.culture.bs-Latn-BA.min.js;1548161195;1;1410146570;|21146|243977
kendo.culture.bs-Latn.min.js;524494408;1;1410146570;|21147|243978
kendo.culture.bs.min.js;1807929222;1;1410146570;|21148|243979
kendo.culture.ca-ES.min.js;2703041926;1;1410146570;|21149|243980
kendo.culture.ca.min.js;3280180006;1;1410146570;|21150|243981
kendo.culture.co-FR.min.js;2972575800;1;1410146570;|21151|243982
kendo.culture.co.min.js;2758160500;1;1410146570;|21152|243983
kendo.culture.cs-CZ.min.js;2416199029;1;1410146570;|21153|243984
kendo.culture.cs.min.js;2930343839;1;1410146570;|21154|243985
kendo.culture.cy-GB.min.js;3743723571;1;1410146570;|21155|243986
kendo.culture.cy.min.js;872299486;1;1410146570;|21156|243987
kendo.culture.da-DK.min.js;1612628980;1;1410146570;|21157|243988
kendo.culture.da.min.js;4114174410;1;1410146570;|21158|243989
kendo.culture.de-AT.min.js;3838866468;1;1410146570;|21159|243990
kendo.culture.de-CH.min.js;4013743255;1;1410146570;|21160|243991
kendo.culture.de-DE.min.js;332140607;1;1410146570;|21161|243992
kendo.culture.de-LI.min.js;2073014600;1;1410146570;|21162|243993
kendo.culture.de-LU.min.js;1339991737;1;1410146570;|21163|243994
kendo.culture.de.min.js;3152025243;1;1410146570;|21164|243995
kendo.culture.dsb-DE.min.js;3962058748;1;1410146570;|21165|243996
kendo.culture.dsb.min.js;135223803;1;1410146570;|21166|243997
kendo.culture.dv-MV.min.js;354207262;1;1410146570;|21167|243998
kendo.culture.dv.min.js;115139923;1;1410146570;|21168|243999
kendo.culture.el-GR.min.js;453354787;1;1410146570;|21169|244000
kendo.culture.el.min.js;3425461107;1;1410146570;|21170|244001
kendo.culture.en-029.min.js;1378263734;1;1410146570;|21171|244002
kendo.culture.en-AU.min.js;3341617549;1;1410146570;|21172|244003
kendo.culture.en-BZ.min.js;4097359942;1;1410146570;|21173|244004
kendo.culture.en-CA.min.js;4041625634;1;1410146570;|21174|244005
kendo.culture.en-GB.min.js;4209037158;1;1410146570;|21175|244006
kendo.culture.en-IE.min.js;2687636760;1;1410146570;|21176|244007
kendo.culture.en-IN.min.js;171068372;1;1410146570;|21177|244008
kendo.culture.en-JM.min.js;2603729353;1;1410146570;|21178|244009
kendo.culture.en-MY.min.js;2049206606;1;1410146570;|21179|244010
kendo.culture.en-NZ.min.js;2310828282;1;1410146570;|21180|244011
kendo.culture.en-PH.min.js;2440603891;1;1410146570;|21181|244012
kendo.culture.en-SG.min.js;1732252638;1;1410146570;|21182|244013
kendo.culture.en-TT.min.js;2505713200;1;1410146570;|21183|244014
kendo.culture.en-US.min.js;1569526870;1;1410146570;|21184|244015
kendo.culture.en-ZA.min.js;2023859352;1;1410146570;|21185|244016
kendo.culture.en-ZW.min.js;3720176845;1;1410146570;|21186|244017
kendo.culture.en.min.js;322092349;1;1410146570;|21187|244018
kendo.culture.es-AR.min.js;2963500367;1;1410146570;|21188|244019
kendo.culture.es-BO.min.js;2426832874;1;1410146570;|21189|244020
kendo.culture.es-CL.min.js;2119479689;1;1410146570;|21190|244021
kendo.culture.es-CO.min.js;2579535538;1;1410146570;|21191|244022
kendo.culture.es-CR.min.js;2522464157;1;1410146570;|21192|244023
kendo.culture.es-DO.min.js;2500391525;1;1410146570;|21193|244024
kendo.culture.es-EC.min.js;2778269834;1;1410146570;|21194|244025
kendo.culture.es-ES.min.js;2651756841;1;1410146570;|21195|244026
kendo.culture.es-GT.min.js;595130553;1;1410146570;|21196|244027
kendo.culture.es-HN.min.js;617875064;1;1410146570;|21197|244028
kendo.culture.es-MX.min.js;2117360001;1;1410146570;|21198|244029
kendo.culture.es-NI.min.js;1051959197;1;1410146570;|21199|244030
kendo.culture.es-PA.min.js;2685212216;1;1410146570;|21200|244031
kendo.culture.es-PE.min.js;3867942108;1;1410146571;|21201|244032
kendo.culture.es-PR.min.js;2406176653;1;1410146571;|21202|244033
kendo.culture.es-PY.min.js;4091081702;1;1410146571;|21203|244034
kendo.culture.es-SV.min.js;2994184800;1;1410146571;|21204|244035
kendo.culture.es-US.min.js;3004013970;1;1410146571;|21205|244036
kendo.culture.es-UY.min.js;1389046928;1;1410146571;|21206|244037
kendo.culture.es-VE.min.js;1823155911;1;1410146571;|21207|244038
kendo.culture.es.min.js;2948193360;1;1410146571;|21208|244039
kendo.culture.et-EE.min.js;2951365499;1;1410146571;|21209|244040
kendo.culture.et.min.js;1641563516;1;1410146571;|21210|244041
kendo.culture.eu-ES.min.js;3348222413;1;1410146571;|21211|244042
kendo.culture.eu.min.js;1372568363;1;1410146571;|21212|244043
kendo.culture.fa-IR.min.js;3671159756;1;1410146571;|21213|244044
kendo.culture.fa.min.js;3339216916;1;1410146571;|21214|244045
kendo.culture.fi-FI.min.js;2706276258;1;1410146571;|21215|244046
kendo.culture.fi.min.js;2140270810;1;1410146571;|21216|244047
kendo.culture.fil-PH.min.js;3441216019;1;1410146571;|21217|244048
kendo.culture.fil.min.js;942399896;1;1410146571;|21218|244049
kendo.culture.fo-FO.min.js;2749168873;1;1410146571;|21219|244050
kendo.culture.fo.min.js;3093984982;1;1410146571;|21220|244051
kendo.culture.fr-BE.min.js;3960773018;1;1410146571;|21221|244052
kendo.culture.fr-CA.min.js;358343444;1;1410146571;|21222|244053
kendo.culture.fr-CH.min.js;3472932944;1;1410146571;|21223|244054
kendo.culture.fr-FR.min.js;248298494;1;1410146571;|21224|244055
kendo.culture.fr-LU.min.js;2752166234;1;1410146571;|21225|244056
kendo.culture.fr-MC.min.js;4164760238;1;1410146571;|21226|244057
kendo.culture.fr.min.js;155885775;1;1410146571;|21227|244058
kendo.culture.fy-NL.min.js;2574084826;1;1410146571;|21228|244059
kendo.culture.fy.min.js;3117057705;1;1410146571;|21229|244060
kendo.culture.ga-IE.min.js;1578327945;1;1410146571;|21230|244061
kendo.culture.ga.min.js;2350513869;1;1410146571;|21231|244062
kendo.culture.gd-GB.min.js;2206576886;1;1410146571;|21232|244063
kendo.culture.gd.min.js;397925011;1;1410146571;|21233|244064
kendo.culture.gl-ES.min.js;3255051027;1;1410146571;|21234|244065
kendo.culture.gl.min.js;1900641043;1;1410146571;|21235|244066
kendo.culture.gsw-FR.min.js;2956121016;1;1410146571;|21236|244067
kendo.culture.gsw.min.js;2641776053;1;1410146571;|21237|244068
kendo.culture.gu-IN.min.js;1270308401;1;1410146571;|21238|244069
kendo.culture.gu.min.js;1299852552;1;1410146571;|21239|244070
kendo.culture.ha-Latn-NG.min.js;1149280335;1;1410146571;|21240|244071
kendo.culture.ha-Latn.min.js;2335958067;1;1410146571;|21241|244072
kendo.culture.ha.min.js;1136766086;1;1410146571;|21242|244073
kendo.culture.he-IL.min.js;328030227;1;1410146571;|21243|244074
kendo.culture.he.min.js;1730310435;1;1410146571;|21244|244075
kendo.culture.hi-IN.min.js;4112451084;1;1410146571;|21245|244076
kendo.culture.hi.min.js;779930504;1;1410146571;|21246|244077
kendo.culture.hr-BA.min.js;2754442625;1;1410146571;|21247|244078
kendo.culture.hr-HR.min.js;3601403843;1;1410146571;|21248|244079
kendo.culture.hr.min.js;3900897807;1;1410146571;|21249|244080
kendo.culture.hsb-DE.min.js;1430231188;1;1410146571;|21250|244081
kendo.culture.hsb.min.js;211915269;1;1410146571;|21251|244082
kendo.culture.hu-HU.min.js;2355531897;1;1410146571;|21252|244083
kendo.culture.hu.min.js;1924032287;1;1410146571;|21253|244084
kendo.culture.hy-AM.min.js;3175385458;1;1410146571;|21254|244085
kendo.culture.hy.min.js;1859526828;1;1410146571;|21255|244086
kendo.culture.id-ID.min.js;3349534258;1;1410146571;|21256|244087
kendo.culture.id.min.js;4239317168;1;1410146571;|21257|244088
kendo.culture.ig-NG.min.js;3582782205;1;1410146571;|21258|244089
kendo.culture.ig.min.js;1482265880;1;1410146571;|21259|244090
kendo.culture.ii-CN.min.js;1793903792;1;1410146571;|21260|244091
kendo.culture.ii.min.js;1585653484;1;1410146571;|21261|244092
kendo.culture.is-IS.min.js;971460179;1;1410146571;|21262|244093
kendo.culture.is.min.js;1149121735;1;1410146571;|21263|244094
kendo.culture.it-CH.min.js;3115453049;1;1410146571;|21264|244095
kendo.culture.it-IT.min.js;1671431296;1;1410146571;|21265|244096
kendo.culture.it.min.js;3071380176;1;1410146571;|21266|244097
kendo.culture.iu-Cans-CA.min.js;15464775;1;1410146571;|21267|244098
kendo.culture.iu-Cans.min.js;3199397376;1;1410146571;|21268|244099
kendo.culture.iu-Latn-CA.min.js;4240344894;1;1410146571;|21269|244100
kendo.culture.iu-Latn.min.js;1541108875;1;1410146571;|21270|244101
kendo.culture.iu.min.js;3285710596;1;1410146571;|21271|244102
kendo.culture.ja-JP.min.js;992005767;1;1410146571;|21272|244103
kendo.culture.ja.min.js;1372819261;1;1410146571;|21273|244104
kendo.culture.ka-GE.min.js;3204971088;1;1410146571;|21274|244105
kendo.culture.ka.min.js;2019596739;1;1410146571;|21275|244106
kendo.culture.kk-KZ.min.js;3741950040;1;1410146571;|21276|244107
kendo.culture.kk.min.js;3055491631;1;1410146571;|21277|244108
kendo.culture.kl-GL.min.js;1869788179;1;1410146571;|21278|244109
kendo.culture.kl.min.js;2113963520;1;1410146571;|21279|244110
kendo.culture.km-KH.min.js;2127486407;1;1410146571;|21280|244111
kendo.culture.km.min.js;3639344117;1;1410146571;|21281|244112
kendo.culture.kn-IN.min.js;4117180194;1;1410146571;|21282|244113
kendo.culture.kn.min.js;3328190520;1;1410146571;|21283|244114
kendo.culture.ko-KR.min.js;3199795730;1;1410146571;|21284|244115
kendo.culture.ko.min.js;1652315790;1;1410146571;|21285|244116
kendo.culture.kok-IN.min.js;3333626252;1;1410146571;|21286|244117
kendo.culture.kok.min.js;1653498229;1;1410146571;|21287|244118
kendo.culture.ky-KG.min.js;2235684998;1;1410146571;|21288|244119
kendo.culture.ky.min.js;915018293;1;1410146571;|21289|244120
kendo.culture.lb-LU.min.js;469363793;1;1410146571;|21290|244121
kendo.culture.lb.min.js;632926795;1;1410146571;|21291|244122
kendo.culture.lo-LA.min.js;1358747855;1;1410146571;|21292|244123
kendo.culture.lo.min.js;2293937638;1;1410146571;|21293|244124
kendo.culture.lt-LT.min.js;2559725202;1;1410146572;|21294|244125
kendo.culture.lt.min.js;1992350364;1;1410146572;|21295|244126
kendo.culture.lv-LV.min.js;773419257;1;1410146572;|21296|244127
kendo.culture.lv.min.js;512107591;1;1410146572;|21297|244128
kendo.culture.mi-NZ.min.js;1398247205;1;1410146572;|21298|244129
kendo.culture.mi.min.js;4069353193;1;1410146572;|21299|244130
kendo.culture.mk-MK.min.js;3748015827;1;1410146572;|21300|244131
kendo.culture.mk.min.js;1269255169;1;1410146572;|21301|244132
kendo.culture.ml-IN.min.js;3109482086;1;1410146572;|21302|244133
kendo.culture.ml.min.js;1954267857;1;1410146572;|21303|244134
kendo.culture.mn-Cyrl.min.js;1257752200;1;1410146572;|21304|244135
kendo.culture.mn-MN.min.js;3358371321;1;1410146572;|21305|244136
kendo.culture.mn-Mong-CN.min.js;392752732;1;1410146572;|21306|244137
kendo.culture.mn-Mong.min.js;1543156405;1;1410146572;|21307|244138
kendo.culture.mn.min.js;4160505355;1;1410146572;|21308|244139
kendo.culture.moh-CA.min.js;3148309133;1;1410146572;|21309|244140
kendo.culture.moh.min.js;426192126;1;1410146572;|21310|244141
kendo.culture.mr-IN.min.js;2017987994;1;1410146572;|21311|244142
kendo.culture.mr.min.js;2738436150;1;1410146572;|21312|244143
kendo.culture.ms-BN.min.js;1403537852;1;1410146572;|21313|244144
kendo.culture.ms-MY.min.js;1879628514;1;1410146572;|21314|244145
kendo.culture.ms.min.js;3620924056;1;1410146572;|21315|244146
kendo.culture.mt-MT.min.js;889702455;1;1410146572;|21316|244147
kendo.culture.mt.min.js;177098266;1;1410146572;|21317|244148
kendo.culture.nb-NO.min.js;3476020316;1;1410146572;|21318|244149
kendo.culture.nb.min.js;1615973290;1;1410146572;|21319|244150
kendo.culture.ne-NP.min.js;1368912995;1;1410146572;|21051|243882
kendo.culture.ne.min.js;2718359141;1;1410146572;|21321|244152
kendo.culture.nl-BE.min.js;3005242609;1;1410146572;|21322|244153
kendo.culture.nl-NL.min.js;3339545359;1;1410146572;|21323|244154
kendo.culture.nl.min.js;2684237418;1;1410146572;|21324|244155
kendo.culture.nn-NO.min.js;232724292;1;1410146572;|21325|244156
kendo.culture.nn.min.js;1842382202;1;1410146572;|21326|244157
kendo.culture.no.min.js;3470935042;1;1410146572;|21327|244158
kendo.culture.nso-ZA.min.js;4065049937;1;1410146572;|21328|244159
kendo.culture.nso.min.js;2791481558;1;1410146572;|21329|244160
kendo.culture.oc-FR.min.js;3359272620;1;1410146572;|21330|244161
kendo.culture.oc.min.js;3098688050;1;1410146572;|21331|244162
kendo.culture.or-IN.min.js;2217133594;1;1410146572;|21332|244163
kendo.culture.or.min.js;642318181;1;1410146572;|21333|244164
kendo.culture.pa-IN.min.js;2791639382;1;1410146572;|21334|244165
kendo.culture.pa.min.js;3105055536;1;1410146572;|21335|244166
kendo.culture.pl-PL.min.js;1454165061;1;1410146572;|21336|244167
kendo.culture.pl.min.js;1402916396;1;1410146572;|21337|244168
kendo.culture.prs-AF.min.js;4169566965;1;1410146572;|21338|244169
kendo.culture.prs.min.js;1861150491;1;1410146572;|21339|244170
kendo.culture.ps-AF.min.js;2998479425;1;1410146572;|21340|244171
kendo.culture.ps.min.js;741795381;1;1410146572;|21341|244172
kendo.culture.pt-BR.min.js;1868990078;1;1410146572;|21342|244173
kendo.culture.pt-PT.min.js;3509771752;1;1410146572;|21343|244174
kendo.culture.pt.min.js;4279256048;1;1410146572;|21344|244175
kendo.culture.qut-GT.min.js;724627450;1;1410146572;|21345|244176
kendo.culture.qut.min.js;1230537052;1;1410146572;|21346|244177
kendo.culture.quz-BO.min.js;3856411883;1;1410146572;|21347|244178
kendo.culture.quz-EC.min.js;2567114103;1;1410146572;|21348|244179
kendo.culture.quz-PE.min.js;4012246892;1;1410146572;|21349|244180
kendo.culture.quz.min.js;287022108;1;1410146572;|21350|244181
kendo.culture.rm-CH.min.js;3202959271;1;1410146572;|21351|244182
kendo.culture.rm.min.js;3373437077;1;1410146572;|21352|244183
kendo.culture.ro-RO.min.js;4233842555;1;1410146572;|21353|244184
kendo.culture.ro.min.js;1690844006;1;1410146572;|21354|244185
kendo.culture.ru-RU.min.js;1128837971;1;1410146572;|21355|244186
kendo.culture.ru-UA.min.js;1843568169;1;1410146572;|21356|244187
kendo.culture.ru.min.js;835547061;1;1410146572;|21357|244188
kendo.culture.rw-RW.min.js;4258547041;1;1410146572;|21358|244189
kendo.culture.rw.min.js;2321807585;1;1410146572;|21359|244190
kendo.culture.sa-IN.min.js;2953851577;1;1410146572;|21360|244191
kendo.culture.sa.min.js;2279910444;1;1410146572;|21361|244192
kendo.culture.sah-RU.min.js;830573349;1;1410146572;|21362|244193
kendo.culture.sah.min.js;199158413;1;1410146572;|21363|244194
kendo.culture.se-FI.min.js;2924997851;1;1410146572;|21364|244195
kendo.culture.se-NO.min.js;2873191467;1;1410146572;|21365|244196
kendo.culture.se-SE.min.js;274753662;1;1410146572;|21366|244197
kendo.culture.se.min.js;21985635;1;1410146572;|21367|244198
kendo.culture.si-LK.min.js;628190759;1;1410146572;|21368|244199
kendo.culture.si.min.js;975953203;1;1410146572;|21369|244200
kendo.culture.sk-SK.min.js;628468939;1;1410146572;|21370|244201
kendo.culture.sk.min.js;1668396896;1;1410146572;|21371|244202
kendo.culture.sl-SI.min.js;904047579;1;1410146572;|21372|244203
kendo.culture.sl.min.js;1623548785;1;1410146572;|21373|244204
kendo.culture.sma-NO.min.js;4056950225;1;1410146572;|21374|244205
kendo.culture.sma-SE.min.js;3394427435;1;1410146572;|21375|244206
kendo.culture.sma.min.js;3234876379;1;1410146572;|21376|244207
kendo.culture.smj-NO.min.js;1835309893;1;1410146572;|21377|244208
kendo.culture.smj-SE.min.js;1325282924;1;1410146572;|21378|244209
kendo.culture.smj.min.js;888221973;1;1410146572;|21379|244210
kendo.culture.smn-FI.min.js;4256247267;1;1410146572;|21380|244211
kendo.culture.smn.min.js;2745532734;1;1410146572;|21381|244212
kendo.culture.sms-FI.min.js;3403234082;1;1410146572;|21382|244213
kendo.culture.sms.min.js;3816305441;1;1410146572;|21383|244214
kendo.culture.sq-AL.min.js;1325552181;1;1410146572;|21384|244215
kendo.culture.sq.min.js;3894309055;1;1410146572;|21385|244216
kendo.culture.sr-Cyrl-BA.min.js;2042797948;1;1410146572;|21386|244217
kendo.culture.sr-Cyrl-CS.min.js;1375726134;1;1410146572;|21387|244218
kendo.culture.sr-Cyrl-ME.min.js;3037829630;1;1410146572;|21388|244219
kendo.culture.sr-Cyrl-RS.min.js;800831491;1;1410146572;|21389|244220
kendo.culture.sr-Cyrl.min.js;4253891108;1;1410146572;|21390|244221
kendo.culture.sr-Latn-BA.min.js;2750617219;1;1410146572;|21391|244222
kendo.culture.sr-Latn-CS.min.js;3671889032;1;1410146572;|21392|244223
kendo.culture.sr-Latn-ME.min.js;3350625188;1;1410146572;|21393|244224
kendo.culture.sr-Latn-RS.min.js;3903188995;1;1410146572;|21394|244225
kendo.culture.sr-Latn.min.js;2156416695;1;1410146572;|21395|244226
kendo.culture.sr.min.js;3384647006;1;1410146572;|21396|244227
kendo.culture.sv-FI.min.js;3714401912;1;1410146572;|21397|244228
kendo.culture.sv-SE.min.js;2847147383;1;1410146572;|21398|244229
kendo.culture.sv.min.js;3976194953;1;1410146572;|21399|244230
kendo.culture.sw-KE.min.js;1614363774;1;1410146572;|21400|244231
kendo.culture.sw.min.js;3558373364;1;1410146572;|21401|244232
kendo.culture.syr-SY.min.js;2852441062;1;1410146572;|21402|244233
kendo.culture.syr.min.js;2050042888;1;1410146572;|21403|244234
kendo.culture.ta-IN.min.js;1524746819;1;1410146572;|21404|244235
kendo.culture.ta.min.js;2096383987;1;1410146573;|21112|243943
kendo.culture.te-IN.min.js;4106836953;1;1410146573;|21100|243931
kendo.culture.te.min.js;1629880057;1;1410146573;|21099|243930
kendo.culture.tg-Cyrl-TJ.min.js;2822453401;1;1410146573;|21098|243929
kendo.culture.tg-Cyrl.min.js;4192048625;1;1410146573;|21097|243928
kendo.culture.tg.min.js;3280167884;1;1410146573;|21096|243927
kendo.culture.th-TH.min.js;4186070894;1;1410146573;|21095|243926
kendo.culture.th.min.js;616142312;1;1410146573;|21094|243925
kendo.culture.tk-TM.min.js;326738289;1;1410146573;|21093|243924
kendo.culture.tk.min.js;2481279218;1;1410146573;|21092|243923
kendo.culture.tn-ZA.min.js;1352104061;1;1410146573;|21091|243922
kendo.culture.tn.min.js;3984037971;1;1410146573;|21090|243921
kendo.culture.tr-TR.min.js;243814463;1;1410146573;|21089|243920
kendo.culture.tr.min.js;1607221838;1;1410146573;|21088|243919
kendo.culture.tt-RU.min.js;936917942;1;1410146573;|21087|243918
kendo.culture.tt.min.js;2812813508;1;1410146573;|21086|243917
kendo.culture.tzm-Latn-DZ.min.js;4146306281;1;1410146573;|21085|243916
kendo.culture.tzm-Latn.min.js;1886592281;1;1410146573;|21084|243915
kendo.culture.tzm.min.js;2311908629;1;1410146573;|21083|243914
kendo.culture.ug-CN.min.js;293383704;1;1410146573;|21082|243913
kendo.culture.ug.min.js;3499705377;1;1410146573;|21081|243912
kendo.culture.uk-UA.min.js;1526177239;1;1410146573;|21080|243911
kendo.culture.uk.min.js;2810671759;1;1410146573;|21079|243910
kendo.culture.ur-PK.min.js;2022763320;1;1410146573;|21078|243909
kendo.culture.ur.min.js;1537501029;1;1410146573;|21077|243908
kendo.culture.uz-Cyrl-UZ.min.js;141765571;1;1410146573;|21076|243907
kendo.culture.uz-Cyrl.min.js;2546584477;1;1410146573;|21075|243906
kendo.culture.uz-Latn-UZ.min.js;2024622290;1;1410146573;|21074|243905
kendo.culture.uz-Latn.min.js;2900418433;1;1410146573;|21073|243904
kendo.culture.uz.min.js;3115911052;1;1410146573;|21072|243903
kendo.culture.vi-VN.min.js;1839211505;1;1410146573;|21071|243902
kendo.culture.vi.min.js;4177077944;1;1410146573;|21070|243901
kendo.culture.wo-SN.min.js;3134856035;1;1410146573;|21069|243900
kendo.culture.wo.min.js;1434664392;1;1410146573;|21068|243899
kendo.culture.xh-ZA.min.js;500874289;1;1410146573;|21067|243898
kendo.culture.xh.min.js;3109081255;1;1410146573;|21066|243897
kendo.culture.yo-NG.min.js;874105508;1;1410146573;|21065|243896
kendo.culture.yo.min.js;2948277946;1;1410146573;|21064|243895
kendo.culture.zh-CHS.min.js;214333576;1;1410146573;|21063|243894
kendo.culture.zh-CHT.min.js;917484964;1;1410146573;|21062|243893
kendo.culture.zh-CN.min.js;1986303649;1;1410146573;|21061|243892
kendo.culture.zh-Hans.min.js;678363084;1;1410146573;|21060|243891
kendo.culture.zh-Hant.min.js;1645240405;1;1410146573;|21059|243890
kendo.culture.zh-HK.min.js;393092090;1;1410146573;|21058|243889
kendo.culture.zh-MO.min.js;269997714;1;1410146578;|21057|243888
kendo.culture.zh-SG.min.js;1425053848;1;1410146578;|21056|243887
kendo.culture.zh-TW.min.js;4120638098;1;1410146578;|21055|243886
kendo.culture.zh.min.js;3842806292;1;1410146578;|21054|243885
kendo.culture.zu-ZA.min.js;2648263943;1;1410146578;|21053|243884
kendo.culture.zu.min.js;3976562792;1;1410146578;|21052|243883
