SCMBranch=USR-717
SCMRepository=User Interface/Task Time Tracker/Web/app/BM/DayCare/services/Gen
SCMMainlineUUID={6a359bb0-6131-417f-b48a-3113b3a22182}
SCMBranchRepositoryID=35729
scheduleService.js;645021936;1;1439350565;|40109|324820
WorkSchedules.cs;1566315191;1;1439350565;|40107|324818
courseService.js;3273005051;1;1439869185;|40292|325856
departmentService.js;2894492613;1;1439869185;|40293|325857
discountService.js;2177947526;1;1439869185;|40295|325859
eventTypeService.js;4037835816;1;1439869185;|40289|325853
foodTypeService.js;951456377;1;1439869185;|40288|325852
needItemService.js;4153773606;1;1439869185;|40286|325850
paymentMethodService.js;3277239006;1;1439869185;|40285|325849
ReferenceData.cs;1566315191;1;1439869185;|40284|325848
ReferenceData.tt;1975436994;2;1447819265;|40291|336058
accidentPlaceService.js;1997433935;1;1450840083;|41053|339160
accidentReportService.js;3220857380;1;1450840083;|41054|339161
activitySubTypeService.js;1302085545;2;1450840083;|40290|339310
activityTypeService.js;3698943733;2;1450840083;|40283|339311
bathRoomService.js;3664767851;1;1450840083;|41052|339159
commentService.js;1247051920;1;1450840083;|41051|339158
Core.cs;1566315191;1;1450840083;|41050|339157
Core.tt;3910046476;1;1450840083;|41042|339149
diaperStatusService.js;1547542690;2;1450840083;|40294|339312
mealDetailService.js;3648380054;1;1450840083;|41049|339156
mealService.js;3341509407;1;1450840083;|41043|339150
mealTypeService.js;2212536435;2;1450840083;|40287|339313
scheduleDetailActivityCategoryService.js;2416703823;2;1450840083;|40111|339100
scheduleDetailService.js;3243771343;2;1450840083;|40110|339101
scheduleStateService.js;2626759729;2;1450840083;|40108|339102
sickReportService.js;3276271585;1;1450840083;|41048|339155
sleepService.js;1529796687;1;1450840083;|41047|339154
studentService.js;2449028108;1;1450840083;|41046|339153
teacherService.js;1684280989;1;1450840083;|41045|339235
tuitionService.js;1850785121;1;1450840083;|41044|339151
Enrollment.cs;1566315191;1;1451535729;|41115|339859
Enrollment.tt;3408094242;1;1451535729;|41116|339860
registrationService.js;2486096371;2;1451535729;|40296|339934
VacationPlan.cs;1566315191;1;1454649028;|41156|341892
VacationPlan.tt;3345007566;1;1454649028;|41157|341893
vacationPlanService.js;1360292696;1;1454649028;|41158|341894
WorkSchedules.tt;470101861;3;1454667562;|40106|341992
Classes.cs;1566315191;1;1457064384;|41254|342884
classInstanceService.js;1280490331;1;1457064384;|41255|342885
Classes.tt;1399328284;2;1457323678;|41253|342986
courseInstanceService.js;2043016629;1;1457323678;|41274|342963
subjectMatterService.js;3464257108;1;1457323678;|41273|342962
