SCMBranch=USR-717
SCMRepository=User Interface/Task Time Tracker/Web/Shared/Admin/TypeOfIssue/Controls
SCMMainlineUUID={6a359bb0-6131-417f-b48a-3113b3a22182}
SCMBranchRepositoryID=5530
Details.ascx.designer.cs;1472918792;3;1394430865;|1526|154648
Generic.ascx.designer.cs;1230720164;3;1394430865;|1524|18205
List.ascx.designer.cs;2865660121;1;1394430865;|1522|1522
SearchFilter.ascx.designer.cs;2249760408;5;1394430865;|1532|82221
Validation.xml;1574037634;1;1394430865;|1531|1531
Generic.ascx;1234088166;6;1401244930;|1533|193431
List.ascx;84834705;2;1401244930;|1529|193432
SearchFilter.ascx;572681251;12;1401244930;|1530|195317
Details.ascx;3836296404;5;1401678839;|1528|200155
Details.ascx.cs;2097009637;11;1410146585;|1527|245365
List.ascx.cs;4063074763;7;1410146585;|1523|245367
Generic.ascx.cs;1027109591;17;1469426679;|1525|351702
SearchFilter.ascx.cs;2839468586;16;1469426679;|1521|353333
