SCMBranch=USR-717
SCMRepository=User Interface/Task Time Tracker/Web/Shared/QualityAssurance/ModuleOwner/Controls
SCMMainlineUUID={6a359bb0-6131-417f-b48a-3113b3a22182}
SCMBranchRepositoryID=12143
DynSearchFilter.ascx.designer.cs;3919056288;2;1377055539;|9467|80315
DynSearchFilter.ascx;902257547;3;1377487302;|9469|81360
DynSearchFilter.ascx.cs;2419046874;4;1379586529;|9468|104012
Details.ascx.designer.cs;802926343;2;1394430902;|6885|155064
List.ascx.cs;1629993028;4;1394430902;|6889|141166
List.ascx.designer.cs;854792723;1;1394430902;|6888|23648
Validation.xml;3270855030;1;1394430902;|6883|23643
Generic.ascx.cs;341015106;16;1400469284;|6891|189477
Generic.ascx.designer.cs;2141544487;2;1400469284;|6890|189478
MOStatChart.ascx;2945888109;1;1400469284;|17959|189440
MOStatChart.ascx.cs;3341098247;1;1400469284;|17960|189441
MOStatChart.ascx.designer.cs;3106441151;1;1400469284;|17961|189442
MOStatGrid.ascx;1698566362;1;1400469284;|17964|189445
MOStatGrid.ascx.cs;4172484746;1;1400469284;|17962|189443
MOStatGrid.ascx.designer.cs;2771117182;1;1400469284;|17963|189444
Generic.ascx;1327930069;5;1401244949;|6880|193966
List.ascx;1953573852;2;1401244949;|6881|193967
Details.ascx;1258958883;5;1401678849;|6879|200422
Details.ascx.cs;2192867904;10;1401678849;|6884|200423
SearchFilter.ascx;4179379012;21;1405544898;|6882|213426
SearchFilter.ascx.cs;1858705036;27;1405544898;|6887|213427
SearchFilter.ascx.designer.cs;1726679984;7;1405544898;|6886|213428
