SCMBranch=USR-717
SCMRepository=User Interface/Task Time Tracker/Web/Configuration/ApplicationRoute
SCMMainlineUUID={6a359bb0-6131-417f-b48a-3113b3a22182}
SCMBranchRepositoryID=29102
Clone.aspx.cs;3473003017;1;1417403876;|27756|278340
Clone.aspx.designer.cs;1881394184;1;1417403876;|27757|278341
CommonUpdate.aspx;13519600;1;1417403876;|27764|278348
CommonUpdate.aspx.designer.cs;601123226;1;1417403876;|27759|278343
Default.aspx.cs;1679074754;1;1417403876;|27769|278353
Default.aspx.designer.cs;2735840548;1;1417403876;|27768|278352
Delete.aspx.cs;2640276204;1;1417403876;|27767|278351
Delete.aspx.designer.cs;1754966590;1;1417403876;|27766|278350
Details.aspx.cs;4201362608;1;1417403876;|27765|278349
Details.aspx.designer.cs;3565448706;1;1417403876;|27763|278347
InlineUpdate.aspx;147501129;1;1417403876;|27746|278330
InlineUpdate.aspx.designer.cs;846811345;1;1417403876;|27761|278345
Insert.aspx.cs;1472193100;1;1417403876;|27760|278344
Insert.aspx.designer.cs;346231871;1;1417403876;|27752|278336
Settings.aspx;197332953;1;1417403876;|27748|278332
Settings.aspx.designer.cs;3754725370;1;1417403876;|27754|278338
Update.aspx.cs;325960834;1;1417403876;|27755|278339
Update.aspx.designer.cs;4093480299;1;1417403876;|27770|278354
Clone.aspx;2392936982;2;1417540915;|27750|280225
Default.aspx;2226900756;2;1417540915;|27751|280226
Delete.aspx;1162944864;2;1417540915;|27744|280227
Insert.aspx;2225365011;2;1417540915;|27747|280229
Settings.aspx.cs;959723579;2;1417540915;|27753|280230
Details.aspx;289278702;3;1419542777;|27745|290725
Update.aspx;3883330497;2;1419542777;|27749|290726
InlineUpdate.aspx.cs;318976594;2;1464838855;|27762|349168
CommonUpdate.aspx.cs;2588128371;3;1493092258;|27758|357796
