SCMBranch=USR-717
SCMRepository=User Interface/Task Time Tracker/Web/Shared/ApplicationDevelopment/FunctionalityXFunctionalityActiveStatus/Controls
SCMMainlineUUID={6a359bb0-6131-417f-b48a-3113b3a22182}
SCMBranchRepositoryID=22793
Validation.xml;3687457457;1;1405911750;|19864|214298
Details.ascx;4252443561;2;1406094031;|19860|219443
Details.ascx.designer.cs;2926782609;2;1406094031;|19857|219445
Generic.ascx;1419471320;2;1406094031;|19861|219446
Generic.ascx.designer.cs;4171835469;2;1406094031;|19855|219448
List.ascx;4135294876;2;1406094031;|19862|219449
List.ascx.designer.cs;2709865;2;1406094031;|19865|219451
SearchFilter.ascx.designer.cs;3246521631;2;1406094031;|19859|219454
SearchFilter.ascx;3557620208;3;1406825965;|19863|223205
List.ascx.cs;930813702;3;1408465043;|19854|226796
Details.ascx.cs;4199579803;4;1410146589;|19858|247842
Generic.ascx.cs;3372801243;5;1414437902;|19856|273663
SearchFilter.ascx.cs;3410525040;7;1414437902;|19853|273664
