SCMBranch=USR-717
SCMRepository=User Interface/Task Time Tracker/Web/Shared/Configuration/ThemeKey/Controls
SCMMainlineUUID={6a359bb0-6131-417f-b48a-3113b3a22182}
SCMBranchRepositoryID=14800
Details.ascx.designer.cs;4207048749;3;1394430884;|10594|154990
List.ascx.designer.cs;3920663051;2;1394430884;|10591|135417
List.ascx;1824060475;3;1401244936;|10598|193873
Details.ascx;4069955915;6;1401678844;|10602|200381
SearchFilter.ascx.designer.cs;2062482941;3;1405544891;|10600|213173
SearchFilter.ascx;4001953593;9;1406825972;|10601|223222
List.ascx.cs;3531354904;7;1408591366;|10597|228523
Generic.ascx;1515472600;6;1412565131;|10592|255147
Generic.ascx.designer.cs;82802097;3;1412565131;|10596|255148
Details.ascx.cs;66343918;9;1414437923;|10593|273716
SearchFilter.ascx.cs;967593778;11;1414437923;|10599|273717
Generic.ascx.cs;1423374574;7;1415243834;|10595|275025
