SCMBranch=USR-717
SCMRepository=User Interface/Task Time Tracker/Web/Shared/Configuration/FieldConfiguration
SCMMainlineUUID={6a359bb0-6131-417f-b48a-3113b3a22182}
SCMBranchRepositoryID=12652
Clone.aspx.cs;1391808163;8;1394430876;|8115|111354
Details.aspx.cs;511186170;8;1394430876;|8107|120452
Export.aspx;1568734861;2;1394430876;|8096|119002
Export.aspx.designer.cs;2632987753;2;1394430876;|8104|155233
FieldConfigurationDisplayNameDataModel.cs;17864673;1;1394430876;|11478|146260
Insert.aspx.cs;233382718;9;1394430876;|8116|111355
Settings.aspx.designer.cs;2620557909;2;1394430877;|8090|156396
Update.aspx.cs;994069860;16;1394430877;|8089|155234
Settings.aspx;2970595034;4;1401678842;|8099|201774
Default.aspx;93273745;9;1408639051;|8093|233818
Clone.aspx;3149584381;5;1410146596;|8117|250747
Clone.aspx.designer.cs;4018213322;3;1410146596;|8114|250748
CommonUpdate.aspx;11021028;5;1410146596;|8101|250749
CommonUpdate.aspx.cs;961543931;16;1410146596;|8113|250750
CommonUpdate.aspx.designer.cs;2571826718;3;1410146596;|8112|250751
Default.aspx.cs;2609537372;23;1410146596;|8111|250753
Default.aspx.designer.cs;1875381727;6;1410146596;|8110|250754
Delete.aspx;3798559198;6;1410146596;|8094|250755
Delete.aspx.designer.cs;57983168;3;1410146596;|8108|250756
Details.aspx;3891791008;6;1410146596;|8095|250757
Details.aspx.designer.cs;3875746511;3;1410146596;|8106|250758
Export.aspx.cs;513365972;10;1410146596;|8105|250759
InlineUpdate.aspx;700145997;5;1410146596;|8097|250760
InlineUpdate.aspx.cs;3384018742;12;1410146596;|8103|250761
InlineUpdate.aspx.designer.cs;1814961807;3;1410146596;|8102|250762
Insert.aspx;547213376;5;1410146597;|8098|250763
Insert.aspx.designer.cs;2404118172;3;1410146597;|8092|250764
Settings.aspx.cs;1493674613;2;1410146597;|8091|250765
Update.aspx;3474667742;8;1410146597;|8100|250766
Update.aspx.designer.cs;2024721873;3;1410146597;|8088|250767
Delete.aspx.cs;32751731;16;1414437912;|8109|273834
