SCMBranch=USR-717
SCMRepository=User Interface/Task Time Tracker/Web/Content/bootstrap/mixins
SCMMainlineUUID={6a359bb0-6131-417f-b48a-3113b3a22182}
SCMBranchRepositoryID=32687
alerts.less;266560569;1;1424201796;|35291|296223
background-variant.less;2479238785;1;1424201796;|35293|296225
border-radius.less;4014983635;1;1424201796;|35292|296224
buttons.less;440270273;1;1424201796;|35290|296222
center-block.less;368672616;1;1424201796;|35289|296221
clearfix.less;282667559;1;1424201796;|35288|296220
forms.less;2183115261;1;1424201796;|35287|296219
gradients.less;3198089250;1;1424201796;|35286|296218
grid-framework.less;793339586;1;1424201796;|35285|296217
grid.less;2497162019;1;1424201796;|35284|296216
hide-text.less;389206593;1;1424201796;|35283|296215
image.less;783767619;1;1424201796;|35282|296214
labels.less;1849604779;1;1424201796;|35281|296213
list-group.less;4231253450;1;1424201796;|35280|296212
nav-divider.less;602007003;1;1424201796;|35279|296211
nav-vertical-align.less;3662976475;1;1424201796;|35278|296210
opacity.less;1178329925;1;1424201796;|35277|296209
pagination.less;1091164652;1;1424201796;|35276|296208
panels.less;3667611987;1;1424201796;|35294|296226
progress-bar.less;1253708971;1;1424201796;|35275|296207
reset-filter.less;390143523;1;1424201796;|35274|296206
resize.less;3082405841;1;1424201796;|35273|296205
responsive-visibility.less;2294987189;1;1424201817;|35272|296204
size.less;3530085593;1;1424201817;|35271|296203
tab-focus.less;2725055601;1;1424201817;|35270|296202
table-row.less;176002993;1;1424201817;|35269|296201
text-emphasis.less;707567632;1;1424201817;|35266|296198
text-overflow.less;2869890224;1;1424201817;|35267|296199
vendor-prefixes.less;3158588972;1;1424201817;|35268|296200
