SCMBranch=USR-717
SCMRepository=User Interface/Task Time Tracker/Web/Shared/ApplicationDevelopment/FunctionalityPriority/Controls
SCMMainlineUUID={6a359bb0-6131-417f-b48a-3113b3a22182}
SCMBranchRepositoryID=22789
Validation.xml;3687457457;1;1405911749;|19780|214214
Details.ascx;693183169;2;1406094030;|19784|219366
Details.ascx.designer.cs;4162587535;2;1406094030;|19773|219368
List.ascx;1504828728;2;1406094030;|19782|219372
List.ascx.designer.cs;4088658381;2;1406094030;|19777|219374
SearchFilter.ascx;2718610209;3;1406172425;|19781|219751
SearchFilter.ascx.cs;3543367977;4;1407174379;|19778|223670
List.ascx.cs;2762672422;3;1408379788;|19776|226025
Details.ascx.cs;3950461087;4;1410146589;|19785|247840
Generic.ascx;3223642402;3;1412634007;|19783|256215
Generic.ascx.cs;1904995773;4;1412634007;|19774|256216
Generic.ascx.designer.cs;1124347280;3;1412634007;|19775|256217
SearchFilter.ascx.designer.cs;2514569104;4;1413170140;|19779|263678
