SCMBranch=USR-717
SCMRepository=User Interface/Task Time Tracker/Web/MA/ApplicationDevelopment/FunctionalityEntityStatusArchive
SCMMainlineUUID={6a359bb0-6131-417f-b48a-3113b3a22182}
SCMBranchRepositoryID=30755
Default.aspx.cs;3255680223;1;1418613667;|32646|285224
Default.aspx.designer.cs;3607779067;1;1418613667;|32645|285223
Details.aspx.cs;135306536;1;1418613667;|32644|285222
Details.aspx.designer.cs;1628700001;1;1418613667;|32643|285221
Export.aspx;2829869512;1;1418613667;|32649|285227
Export.aspx.cs;2057363135;1;1418613667;|32642|285220
Export.aspx.designer.cs;1440588581;1;1418613667;|32641|285219
Settings.aspx;2410342938;1;1418613667;|32650|285228
Settings.aspx.cs;102728764;1;1418613667;|32640|285218
Settings.aspx.designer.cs;2252841374;1;1418613667;|32639|285217
Default.aspx;1412219389;3;1418752887;|32647|288985
Details.aspx;3198873592;2;1419542781;|32648|290783
