SCMBranch=USR-717
SCMRepository=User Interface/Task Time Tracker/Web/MA/ApplicationDevelopment/FunctionalityXFunctionalityImage
SCMMainlineUUID={6a359bb0-6131-417f-b48a-3113b3a22182}
SCMBranchRepositoryID=30773
Clone.aspx.cs;4244520870;1;1418613669;|32972|285550
Clone.aspx.designer.cs;3183171502;1;1418613669;|32953|285531
CrossReference.aspx;2057766954;1;1418613669;|32948|285526
CrossReference.aspx.cs;2248540126;1;1418613669;|32947|285525
CrossReference.aspx.designer.cs;2177227210;1;1418613669;|32946|285524
Default.aspx.cs;638901942;1;1418613670;|32960|285538
Default.aspx.designer.cs;1690829994;1;1418613670;|32971|285549
Delete.aspx.cs;2556037152;1;1418613670;|32970|285548
Delete.aspx.designer.cs;4088102032;1;1418613670;|32969|285547
Details.aspx.designer.cs;3026263038;1;1418613670;|32967|285545
Export.aspx;1268931905;1;1418613670;|32952|285530
Export.aspx.cs;3828830570;1;1418613670;|32966|285544
Export.aspx.designer.cs;1566498814;1;1418613670;|32965|285543
FunctionalityView.aspx;1287222036;1;1418613670;|32961|285539
FunctionalityView.aspx.cs;3334194658;1;1418613670;|32964|285542
FunctionalityView.aspx.designer.cs;1222242951;1;1418613670;|32955|285533
Insert.aspx.cs;3274815520;1;1418613670;|32959|285537
Update.aspx.cs;3733454639;1;1418613670;|32957|285535
Update.aspx.designer.cs;854047766;1;1418613670;|32956|285534
Clone.aspx;245944434;3;1418752897;|32954|289020
Default.aspx;417437192;3;1418752897;|32949|289021
Delete.aspx;69705852;3;1418752897;|32950|289022
Insert.aspx;106930434;3;1418752897;|32962|289023
Insert.aspx.designer.cs;3992430217;2;1418752897;|32958|289024
Details.aspx;3548030660;2;1419542781;|32951|290799
Update.aspx;1195177497;4;1419542781;|32963|290800
Details.aspx.cs;1910529902;2;1447042478;|32968|335272
