SCMBranch=USR-717
SCMRepository=User Interface/Task Time Tracker/Web/Shared/Controls/Bucket
SCMMainlineUUID={6a359bb0-6131-417f-b48a-3113b3a22182}
SCMBranchRepositoryID=22800
Bucket.ascx;2702620306;1;1405911756;|20021|214656
Bucket.ascx.designer.cs;992245023;1;1405911756;|20022|214657
BucketFor3.ascx;945208130;1;1405911756;|20027|214662
BucketFor3.ascx.designer.cs;3699088180;1;1405911756;|20024|214659
ReadOnlyBucket.ascx;647658010;1;1405911756;|20028|214663
ReadOnlyBucket.ascx.designer.cs;1529441104;1;1405911756;|20026|214661
Bucket.ascx.cs;2452289398;4;1447300181;|20029|335849
BucketFor3.ascx.cs;3063502963;4;1447300181;|20023|335850
ReadOnlyBucket.ascx.cs;2110271018;4;1447300181;|20025|335851
