SCMBranch=USR-717
SCMRepository=User Interface/Task Time Tracker/Web/Content/AjaxControlToolkit/Styles
SCMMainlineUUID={6a359bb0-6131-417f-b48a-3113b3a22182}
SCMBranchRepositoryID=35532
HtmlEditor.Popups.AttachedTemplatePopup.min.css;523512172;3;1442381557;|39582|4294967295
BalloonPopup.Cloud.min.css;4274435232;3;1442381558;|39558|4294967295
AjaxFileUpload.css;4026543498;3;1442383379;|39602|331123
AjaxFileUpload.min.css;2451896195;3;1442383379;|39603|331124
AreaChart.css;2855636790;3;1442383379;|39604|331125
AreaChart.min.css;2009034527;3;1442383379;|39601|331126
Backgrounds.css;853475422;3;1442383379;|39555|331127
Backgrounds.min.css;4068046833;3;1442383379;|39556|331128
BalloonPopup.Cloud.css;2543140597;3;1442383379;|39557|331129
BalloonPopup.Rectangle.css;4129166122;3;1442383379;|39559|331131
BalloonPopup.Rectangle.min.css;4179418680;3;1442383379;|39560|331132
BarChart.css;1664869157;3;1442383379;|39561|331133
BarChart.min.css;731445835;3;1442383379;|39562|331134
BubbleChart.css;500401785;3;1442383379;|39563|331135
BubbleChart.min.css;710169005;3;1442383379;|39564|331136
Calendar.css;2725555467;3;1442383379;|39565|331137
Calendar.min.css;3564246310;3;1442383379;|39566|331138
ColorPicker.css;935776492;3;1442383379;|39567|331139
ColorPicker.min.css;3949600008;3;1442383379;|39568|331140
NumericUpDown.css;2186153831;1;1442381556;|40727|330765
NumericUpDown.min.css;921629764;1;1442381556;|40728|330766
ComboBox.css;3636513619;3;1442383379;|39569|331141
ComboBox.min.css;2911975595;3;1442383379;|39570|331142
DropDown.css;2149825428;3;1442383379;|39571|331143
DropDown.min.css;3764842452;3;1442383379;|39572|331144
HtmlEditor.DesignPanel.css;98770859;3;1442383379;|39573|331145
HtmlEditor.DesignPanel.min.css;1589883373;3;1442383379;|39574|331146
HtmlEditor.Document.css;3329165915;3;1442383379;|39575|331147
HtmlEditor.Document.min.css;3475738731;3;1442383379;|39576|331148
HtmlEditor.Editor.css;3163489835;3;1442383379;|39577|331149
HtmlEditor.Editor.min.css;1475402446;3;1442383379;|39578|331150
HtmlEditor.HtmlPanel.css;3324856563;3;1442383379;|39579|331151
HtmlEditor.HtmlPanel.min.css;2919335183;3;1442383379;|39580|331152
HtmlEditor.Popups.AttachedTemplatePopup.css;1769080580;3;1442383379;|39581|331153
HtmlEditorExtender.css;3761468889;3;1442383379;|39583|331155
HtmlEditorExtender.min.css;590635378;3;1442383379;|39584|331156
LineChart.css;3662379646;3;1442383379;|39585|331157
LineChart.min.css;638910590;3;1442383379;|39586|331158
MultiHandleSlider.css;763001754;3;1442383379;|39587|331159
MultiHandleSlider.min.css;4257025435;3;1442383379;|39588|331160
PieChart.css;4064835079;3;1442383379;|39589|331161
PieChart.min.css;2371474337;3;1442383379;|39590|331162
Slider.css;557952233;3;1442383379;|39591|331163
Slider.min.css;1780658428;3;1442383379;|39592|331164
SlideShow.css;1557070959;3;1442383379;|39593|331165
SlideShow.min.css;66331483;3;1442383379;|39594|331166
Tabs.css;1945118920;3;1442383379;|39595|331167
Tabs.min.css;552820693;3;1442383379;|39596|331168
Twitter.css;583385481;3;1442383379;|39597|331169
Twitter.min.css;1667253705;3;1442383379;|39598|331170
ValidatorCallout.css;2708955092;3;1442383379;|39599|331171
ValidatorCallout.min.css;2473688088;3;1442383379;|39600|331172
