SCMBranch=USR-717
SCMRepository=User Interface/Task Time Tracker/Web/MA/ApplicationDevelopment/Customer
SCMMainlineUUID={6a359bb0-6131-417f-b48a-3113b3a22182}
SCMBranchRepositoryID=35094
Clone.aspx;160901153;1;1433221013;|36199|303876
Clone.aspx.cs;331761693;1;1433221013;|36207|303884
Clone.aspx.designer.cs;1218339018;1;1433221013;|36206|303883
CommonUpdate.aspx;2536174413;1;1433221013;|36198|303875
CommonUpdate.aspx.cs;653055684;1;1433221013;|36205|303882
CommonUpdate.aspx.designer.cs;800435668;1;1433221013;|36204|303881
Default.aspx;4260300147;1;1433221013;|36193|303870
Default.aspx.cs;603945930;1;1433221013;|36197|303874
Default.aspx.designer.cs;3811952265;1;1433221013;|36196|303873
Delete.aspx;3065079439;1;1433221013;|36210|303887
Delete.aspx.cs;1630875843;1;1433221013;|36195|303872
Delete.aspx.designer.cs;1136407793;1;1433221013;|36194|303871
Details.aspx;1287738521;1;1433221013;|36208|303885
Details.aspx.cs;1529899583;1;1433221013;|36201|303878
Details.aspx.designer.cs;2290454338;1;1433221013;|36192|303869
InlineUpdate.aspx;1636855999;1;1433221013;|36203|303880
InlineUpdate.aspx.cs;3259207032;1;1433221013;|36209|303886
InlineUpdate.aspx.designer.cs;1880595099;1;1433221013;|36190|303867
Insert.aspx;418834996;1;1433221013;|36202|303879
Insert.aspx.cs;1177968605;1;1433221013;|36189|303866
Insert.aspx.designer.cs;856066017;1;1433221042;|36188|303865
Update.aspx;2668953377;1;1433221042;|36200|303877
Update.aspx.cs;2768867989;1;1433221042;|36187|303864
Update.aspx.designer.cs;3817305987;1;1433221042;|36191|303868
