SCMBranch=USR-717
SCMRepository=User Interface/Task Time Tracker/Web/Configuration/UserPreferenceCategory
SCMMainlineUUID={6a359bb0-6131-417f-b48a-3113b3a22182}
SCMBranchRepositoryID=29149
Clone.aspx.cs;3613243117;1;1417403882;|28631|279215
Clone.aspx.designer.cs;2464473122;1;1417403882;|28632|279216
Default.aspx.cs;9324338;1;1417403882;|28618|279202
Default.aspx.designer.cs;2522237504;1;1417403882;|28619|279203
Delete.aspx.designer.cs;481731016;1;1417403882;|28621|279205
Details.aspx.cs;3048647932;1;1417403882;|28633|279217
Details.aspx.designer.cs;1398209152;1;1417403882;|28623|279207
Export.aspx;3019641794;1;1417403882;|28617|279201
Export.aspx.cs;793123144;1;1417403882;|28624|279208
Export.aspx.designer.cs;838864636;1;1417403882;|28625|279209
Insert.aspx.cs;2466573726;1;1417403882;|28626|279210
Insert.aspx.designer.cs;1767842383;1;1417403882;|28627|279211
Settings.aspx;512765204;1;1417403882;|28615|279199
Settings.aspx.designer.cs;575332617;1;1417403882;|28610|279194
Update.aspx.cs;4244737063;1;1417403882;|28611|279195
Clone.aspx;3572947341;2;1417540917;|28614|280349
Default.aspx;2401108835;2;1417540917;|28622|280350
Delete.aspx;2944048862;2;1417540917;|28630|280351
Delete.aspx.cs;1948737561;2;1417540917;|28620|280352
Insert.aspx;4108668247;2;1417540917;|28616|280353
Settings.aspx.cs;148154834;2;1417540917;|28628|280354
Details.aspx;1927037510;2;1419542780;|28629|290759
Update.aspx;2419215507;4;1428633516;|28613|299834
Update.aspx.designer.cs;1886418547;2;1428633516;|28612|299835
