SCMBranch=USR-717
SCMRepository=User Interface/Task Time Tracker/Web/data
SCMMainlineUUID={6a359bb0-6131-417f-b48a-3113b3a22182}
SCMBranchRepositoryID=32523
100.json;524391484;1;1421818104;|35096|294899
10000.json;2699757996;1;1421818104;|35104|294907
10000_complex.json;1195419911;1;1421818104;|35095|294898
1000_columns.json;933395699;1;1421818104;|35100|294903
100_ASC.json;3340697893;1;1421818180;|35094|294897
100_columns.json;3273236499;1;1421818180;|35099|294902
100_DESC.json;3126944909;1;1421818180;|35105|294908
100_female.json;1781861506;1;1421818180;|35097|294900
100_male.json;493895286;1;1421818180;|35098|294901
500.json;3076164029;1;1421818180;|35106|294909
500_complex.json;3004861902;1;1421818180;|35101|294904
50_columns.json;830376133;1;1421818180;|35102|294905
dataTemplates.txt;3471048063;1;1421818180;|35103|294906
ReleaseNotesVsSchedule_sample.json;3048625584;2;1421896841;|35159|295254
test.json;17864673;1;1421896841;|35168|295279
