SCMBranch=USR-717
SCMRepository=User Interface/Task Time Tracker/Web/Shared/ApplicationDevelopment/FunctionalityOwner
SCMMainlineUUID={6a359bb0-6131-417f-b48a-3113b3a22182}
SCMBranchRepositoryID=22786
Clone.aspx.cs;3148991038;2;1406094029;|19727|219301
Export.aspx;2374372149;2;1406094029;|19723|219315
Export.aspx.designer.cs;1540900486;2;1406094029;|19713|219317
Insert.aspx.cs;2854553214;2;1406094030;|19710|219322
CommonUpdate.aspx.cs;3333900804;3;1408379788;|19729|226010
Default.aspx.cs;1438734488;4;1408379788;|19719|226011
InlineUpdate.aspx.cs;2452743314;3;1408379788;|19712|226014
Default.aspx;3794073397;3;1408639048;|19726|232625
Clone.aspx;3981936223;3;1410146588;|19731|242811
Clone.aspx.designer.cs;2267251688;3;1410146588;|19728|242812
CommonUpdate.aspx;1029862981;3;1410146588;|19730|242813
CommonUpdate.aspx.designer.cs;564795527;3;1410146588;|19706|242814
Default.aspx.designer.cs;9770319;3;1410146588;|19718|238752
Delete.aspx;2213356437;3;1410146588;|19725|242815
Delete.aspx.designer.cs;2445065453;3;1410146588;|19717|242816
Details.aspx;182179566;3;1410146588;|19724|242817
Details.aspx.cs;4156347656;3;1410146588;|19716|248772
Details.aspx.designer.cs;1542477672;3;1410146588;|19715|242818
Export.aspx.cs;698141564;6;1410146588;|19714|245819
InlineUpdate.aspx;3894226960;3;1410146588;|19722|242819
InlineUpdate.aspx.designer.cs;4237096075;3;1410146588;|19711|242820
Insert.aspx;1818912209;3;1410146588;|19721|242821
Insert.aspx.designer.cs;3995444430;3;1410146588;|19709|242822
Update.aspx;3107107428;3;1410146588;|19720|242823
Update.aspx.cs;4212872901;3;1410146588;|19708|238429
Update.aspx.designer.cs;2862089958;3;1410146588;|19707|242824
Delete.aspx.cs;1343171732;6;1414437902;|19732|273797
