SCMBranch=USR-717
SCMRepository=User Interface/Task Time Tracker/Web/Shared/Configuration/FieldConfigurationModeCategory/Controls
SCMMainlineUUID={6a359bb0-6131-417f-b48a-3113b3a22182}
SCMBranchRepositoryID=12665
DynSearchFilter.ascx.designer.cs;101515899;2;1377055532;|9579|80296
DynSearchFilter.ascx;511029576;3;1377487295;|9581|81339
DynSearchFilter.ascx.cs;1146860050;4;1379586525;|9580|103971
Details.ascx.designer.cs;4186405937;2;1394430878;|8252|155241
List.ascx.designer.cs;2611502771;1;1394430878;|8249|28716
Validation.xml;1066268328;1;1394430878;|8254|28721
List.ascx;828369573;2;1401244934;|8256|195555
Details.ascx;3321558876;4;1401678842;|8258|201795
SearchFilter.ascx;4033225037;15;1406172427;|8255|219871
Generic.ascx.cs;3161655158;13;1409070503;|8259|237526
List.ascx.cs;30978388;6;1409070503;|8250|237527
Generic.ascx;2794991711;5;1412565124;|8257|256074
Generic.ascx.designer.cs;2197008810;2;1412565124;|8251|256075
Details.ascx.cs;3864013605;12;1413170143;|8253|267354
SearchFilter.ascx.cs;2870570746;16;1413170143;|8248|267355
SearchFilter.ascx.designer.cs;3014858209;8;1413170143;|8247|267356
