SCMBranch=USR-717
SCMRepository=User Interface/Task Time Tracker/Web/MA/ApplicationDevelopment/Module
SCMMainlineUUID={6a359bb0-6131-417f-b48a-3113b3a22182}
SCMBranchRepositoryID=30775
Clone.aspx.cs;4034749296;1;1418613670;|33012|285590
Clone.aspx.designer.cs;15199819;1;1418613670;|32986|285564
Delete.aspx.cs;3127629445;1;1418613670;|32995|285573
Delete.aspx.designer.cs;1267220909;1;1418613670;|32996|285574
Details.aspx.cs;1097580549;1;1418613670;|32997|285575
Details.aspx.designer.cs;1521236740;1;1418613670;|32998|285576
Export.aspx;3472047579;1;1418613670;|33006|285584
Export.aspx.cs;2105374273;1;1418613670;|32985|285563
Export.aspx.designer.cs;2154437352;1;1418613670;|32999|285577
InlineUpdate.aspx;4038901811;1;1418613670;|32993|285571
InlineUpdate.aspx.designer.cs;3217591030;1;1418613670;|33001|285579
Insert.aspx.cs;4235770494;1;1418613670;|33002|285580
Insert.aspx.designer.cs;4132279442;1;1418613670;|33003|285581
Settings.aspx;2104774679;1;1418613670;|32991|285569
Settings.aspx.cs;1370645832;1;1418613670;|33004|285582
Settings.aspx.designer.cs;3130810441;1;1418613670;|33005|285583
Update.aspx.cs;3407540965;1;1418613670;|33010|285588
Clone.aspx;1841258403;3;1418752897;|33013|289026
Delete.aspx;3010526484;3;1418752897;|33008|289028
Insert.aspx;1976634638;3;1418752897;|32992|289029
Details.aspx;3930697015;2;1419542781;|33007|290801
Update.aspx;2018291715;5;1428633518;|32990|299865
Update.aspx.designer.cs;3870547528;2;1428633518;|33011|299866
CommonUpdate.aspx;3435446657;2;1462161186;|33014|346123
CommonUpdate.aspx.cs;318916631;2;1462161186;|32987|346124
CommonUpdate.aspx.designer.cs;2432513660;2;1462161186;|32988|346125
Default.aspx;566013769;4;1462161186;|33009|346126
Default.aspx.cs;855563314;2;1462161186;|32989|346127
Default.aspx.designer.cs;3634795163;2;1462161186;|32994|346128
UI_Pages.cs;1309701801;1;1462161186;|41521|346066
UI_Pages.tt;589453061;1;1462161186;|41520|346065
InlineUpdate.aspx.cs;3224326975;2;1464933980;|33000|349588
