SCMBranch=USR-717
SCMRepository=User Interface/Task Time Tracker/Web/Prototype/Kendo/content/web/calendar
SCMMainlineUUID={6a359bb0-6131-417f-b48a-3113b3a22182}
SCMBranchRepositoryID=19086
cake.png;2856090713;1;1394430813;|13513|158602
calendar-template.jpg;4143463547;1;1394430813;|13520|158609
calendar.png;3876937083;1;1394430813;|13514|158603
cocktail.png;3984830252;1;1394430813;|13515|158604
exhibition.png;191196449;1;1394430813;|13516|158605
party.png;1986841649;1;1394430813;|13517|158606
reports.png;1124761491;1;1394430813;|13518|158607
specialDays.png;2401559556;1;1394430813;|13519|158608
