SCMBranch=USR-717
SCMRepository=User Interface/Task Time Tracker/Web/Shared/ApplicationDevelopment/AllEntityDetail/Controls
SCMMainlineUUID={6a359bb0-6131-417f-b48a-3113b3a22182}
SCMBranchRepositoryID=22763
Validation.xml;1508226554;1;1405911745;|19297|213731
Details.ascx;3751700039;2;1406094024;|19285|218890
Details.ascx.designer.cs;424671300;2;1406094024;|19293|218892
Generic.ascx;1094314962;2;1406094024;|19296|218893
Generic.ascx.designer.cs;3032123141;2;1406094024;|19291|218895
List.ascx;2070827821;2;1406094024;|19295|218896
List.ascx.cs;3834406799;2;1406094024;|19290|218897
List.ascx.designer.cs;208080637;2;1406094024;|19289|218898
SearchFilter.ascx;589113720;3;1406172422;|19286|219715
Generic.ascx.cs;2102154932;3;1408379787;|19292|225931
Details.ascx.cs;3543739529;4;1413170137;|19294|263655
SearchFilter.ascx.designer.cs;1164026856;4;1413170137;|19287|263657
SearchFilter.ascx.cs;2755200252;6;1415986224;|19288|275530
