SCMBranch=USR-717
SCMRepository=User Interface/Task Time Tracker/Web/Configuration/SystemForeignRelationshipType/Controls
SCMMainlineUUID={6a359bb0-6131-417f-b48a-3113b3a22182}
SCMBranchRepositoryID=29134
Details.ascx.cs;4127120791;1;1417403880;|28319|278903
List.ascx;4202874872;1;1417403880;|28313|278897
List.ascx.cs;1630436242;1;1417403880;|28323|278907
List.ascx.designer.cs;1084347217;1;1417403880;|28318|278902
SearchFilter.ascx;1684754715;1;1417403880;|28314|278898
SearchFilter.ascx.cs;3882806065;1;1417403880;|28317|278901
SearchFilter.ascx.designer.cs;1537726260;1;1417403880;|28316|278900
Validation.xml;1066268328;1;1417403880;|28315|278899
Details.ascx;3652340687;2;1428633516;|28322|299810
Details.ascx.designer.cs;3479832223;2;1428633516;|28320|299811
Generic.ascx;1032625216;2;1428633516;|28312|299812
Generic.ascx.designer.cs;519215609;2;1428633516;|28311|299813
Generic.ascx.cs;254018452;3;1469426631;|28321|352068
