SCMBranch=USR-717
SCMRepository=User Interface/Task Time Tracker/Web/Shared/Admin/ConnectionString
SCMMainlineUUID={6a359bb0-6131-417f-b48a-3113b3a22182}
SCMBranchRepositoryID=20808
Clone.aspx.cs;2161902269;1;1394594424;|17742|181584
Details.aspx.cs;1670694461;1;1394594427;|17750|181592
Export.aspx;2801706536;1;1394594427;|17727|181569
Export.aspx.designer.cs;1375158014;1;1394594427;|17743|181585
Insert.aspx.cs;2970081870;1;1394594427;|17734|181576
Update.aspx.cs;3177802555;1;1394594427;|17732|181574
Default.aspx.cs;675604104;3;1408591356;|17746|227732
Clone.aspx;2583925395;3;1410146580;|17736|242541
Clone.aspx.designer.cs;1311331694;2;1410146580;|17737|242542
CommonUpdate.aspx;1082692214;4;1410146580;|17735|250544
CommonUpdate.aspx.designer.cs;3440946335;3;1410146580;|17739|250545
Default.aspx.designer.cs;2128189004;2;1410146580;|17747|238732
Delete.aspx;2394884270;4;1410146580;|17729|242545
Delete.aspx.designer.cs;19625421;2;1410146580;|17749|242546
Details.aspx.designer.cs;3286540486;2;1410146580;|17745|242548
Export.aspx.cs;791163514;6;1410146580;|17744|245796
InlineUpdate.aspx;3560869226;3;1410146580;|17726|242549
InlineUpdate.aspx.designer.cs;3150760150;2;1410146580;|17740|242550
Insert.aspx;3242714703;3;1410146580;|17725|242551
Insert.aspx.designer.cs;2470228694;2;1410146580;|17733|242552
Update.aspx.designer.cs;1787693850;2;1410146580;|17731|242554
Delete.aspx.cs;2314185353;5;1414005995;|17748|272765
Details.aspx;1494762708;4;1419542792;|17728|290854
Update.aspx;1108016583;4;1419542792;|17724|290855
Default.aspx;1741067043;4;1433735195;|17730|308656
CommonUpdate.aspx.cs;290672181;7;1493092281;|17738|358318
InlineUpdate.aspx.cs;60956113;9;1493092281;|17741|357857
