SCMBranch=USR-717
SCMRepository=User Interface/Task Time Tracker/Web/MS/EventNotification/NotificationPublisher
SCMMainlineUUID={6a359bb0-6131-417f-b48a-3113b3a22182}
SCMBranchRepositoryID=30815
CommonUpdate.aspx;791252107;1;1418613675;|33688|286266
CommonUpdate.aspx.designer.cs;213089519;1;1418613675;|33695|286273
Export.aspx;1826535875;1;1418613675;|33692|286270
Export.aspx.cs;298961495;1;1418613675;|33711|286289
Export.aspx.designer.cs;3303064890;1;1418613675;|33712|286290
InlineUpdate.aspx;212060905;1;1418613675;|33693|286271
InlineUpdate.aspx.designer.cs;1019616243;1;1418613675;|33714|286292
Settings.aspx;4124886233;1;1418613675;|33702|286280
Settings.aspx.designer.cs;388774331;1;1418613675;|33699|286277
Clone.aspx;1502240866;2;1418759813;|33696|289153
Default.aspx;3051600926;2;1418759820;|33689|289154
Delete.aspx;3564350975;2;1418759829;|33690|289155
Insert.aspx;2474164232;2;1418759843;|33694|289157
Clone.aspx.cs;1266884144;1;1418613675;|33698|286276
Clone.aspx.designer.cs;3415777135;1;1418613675;|33697|286275
Default.aspx.cs;4113400036;1;1418613675;|33704|286282
Default.aspx.designer.cs;414574969;1;1418613675;|33705|286283
Delete.aspx.cs;2034037732;1;1418613675;|33706|286284
Delete.aspx.designer.cs;1131211045;1;1418613675;|33707|286285
Details.aspx.cs;970560194;1;1418613675;|33708|286286
Details.aspx.designer.cs;861465767;1;1418613675;|33710|286288
Insert.aspx.cs;4058667366;1;1418613675;|33715|286293
Insert.aspx.designer.cs;422930042;1;1418613675;|33716|286294
Update.aspx.cs;129012608;1;1418613675;|33700|286278
Details.aspx;1980578378;3;1419542783;|33691|290967
Update.aspx;2422746495;4;1428633529;|33703|299912
Update.aspx.designer.cs;4153800189;2;1428633529;|33701|299886
UI_Pages.cs;1309701801;1;1462161207;|41559|346657
UI_Pages.tt;2483533819;1;1462161207;|41558|346656
InlineUpdate.aspx.cs;1738508765;2;1464933980;|33713|349525
Settings.aspx.cs;2539627628;3;1465193331;|33709|349958
CommonUpdate.aspx.cs;3795001097;3;1493092262;|33717|357837
