SCMBranch=USR-717
SCMRepository=User Interface/Task Time Tracker/Web/app/core/controllers
SCMMainlineUUID={6a359bb0-6131-417f-b48a-3113b3a22182}
SCMBranchRepositoryID=27198
generalDetailCtrl.js;3113296495;3;1430706981;|26103|302535
generalSaveCtrl.js;2136776987;4;1430706981;|26104|302538
loginCtrl.js;2180171841;2;1430706981;|22817|302539
logoutCtrl.js;236326569;2;1430706981;|22816|302540
mainCtrl.js;3215531454;3;1430706981;|22818|302541
navCtrl.js;3222541990;8;1433301292;|22814|308329
generalListCtrl.js;3780033281;12;1436767323;|26102|313904
alertMessagingCtrl.js;3828569319;4;1470315443;|22815|353727
generalListTableCtrl.js;2556534388;11;1473996522;|35189|355596
