SCMBranch=USR-717
SCMRepository=User Interface/Task Time Tracker/Web/Shared/Configuration/SystemForeignRelationshipType
SCMMainlineUUID={6a359bb0-6131-417f-b48a-3113b3a22182}
SCMBranchRepositoryID=14863
Clone.aspx.cs;3574028406;1;1394430882;|10789|135710
Details.aspx.cs;3694590959;1;1394430882;|10795|135716
Insert.aspx.cs;1040606353;1;1394430882;|10779|135700
Update.aspx.cs;3841782581;1;1394430882;|10800|135721
CommonUpdate.aspx.cs;145965275;5;1408591366;|10791|229699
Default.aspx.cs;2237280320;6;1408591366;|10799|229703
InlineUpdate.aspx.cs;3267788672;6;1408591366;|10781|229705
Default.aspx;3084612075;3;1408639052;|10782|233853
Clone.aspx;18515132;5;1410146599;|10794|250838
Clone.aspx.designer.cs;2935261241;2;1410146599;|10790|250839
CommonUpdate.aspx;201122364;4;1410146599;|10788|250840
CommonUpdate.aspx.designer.cs;987397974;2;1410146599;|10792|250841
Default.aspx.designer.cs;1439416133;2;1410146599;|10798|250842
Delete.aspx;1441411054;5;1410146599;|10783|250843
Delete.aspx.designer.cs;3628642884;2;1410146599;|10796|250844
Details.aspx;1433155159;4;1410146599;|10784|250845
Details.aspx.designer.cs;1293679875;2;1410146599;|10793|250846
InlineUpdate.aspx;3028469577;4;1410146599;|10785|250847
InlineUpdate.aspx.designer.cs;1453036404;2;1410146599;|10780|250848
Insert.aspx;3443051071;4;1410146599;|10786|250849
Insert.aspx.designer.cs;3519170422;2;1410146599;|10778|250850
Update.aspx;1120261504;4;1410146599;|10787|250851
Update.aspx.designer.cs;4257906290;2;1410146599;|10777|250852
Delete.aspx.cs;2592802783;7;1414437912;|10797|273847
