SCMBranch=USR-717
SCMRepository=User Interface/Task Time Tracker/Web/Prototype/Kendo/web/autocomplete
SCMMainlineUUID={6a359bb0-6131-417f-b48a-3113b3a22182}
SCMBranchRepositoryID=19174
api.html;1690815392;3;1406516547;|14064|221259
events.html;929281278;3;1406516547;|14062|221260
index.html;972249583;3;1406516547;|14061|221261
mvvm.html;1828597680;3;1406516547;|14060|221262
navigation.html;3345616575;3;1406516547;|14059|221263
rtl.html;3079173479;3;1406516547;|14058|221264
serverfiltering.html;4236838007;3;1406516548;|14057|221265
template.html;1819751455;3;1406516548;|14063|221266
