SCMBranch=USR-717
SCMRepository=User Interface/Task Time Tracker/Web/Shared/QualityAssurance/FunctionalityImage/Controls
SCMMainlineUUID={6a359bb0-6131-417f-b48a-3113b3a22182}
SCMBranchRepositoryID=13007
Details.ascx.designer.cs;735697585;2;1394430897;|8613|155258
List.ascx.cs;2647867359;5;1394430897;|8611|147022
List.ascx.designer.cs;2697662169;1;1394430897;|8610|52945
Validation.xml;1428678950;1;1394430897;|8615|52950
Generic.ascx.designer.cs;559837020;8;1395025027;|8620|182692
Generic.ascx;3170419280;14;1401244948;|8618|195595
List.ascx;357117902;2;1401244948;|8617|195596
Generic.ascx.cs;3782167301;16;1401419658;|8612|196626
Details.ascx;2296985113;6;1401678846;|8619|201869
Details.ascx.cs;2897729314;10;1401678846;|8614|201870
SearchFilter.ascx;2807837504;14;1405544894;|8616|213413
SearchFilter.ascx.cs;429539338;23;1405544894;|8609|213414
SearchFilter.ascx.designer.cs;4257893276;5;1405544894;|8608|213415
