SCMBranch=USR-717
SCMRepository=User Interface/Task Time Tracker/Web/Shared/ApplicationDevelopment/FunctionalityImage
SCMMainlineUUID={6a359bb0-6131-417f-b48a-3113b3a22182}
SCMBranchRepositoryID=22780
Clone.aspx.cs;2261529888;2;1406094027;|19621|219193
Details.aspx.cs;1447665135;2;1406094028;|19611|219205
Insert.aspx.cs;3662514044;2;1406094028;|19615|219211
ShowImage.aspx;3191310716;2;1406094028;|19607|219213
ShowImage.aspx.designer.cs;2458591446;2;1406094028;|19618|219215
Update.aspx.cs;1305239944;2;1406094028;|19619|219217
CommonUpdate.aspx.cs;486117065;4;1408379788;|19598|226046
InlineUpdate.aspx.cs;1597067411;3;1408379788;|19613|225991
ShowImage.aspx.cs;4079615810;3;1408379788;|19617|225992
Default.aspx;3284577815;3;1408639048;|19602|232017
Default.aspx.designer.cs;1789359162;3;1408639048;|19601|232018
Default.aspx.cs;4117582161;4;1409070501;|19600|237253
Clone.aspx;775610781;3;1410146587;|19595|242773
Clone.aspx.designer.cs;1301053881;3;1410146588;|19597|242774
CommonUpdate.aspx;1099337835;3;1410146588;|19596|242775
CommonUpdate.aspx.designer.cs;1333755731;3;1410146588;|19599|242776
Delete.aspx;4260042813;3;1410146588;|19603|242777
Delete.aspx.designer.cs;1304409021;3;1410146588;|19610|242778
Details.aspx;3094757571;3;1410146588;|19604|242779
Details.aspx.designer.cs;2154652982;3;1410146588;|19612|242780
InlineUpdate.aspx;1480286016;3;1410146588;|19605|242781
InlineUpdate.aspx.designer.cs;3917096578;3;1410146588;|19614|242782
Insert.aspx;4013437370;3;1410146588;|19606|242783
Insert.aspx.designer.cs;2036971393;3;1410146588;|19616|242784
Update.aspx;4176318562;3;1410146588;|19608|242785
Update.aspx.designer.cs;955764159;3;1410146588;|19620|242786
Delete.aspx.cs;3503719696;5;1414437902;|19609|273795
