SCMBranch=USR-717
SCMRepository=User Interface/Task Time Tracker/Web/MA/ApplicationDevelopment/FunctionalityStatus
SCMMainlineUUID={6a359bb0-6131-417f-b48a-3113b3a22182}
SCMBranchRepositoryID=30769
Delete.aspx.cs;2244232212;1;1418613669;|32870|285448
Delete.aspx.designer.cs;1967581473;1;1418613669;|32871|285449
Details.aspx.cs;2243545550;1;1418613669;|32879|285457
Details.aspx.designer.cs;3182650507;1;1418613669;|32880|285458
Export.aspx;4238871287;1;1418613669;|32875|285453
Export.aspx.cs;2545970481;1;1418613669;|32881|285459
Export.aspx.designer.cs;997479462;1;1418613669;|32882|285460
InlineUpdate.aspx;4188192221;1;1418613669;|32876|285454
InlineUpdate.aspx.designer.cs;3448384670;1;1418613669;|32884|285462
Insert.aspx.cs;3604879918;1;1418613669;|32885|285463
Insert.aspx.designer.cs;1691739673;1;1418613669;|32886|285464
Update.aspx.cs;1220600915;1;1418613669;|32887|285465
Update.aspx.designer.cs;3693187973;1;1418613669;|32888|285466
Delete.aspx;4243760140;3;1418752887;|32873|289012
Insert.aspx;3005082986;3;1418752887;|32877|289013
Details.aspx;1505037148;2;1419542781;|32874|290795
Update.aspx;549070037;4;1419542781;|32878|290796
CommonUpdate.aspx;611908607;2;1462161185;|32866|346117
CommonUpdate.aspx.cs;3223480199;2;1462161185;|32889|346118
CommonUpdate.aspx.designer.cs;1119882072;2;1462161185;|32867|346119
Default.aspx;4263295537;4;1462161185;|32872|346120
Default.aspx.cs;2656715357;2;1462161186;|32868|346121
Default.aspx.designer.cs;2585768592;2;1462161186;|32869|346122
UI_Pages.cs;1309701801;1;1462161186;|41519|346058
UI_Pages.tt;1433442208;1;1462161186;|41518|346057
InlineUpdate.aspx.cs;2170268553;2;1464933980;|32883|349587
