SCMBranch=USR-717
SCMRepository=User Interface/Task Time Tracker/Web/Shared/Admin/ConnectionString/Controls
SCMMainlineUUID={6a359bb0-6131-417f-b48a-3113b3a22182}
SCMBranchRepositoryID=20809
Details.ascx.designer.cs;3793974171;1;1394594427;|17754|181596
Generic.ascx.designer.cs;1521898465;1;1394594427;|17753|181595
Validation.xml;1278989022;1;1394594427;|17759|181601
Generic.ascx;2464469770;2;1401244928;|17757|193733
Details.ascx;3216521950;3;1401678837;|17756|200322
Details.ascx.cs;3470532985;2;1408591356;|17755|227736
SearchFilter.ascx.cs;2394905219;3;1414005995;|17752|272766
SearchFilter.ascx;2173868422;8;1433735195;|17758|308677
SearchFilter.ascx.designer.cs;1362025869;4;1433735195;|17751|308658
Generic.ascx.cs;1059766353;5;1469426662;|17760|352164
