SCMBranch=USR-717
SCMRepository=User Interface/Task Time Tracker/Web/Configuration/UserPreference/Controls
SCMMainlineUUID={6a359bb0-6131-417f-b48a-3113b3a22182}
SCMBranchRepositoryID=29148
Details.ascx;537707397;1;1417403882;|28602|279186
Details.ascx.cs;3499970133;1;1417403882;|28609|279193
Details.ascx.designer.cs;963131155;1;1417403882;|28608|279192
Generic.ascx;3436915983;1;1417403882;|28603|279187
Generic.ascx.designer.cs;641318541;1;1417403882;|28604|279188
List.ascx;1510446875;1;1417403882;|28597|279181
List.ascx.cs;2420016656;1;1417403882;|28598|279182
List.ascx.designer.cs;1417909636;1;1417403882;|28599|279183
SearchFilter.ascx.cs;3762968253;1;1417403882;|28600|279184
Validation.xml;3601122993;1;1417403882;|28606|279190
SearchFilter.ascx;2565272981;2;1422882971;|28605|295748
SearchFilter.ascx.designer.cs;1130983460;2;1422882971;|28601|295749
Generic.ascx.cs;223452116;5;1469426631;|28607|352077
