SCMBranch=USR-717
SCMRepository=User Interface/Task Time Tracker/Web/Configuration/ApplicationRouteParameter/Controls
SCMMainlineUUID={6a359bb0-6131-417f-b48a-3113b3a22182}
SCMBranchRepositoryID=29105
Details.ascx;3334692093;1;1417403876;|27823|278407
Details.ascx.cs;1441282259;1;1417403876;|27811|278395
Details.ascx.designer.cs;1656393463;1;1417403876;|27812|278396
Generic.ascx;951898938;1;1417403876;|27819|278403
Generic.ascx.designer.cs;1751052214;1;1417403876;|27814|278398
List.ascx.cs;111637295;1;1417403876;|27815|278399
List.ascx.designer.cs;1564133920;1;1417403876;|27816|278400
Validation.xml;3635860404;1;1417403876;|27822|278406
List.ascx;1570018971;2;1417540915;|27820|280239
SearchFilter.ascx;568675758;2;1422882945;|27821|295740
SearchFilter.ascx.designer.cs;2758384025;2;1422882945;|27818|295741
Generic.ascx.cs;3746056856;2;1469426620;|27813|352052
SearchFilter.ascx.cs;2769799188;2;1469426620;|27817|352053
