SCMBranch=USR-717
SCMRepository=User Interface/Task Time Tracker/Web/MA/ApplicationDevelopment/FunctionalityImage/Controls
SCMMainlineUUID={6a359bb0-6131-417f-b48a-3113b3a22182}
SCMBranchRepositoryID=30760
Details.ascx;1601083500;1;1418613668;|32714|285292
Details.ascx.cs;426801233;1;1418613668;|32709|285287
Details.ascx.designer.cs;2737634446;1;1418613668;|32708|285286
Generic.ascx;380017301;1;1418613668;|32713|285291
Generic.ascx.designer.cs;1381710386;1;1418613668;|32706|285284
List.ascx;710316600;1;1418613668;|32712|285290
List.ascx.cs;1972444614;1;1418613668;|32705|285283
List.ascx.designer.cs;2565023460;1;1418613668;|32704|285282
SearchFilter.ascx;2392071896;1;1418613668;|32711|285289
SearchFilter.ascx.cs;2364802601;1;1418613668;|32703|285281
SearchFilter.ascx.designer.cs;1952205661;1;1418613668;|32702|285280
Validation.xml;1428678950;1;1418613668;|32710|285288
Generic.ascx.cs;3799416674;4;1469426635;|32707|352100
