SCMBranch=USR-717
SCMRepository=User Interface/Task Time Tracker/Web/Prototype/Kendo/content/spa/websushi/css/images
SCMMainlineUUID={6a359bb0-6131-417f-b48a-3113b3a22182}
SCMBranchRepositoryID=19074
arrow-left.png;2012280381;1;1394430812;|13388|158477
arrow-reverse.png;3255759456;1;1394430812;|13389|158478
arrow-right.png;2908153750;1;1394430812;|13390|158479
arrow.png;1200184800;1;1394430812;|13391|158480
background-image.png;3327786399;1;1394430812;|13392|158481
checkout-image.png;3547084250;1;1394430812;|13393|158482
close-icon.png;2612371349;1;1394430812;|13394|158483
close-image.png;1299492941;1;1394430812;|13395|158484
item-separator.png;2849503051;1;1394430812;|13396|158485
logo.png;4014162410;1;1394430812;|13398|158487
main-image.png;1196516193;1;1394430812;|13397|158486
MainImage.jpg;2749705978;1;1394430812;|13385|158474
nav-next.png;2336357925;1;1394430812;|13382|158471
nav-prev.png;3413275978;1;1394430812;|13387|158476
remove-icon.png;2984094482;1;1394430812;|13384|158473
smallImage.jpg;2198449909;1;1394430812;|13386|158475
sushi-preview.png;1503072305;1;1394430812;|13383|158472
