SCMBranch=USR-717
SCMRepository=User Interface/Task Time Tracker/Web/Shared/Configuration/Language/Controls
SCMMainlineUUID={6a359bb0-6131-417f-b48a-3113b3a22182}
SCMBranchRepositoryID=11909
List.ascx.designer.cs;2805548374;1;1394430880;|6067|22080
Validation.xml;3687457457;1;1394430880;|6076|22089
List.ascx;652414340;2;1401244934;|6074|193837
List.ascx.cs;1471133724;7;1408591365;|6068|227828
Generic.ascx;1794498724;5;1412565124;|6073|255141
Generic.ascx.designer.cs;1040656316;2;1412565131;|6069|255142
Details.ascx;479766132;6;1412824577;|6072|256413
Details.ascx.designer.cs;3107218014;3;1412824577;|6070|256415
Generic.ascx.cs;1698594857;13;1412824577;|6077|256416
SearchFilter.ascx;1365349325;16;1412824584;|6075|256417
Details.ascx.cs;3054697878;14;1412882825;|6071|256559
SearchFilter.ascx.designer.cs;2801324179;8;1413170147;|6065|263719
SearchFilter.ascx.cs;3157028453;22;1414437912;|6066|273842
