SCMBranch=USR-717
SCMRepository=User Interface/Task Time Tracker/Web/Shared/Configuration/TabParentStructure
SCMMainlineUUID={6a359bb0-6131-417f-b48a-3113b3a22182}
SCMBranchRepositoryID=10272
Clone.aspx.cs;3080514001;7;1394430882;|4793|108959
Details.aspx.cs;445363278;11;1394430883;|4795|120456
Export.aspx;3168638162;2;1394430883;|4789|118911
Export.aspx.designer.cs;3381484504;2;1394430883;|4784|154980
Insert.aspx.cs;2498652431;10;1394430883;|4783|108963
Settings.aspx.designer.cs;4279848107;2;1394430883;|8931|156269
Update.aspx.cs;1610935711;12;1394430883;|4797|108964
Settings.aspx;2884575693;3;1401678843;|8925|199352
CommonUpdate.aspx.cs;2018981021;11;1408591366;|8926|228492
Default.aspx.cs;321847674;18;1408591366;|4800|229710
InlineUpdate.aspx.cs;2243687779;8;1408591366;|8928|228496
Default.aspx;3887470009;9;1408639052;|4781|233857
Clone.aspx;2683170959;6;1410146600;|4787|250866
Clone.aspx.designer.cs;3328856356;3;1410146600;|4794|250867
CommonUpdate.aspx;2092576052;4;1410146600;|8923|243233
CommonUpdate.aspx.designer.cs;1797488208;2;1410146600;|8927|243234
Default.aspx.designer.cs;2192395912;5;1410146600;|4799|250869
Details.aspx;2733301990;7;1410146600;|4788|250873
Details.aspx.designer.cs;850381061;4;1410146600;|4786|250874
Export.aspx.cs;2899540567;10;1410146600;|4785|245863
InlineUpdate.aspx;1753479744;4;1410146600;|8924|243239
InlineUpdate.aspx.designer.cs;1384804006;2;1410146600;|8929|243240
Insert.aspx;1061992345;6;1410146600;|4790|250875
Insert.aspx.designer.cs;2887775517;3;1410146600;|4782|250876
Settings.aspx.cs;2005979624;2;1410146600;|8930|248810
Update.aspx;3805131379;6;1410146600;|4791|250877
Update.aspx.designer.cs;3069108432;3;1410146600;|4792|250878
Delete.aspx;3734328971;8;1412960513;|4780|256666
Delete.aspx.designer.cs;1190026922;4;1412960513;|4796|256668
Delete.aspx.cs;213671157;15;1414437912;|4798|273849
