SCMBranch=USR-717
SCMRepository=User Interface/Task Time Tracker/Web/MS/TasksAndWorkflow/TaskScheduleType/Controls
SCMMainlineUUID={6a359bb0-6131-417f-b48a-3113b3a22182}
SCMBranchRepositoryID=30834
Details.ascx;1981456829;1;1418613677;|34069|286647
Details.ascx.cs;3904224761;1;1418613677;|34068|286646
Details.ascx.designer.cs;3312576713;1;1418613677;|34067|286645
Generic.ascx;140091181;1;1418613677;|34070|286648
Generic.ascx.designer.cs;2539519102;1;1418613677;|34065|286643
List.ascx;2272096421;1;1418613677;|34071|286649
List.ascx.cs;1510278331;1;1418613727;|34064|286642
List.ascx.designer.cs;2755387903;1;1418613727;|34063|286641
SearchFilter.ascx.cs;4289234990;1;1418613727;|34062|286640
SearchFilter.ascx.designer.cs;4057500214;1;1418613727;|34074|286652
Validation.xml;4007626458;1;1418613727;|34073|286651
SearchFilter.ascx;2875582399;2;1422882971;|34072|295764
Generic.ascx.cs;1772286248;3;1469426650;|34066|352142
