SCMBranch=USR-717
SCMRepository=User Interface/Task Time Tracker/Web/Prototype/Kendo/content/mobile/overview
SCMMainlineUUID={6a359bb0-6131-417f-b48a-3113b3a22182}
SCMBranchRepositoryID=19044
ann.jpg;1517207867;1;1394430808;|13170|158259
annette.jpg;3766905500;1;1394430808;|13169|158258
antonio.jpg;398265735;1;1394430808;|13171|158260
bombay.jpg;2742412215;1;1394430808;|13164|158253
boston.jpg;3524840432;1;1394430808;|13178|158267
cannes.jpg;1860008120;1;1394430808;|13176|158265
carine.jpg;2003478222;1;1394430808;|13175|158264
catherine.jpg;2616558023;1;1394430808;|13174|158263
christina.jpg;1913460409;1;1394430808;|13173|158262
daniel.jpg;505190906;1;1394430808;|13172|158261
diego.jpg;4263290284;1;1394430808;|13180|158269
eduardo.jpg;935770577;1;1394430808;|13179|158268
elizabeth.jpg;3769806570;1;1394430808;|13158|158247
felipe.jpg;2903567145;1;1394430808;|13159|158248
fran.jpg;1430247892;1;1394430808;|13160|158249
francisco.jpg;4163316146;1;1394430808;|13161|158250
liverpool.jpg;2791236724;1;1394430808;|13162|158251
london.jpg;1087927462;1;1394430808;|13163|158252
melbourne.jpg;713164666;1;1394430808;|13177|158266
nairobi.jpg;3824474822;1;1394430808;|13165|158254
ottawa.jpg;4150064896;1;1394430808;|13166|158255
san-francisco.jpg;21124824;1;1394430808;|13167|158256
sydney.jpg;1055569179;1;1394430808;|13168|158257
