SCMBranch=USR-717
SCMRepository=User Interface/Task Time Tracker/Web/Shared/Configuration/ApplicationRouteParameter/Controls
SCMMainlineUUID={6a359bb0-6131-417f-b48a-3113b3a22182}
SCMBranchRepositoryID=13182
Details.ascx.designer.cs;1656393463;3;1394430876;|9218|154950
Generic.ascx.designer.cs;1751052214;1;1394430876;|9220|72472
List.ascx.designer.cs;1564133920;1;1394430876;|9222|72474
Validation.xml;3635860404;1;1394430876;|9230|72482
Generic.ascx;951898938;4;1401244933;|9227|193807
List.ascx;2925969371;2;1401244934;|9228|193808
Details.ascx;3334692093;6;1401678842;|9226|200350
SearchFilter.ascx.designer.cs;2355224964;3;1405544889;|9224|213116
SearchFilter.ascx;2385845769;10;1406825965;|9229|223212
Details.ascx.cs;1441282259;9;1408591364;|9225|227815
Generic.ascx.cs;3815798883;11;1408591364;|9219|227816
List.ascx.cs;111637295;7;1408591364;|9221|227817
SearchFilter.ascx.cs;1716961735;12;1408591365;|9223|227818
