SCMBranch=USR-717
SCMRepository=User Interface/Task Time Tracker/Web/Shared/QualityAssurance/FunctionalityEntityStatusArchive
SCMMainlineUUID={6a359bb0-6131-417f-b48a-3113b3a22182}
SCMBranchRepositoryID=10380
Default.aspx;3527292924;8;1394430897;|4955|172616
Default.aspx.designer.cs;2351591912;4;1394430897;|4962|100006
Details.aspx.cs;3531523831;9;1394430897;|4961|120460
Details.aspx.designer.cs;3883381087;3;1394430897;|4960|108984
Export.aspx;1380677338;2;1394430897;|4953|118925
Export.aspx.cs;2408252053;6;1394430897;|4959|155036
Export.aspx.designer.cs;4232269887;2;1394430897;|4958|155037
Settings.aspx.cs;137748066;2;1394430897;|4957|18983
Settings.aspx.designer.cs;2497859428;2;1394430897;|4956|156290
Details.aspx;256329443;5;1401678846;|4954|201861
Settings.aspx;1011850141;4;1401678846;|4963|199451
Default.aspx.cs;3778285237;16;1405544893;|4964|213412
