SCMBranch=USR-717
SCMRepository=User Interface/Task Time Tracker/Web/Shared/QualityAssurance/Functionality/Controls
SCMMainlineUUID={6a359bb0-6131-417f-b48a-3113b3a22182}
SCMBranchRepositoryID=10377
DynSearchFilter.ascx.designer.cs;2546269370;2;1377055539;|9464|80311
DynSearchFilter.ascx;3669115954;3;1377487302;|9466|81351
DynSearchFilter.ascx.cs;756924423;5;1379941995;|9465|109522
Details.ascx.designer.cs;2108012196;5;1394430895;|4835|162851
Generic.ascx.cs;2895288701;27;1394430896;|4846|177781
Generic.ascx.designer.cs;4160524483;10;1394430896;|4845|177782
List.ascx.cs;4208683456;5;1394430896;|4844|141066
List.ascx.designer.cs;777769603;1;1394430896;|4843|13036
Validation.xml;3687457457;1;1394430896;|4840|13033
Generic.ascx;1339613022;18;1401244947;|4837|193911
List.ascx;1253051973;2;1401244947;|4838|193912
Details.ascx;73756834;11;1401678846;|4836|200394
Details.ascx.cs;707930960;17;1401678846;|4847|200395
SearchFilter.ascx;1106561968;21;1405544893;|4839|213401
SearchFilter.ascx.cs;3457069015;30;1405544893;|4842|213402
SearchFilter.ascx.designer.cs;1075235872;8;1405544893;|4841|213403
