SCMBranch=USR-717
SCMRepository=User Interface/Task Time Tracker/Web/Shared/Configuration/SystemForeignRelationship/Controls
SCMMainlineUUID={6a359bb0-6131-417f-b48a-3113b3a22182}
SCMBranchRepositoryID=14828
Details.ascx.designer.cs;3723261425;4;1394430881;|10668|155242
Generic.ascx.designer.cs;302600489;3;1394430881;|10666|136964
List.ascx.designer.cs;2963035332;1;1394430881;|10664|135086
Validation.xml;3687457457;1;1394430881;|10669|135091
Generic.ascx;885799225;6;1401244935;|10672|195559
List.ascx;3661757586;2;1401244935;|10671|195560
Details.ascx;836090819;6;1401678843;|10674|201804
SearchFilter.ascx.designer.cs;1509071885;2;1405544890;|10663|213375
SearchFilter.ascx;573230756;9;1406825965;|10670|223259
Generic.ascx.cs;2790518496;8;1408591365;|10667|229687
List.ascx.cs;3581188675;4;1408591365;|10665|229688
SearchFilter.ascx.cs;556904481;7;1408591366;|10673|229689
Details.ascx.cs;3785371647;7;1413170147;|10675|267357
