SCMBranch=USR-717
SCMRepository=User Interface/Task Time Tracker/Web/Prototype/Kendo/web/progressbar
SCMMainlineUUID={6a359bb0-6131-417f-b48a-3113b3a22182}
SCMBranchRepositoryID=19194
api.html;2441401562;3;1406516550;|14231|221433
chunk.html;1931704180;3;1406516550;|14238|221434
customlabel.html;262253081;3;1406516550;|14232|221435
events.html;4233303292;3;1406516550;|14233|221436
index.html;2984809481;3;1406516550;|14234|221437
mvvm.html;306313696;3;1406516550;|14235|221438
rtl.html;3826153650;3;1406516550;|14236|221439
vertical.html;454803962;3;1406516550;|14237|221440
