SCMBranch=USR-717
SCMRepository=User Interface/Task Time Tracker/Web/Shared/ApplicationManagement/HelpPageContext
SCMMainlineUUID={6a359bb0-6131-417f-b48a-3113b3a22182}
SCMBranchRepositoryID=10740
Export.aspx;35098646;2;1394430867;|5247|118897
Export.aspx.designer.cs;2503519592;2;1394430867;|5255|154929
Default.aspx.cs;3462323387;17;1408591362;|5266|229625
Insert.aspx.cs;456396414;12;1408591362;|5254|229628
Default.aspx;2668079017;7;1408639049;|5250|233779
Clone.aspx;156671905;6;1410146591;|5256|250628
Clone.aspx.designer.cs;3839467856;3;1410146591;|5259|250629
Default.aspx.designer.cs;3684930199;5;1410146591;|5265|250631
Delete.aspx;2097172091;7;1410146591;|5249|250632
Delete.aspx.designer.cs;265461820;3;1410146591;|5262|250634
Details.aspx;51144973;7;1410146591;|5248|250635
Details.aspx.designer.cs;3317897608;3;1410146591;|5260|250637
Export.aspx.cs;308400446;11;1410146591;|5257|245831
Insert.aspx;959554280;6;1410146591;|5246|250638
Insert.aspx.designer.cs;1430754486;3;1410146591;|5253|250639
Update.aspx;765019405;6;1410146591;|5263|250640
Update.aspx.designer.cs;2618400702;3;1410146591;|5251|250642
Clone.aspx.cs;3554106601;11;1414437907;|5258|273804
Delete.aspx.cs;4206178390;17;1414437907;|5264|273805
Details.aspx.cs;2457342955;12;1414437907;|5261|273806
Update.aspx.cs;3716436239;18;1414437907;|5252|273807
