SCMBranch=USR-717
SCMRepository=User Interface/Task Time Tracker/Web/Shared/Configuration/FieldConfigurationMode
SCMMainlineUUID={6a359bb0-6131-417f-b48a-3113b3a22182}
SCMBranchRepositoryID=12654
Clone.aspx.cs;3251205193;7;1394430877;|8152|111664
Details.aspx.cs;1473384454;9;1394430877;|8136|120480
Export.aspx;1122030462;3;1394430877;|8144|172532
Export.aspx.designer.cs;2913700672;2;1394430877;|8139|155237
Insert.aspx.cs;702175824;9;1394430877;|8142|111663
Search.aspx;1385962338;1;1394430877;|8133|28595
Search.aspx.cs;683728450;1;1394430877;|8155|28617
Search.aspx.designer.cs;3710648993;1;1394430877;|8156|28618
Update.aspx.cs;3222246926;11;1394430877;|8157|111662
Default.aspx;3896054610;12;1408639051;|8147|233827
InlineUpdate.aspx.cs;1727431985;10;1408639051;|8140|233831
Clone.aspx;3251383544;5;1410146597;|8154|250768
Clone.aspx.designer.cs;2931097592;3;1410146597;|8151|250769
CommonUpdate.aspx;1839058784;6;1410146597;|8153|250770
CommonUpdate.aspx.cs;4228004735;11;1410146597;|8150|250771
CommonUpdate.aspx.designer.cs;3355856276;3;1410146597;|8149|250772
Default.aspx.cs;4225601041;22;1410146597;|8148|250774
Default.aspx.designer.cs;1731782818;6;1410146597;|8160|250775
Delete.aspx;3031453354;7;1410146597;|8146|250776
Delete.aspx.designer.cs;3209142374;3;1410146597;|8159|250777
Details.aspx;2965394228;6;1410146597;|8145|250778
Details.aspx.designer.cs;3498306276;4;1410146597;|8137|250779
Export.aspx.cs;730622193;10;1410146597;|8138|250780
InlineUpdate.aspx;140420209;5;1410146597;|8135|250781
InlineUpdate.aspx.designer.cs;1271108134;3;1410146597;|8141|250782
Insert.aspx;1197087551;5;1410146597;|8134|250783
Insert.aspx.designer.cs;2279348147;3;1410146597;|8143|250784
Update.aspx;2933872329;5;1410146597;|8132|250785
Update.aspx.designer.cs;3542860536;3;1410146597;|8158|250786
Delete.aspx.cs;2494951707;14;1414437912;|8131|273835
