SCMBranch=USR-717
SCMRepository=User Interface/Task Time Tracker/Web/Prototype/Kendo/web/panelbar
SCMMainlineUUID={6a359bb0-6131-417f-b48a-3113b3a22182}
SCMBranchRepositoryID=19193
ajax.html;2004802722;3;1406516550;|14226|221424
animation.html;1453141522;3;1406516550;|14227|221425
api.html;2585031938;3;1406516550;|14229|221426
events.html;2531797517;3;1406516550;|14230|221427
images.html;554783435;3;1406516550;|14228|221428
index.html;1116400000;3;1406516550;|14225|221429
mvvm.html;1981895934;3;1406516550;|14224|221430
navigation.html;3294517887;3;1406516550;|14223|221431
rtl.html;3277931450;3;1406516550;|14222|221432
