SCMBranch=USR-717
SCMRepository=User Interface/Task Time Tracker/Web/Prototype/Kendo/content/mobilethemebuilder/images
SCMMainlineUUID={6a359bb0-6131-417f-b48a-3113b3a22182}
SCMBranchRepositoryID=19048
android.png;3299401754;1;1394430809;|13202|158291
ann.jpg;1517207867;1;1394430809;|13204|158293
annette.jpg;3766905500;1;1394430809;|13201|158290
antonio.jpg;398265735;1;1394430809;|13200|158289
blackberry.png;2523322962;1;1394430809;|13199|158288
carine.jpg;2003478222;1;1394430809;|13198|158287
catherine.jpg;2616558023;1;1394430809;|13203|158292
christina.jpg;1913460409;1;1394430809;|13219|158308
daniel.jpg;505190906;1;1394430809;|13208|158297
diego.jpg;4263290284;1;1394430809;|13209|158298
eduardo.jpg;935770577;1;1394430809;|13210|158299
elizabeth.jpg;3769806570;1;1394430809;|13211|158300
felipe.jpg;2903567145;1;1394430809;|13212|158301
fran.jpg;1430247892;1;1394430809;|13213|158302
francisco.jpg;4163316146;1;1394430809;|13214|158303
help.png;3206440571;1;1394430809;|13215|158304
Icon-72.png;3522428705;1;1394430809;|13216|158305
Icon2x.png;2487870497;1;1394430809;|13217|158306
iconmasks.svg;3764569025;1;1394430809;|13218|158307
iphone.png;1526372762;1;1394430809;|13207|158296
meego.png;605693065;1;1394430809;|13206|158295
wp8.png;2482952911;1;1394430809;|13205|158294
