SCMBranch=USR-717
SCMRepository=User Interface/Task Time Tracker/Web/ckeditor/skins/v2/images
SCMMainlineUUID={6a359bb0-6131-417f-b48a-3113b3a22182}
SCMBranchRepositoryID=9854
dialog_sides.gif;2069200009;1;1394430782;|4689|11476
dialog_sides.png;114469331;1;1394430782;|4690|11477
dialog_sides_rtl.png;1824166544;1;1394430782;|4683|11470
mini.gif;2160920334;1;1394430782;|4684|11471
noimage.png;1809478944;1;1394430782;|4685|11472
sprites.png;2376600370;1;1394430782;|4686|11473
sprites_ie6.png;2669774244;1;1394430782;|4687|11474
toolbar_start.gif;391375238;1;1394430782;|4688|11475
