SCMBranch=USR-717
SCMRepository=User Interface/Task Time Tracker/Web/Shared/ApplicationManagement/ReleaseLogDetail
SCMMainlineUUID={6a359bb0-6131-417f-b48a-3113b3a22182}
SCMBranchRepositoryID=5547
Clone.aspx.cs;1574692707;8;1394430868;|1673|126499
Clone.aspx.designer.cs;2054653164;2;1394430868;|1659|68741
Default.aspx;4196857866;9;1394430868;|1672|172122
Default.aspx.designer.cs;1232349772;3;1394430869;|1660|117453
Delete.aspx.designer.cs;1475560363;2;1394430869;|1662|68743
Details.aspx.designer.cs;2910393692;2;1394430869;|1665|68745
Export.aspx;3056868006;2;1394430869;|1654|118809
Export.aspx.designer.cs;1817448500;2;1394430869;|1667|154664
Insert.aspx.cs;2000000747;12;1394430869;|1668|126502
Insert.aspx.designer.cs;1581426450;2;1394430869;|1670|68747
Update.aspx.designer.cs;432762377;2;1394430869;|1664|68749
CommonUpdate.aspx.designer.cs;631316117;1;1395858214;|17776|184661
Clone.aspx;4166692532;5;1401678840;|1658|201410
CommonUpdate.aspx;183482287;2;1401678840;|17777|199196
Delete.aspx;644221783;6;1401678840;|1656|201411
Details.aspx;345605431;8;1401678840;|1655|201412
Insert.aspx;1333270352;5;1401678840;|1669|201413
Update.aspx;536498151;7;1401678840;|1674|201414
CommonUpdate.aspx.cs;3754074184;3;1404188669;|17778|209439
Update.aspx.cs;667517184;17;1404188269;|1671|209440
Details.aspx.cs;3733984586;18;1404188323;|1663|209443
Export.aspx.cs;1106884415;6;1404188575;|1666|209444
Delete.aspx.cs;3953690029;14;1404236644;|1661|209532
Default.aspx.cs;2287569804;20;1406649550;|1657|222762
