SCMBranch=USR-717
SCMRepository=User Interface/Task Time Tracker/Web/Shared/QualityAssurance/FunctionalityActiveStatus
SCMMainlineUUID={6a359bb0-6131-417f-b48a-3113b3a22182}
SCMBranchRepositoryID=12778
Clone.aspx.cs;2349285399;6;1394430896;|8368|107936
Clone.aspx.designer.cs;1627387789;2;1394430896;|8369|58752
CommonUpdate.aspx.designer.cs;4104379669;2;1394430896;|8384|58755
Default.aspx;494637507;7;1394430896;|8351|172606
Default.aspx.designer.cs;3040640166;4;1394430896;|8365|92379
Delete.aspx.designer.cs;3755304366;2;1394430896;|8363|58761
Details.aspx.cs;3865340291;8;1394430896;|8362|120262
Details.aspx.designer.cs;2972240250;3;1394430896;|8361|108114
Export.aspx;57711414;2;1394430896;|8354|118921
Export.aspx.cs;2155506226;5;1394430896;|8360|155026
Export.aspx.designer.cs;2740803120;2;1394430896;|8357|155027
InlineUpdate.aspx.designer.cs;4125622077;2;1394430896;|8386|58767
Insert.aspx.cs;1039213572;7;1394430896;|8367|107937
Insert.aspx.designer.cs;1996031493;2;1394430896;|8349|58770
Update.aspx.cs;3123314216;12;1394430896;|8350|107938
Update.aspx.designer.cs;3392480585;2;1394430896;|8352|58773
CommonUpdate.aspx.cs;1742524495;11;1395688974;|8383|184013
InlineUpdate.aspx.cs;1375583045;10;1400086236;|8385|188934
Clone.aspx;4218484545;4;1401678846;|8358|199434
CommonUpdate.aspx;2733471364;4;1401678846;|8388|199435
Delete.aspx;2490005395;5;1401678846;|8359|199436
Details.aspx;1974010449;5;1401678846;|8353|199437
InlineUpdate.aspx;441288979;4;1401678846;|8387|199438
Insert.aspx;1146389541;4;1401678846;|8355|199439
Update.aspx;301550209;4;1401678846;|8356|199440
Delete.aspx.cs;384494408;11;1404236648;|8364|209331
Default.aspx.cs;1852544918;13;1405544893;|8366|213405
