SCMBranch=USR-717
SCMRepository=User Interface/Task Time Tracker/Web/Configuration/ThemeDetail/Controls
SCMMainlineUUID={6a359bb0-6131-417f-b48a-3113b3a22182}
SCMBranchRepositoryID=29144
Details.ascx;158414811;1;1417403881;|28521|279105
Details.ascx.cs;3234898454;1;1417403881;|28529|279113
Details.ascx.designer.cs;4060730419;1;1417403881;|28528|279112
Generic.ascx;789912494;1;1417403881;|28520|279104
Generic.ascx.designer.cs;360317085;1;1417403881;|28526|279110
List.ascx;228332943;1;1417403881;|28525|279109
List.ascx.cs;2571423908;1;1417403881;|28524|279108
List.ascx.designer.cs;1270517683;1;1417403881;|28523|279107
SearchFilter.ascx;3044700824;1;1417403881;|28519|279103
SearchFilter.ascx.cs;3428768098;1;1417403881;|28522|279106
SearchFilter.ascx.designer.cs;3710035612;1;1417403881;|28530|279114
Generic.ascx.cs;1270999928;3;1469426631;|28527|352074
