SCMBranch=USR-717
SCMRepository=User Interface/Task Time Tracker/Web/Prototype/Kendo/content/web/foods
SCMMainlineUUID={6a359bb0-6131-417f-b48a-3113b3a22182}
SCMBranchRepositoryID=19098
1.jpg;3532503622;1;1394430815;|13732|158821
10.jpg;1230731437;1;1394430815;|13731|158820
11.jpg;3440796157;1;1394430815;|13730|158819
12.jpg;2072790672;1;1394430815;|13729|158818
13.jpg;3073051158;1;1394430815;|13728|158817
14.jpg;2333557572;1;1394430815;|13727|158816
15.jpg;2665367932;1;1394430815;|13726|158815
16.jpg;3352423771;1;1394430815;|13725|158814
17.jpg;932770797;1;1394430815;|13724|158813
18.jpg;55476018;1;1394430815;|13723|158812
19.jpg;2388945646;1;1394430815;|13722|158811
2.jpg;3928487325;1;1394430815;|13721|158810
20.jpg;270037213;1;1394430815;|13720|158809
21.jpg;3530365818;1;1394430815;|13719|158808
22.jpg;2723330062;1;1394430815;|13718|158807
23.jpg;514090492;1;1394430815;|13717|158806
24.jpg;3620728450;1;1394430815;|13716|158805
25.jpg;1928171166;1;1394430815;|13715|158804
26.jpg;1716567214;1;1394430815;|13678|158767
27.jpg;3955227051;1;1394430815;|13673|158762
28.jpg;353331220;1;1394430815;|13655|158744
29.jpg;1980529822;1;1394430815;|13656|158745
3.jpg;3620171842;1;1394430815;|13657|158746
30.jpg;1099459166;1;1394430815;|13658|158747
31.jpg;29242477;1;1394430815;|13659|158748
32.jpg;1495662454;1;1394430815;|13660|158749
33.jpg;831654622;1;1394430815;|13661|158750
34.jpg;3016972538;1;1394430815;|13662|158751
35.jpg;2539191146;1;1394430815;|13663|158752
36.jpg;2158645255;1;1394430815;|13664|158753
37.jpg;492279005;1;1394430815;|13665|158754
38.jpg;358813745;1;1394430815;|13666|158755
39.jpg;87164516;1;1394430815;|13667|158756
4.jpg;1674744153;1;1394430815;|13668|158757
40.jpg;1081743162;1;1394430815;|13669|158758
41.jpg;567469101;1;1394430815;|13670|158759
42.jpg;825987041;1;1394430815;|13671|158760
43.jpg;174353207;1;1394430815;|13672|158761
44.jpg;2188032118;1;1394430815;|13734|158823
45.jpg;2740002420;1;1394430815;|13674|158763
46.jpg;2624781178;1;1394430815;|13675|158764
47.jpg;2006951915;1;1394430815;|13676|158765
48.jpg;2035968212;1;1394430815;|13677|158766
49.jpg;2923072396;1;1394430815;|13733|158822
5.jpg;3495205686;1;1394430815;|13679|158768
50.jpg;1253146881;1;1394430815;|13680|158769
51.jpg;1428569898;1;1394430815;|13681|158770
52.jpg;811851493;1;1394430815;|13682|158771
53.jpg;2631216484;1;1394430815;|13683|158772
54.jpg;2408108612;1;1394430815;|13684|158773
55.jpg;247334319;1;1394430815;|13685|158774
56.jpg;3356148141;1;1394430815;|13686|158775
57.jpg;2081286738;1;1394430815;|13687|158776
58.jpg;3640485771;1;1394430815;|13688|158777
59.jpg;3943610543;1;1394430815;|13689|158778
6.jpg;3660092753;1;1394430815;|13690|158779
60.jpg;2439133147;1;1394430815;|13691|158780
61.jpg;3500827849;1;1394430815;|13692|158781
62.jpg;2648196481;1;1394430815;|13693|158782
63.jpg;580219549;1;1394430815;|13694|158783
64.jpg;1714916490;1;1394430815;|13695|158784
65.jpg;1468787921;1;1394430815;|13696|158785
66.jpg;4237416561;1;1394430815;|13697|158786
67.jpg;427238394;1;1394430815;|13698|158787
68.jpg;354573724;1;1394430815;|13699|158788
69.jpg;2882973267;1;1394430816;|13700|158789
7.jpg;570932333;1;1394430816;|13701|158790
70.jpg;1964200925;1;1394430816;|13702|158791
71.jpg;2784272753;1;1394430816;|13703|158792
72.jpg;3229814473;1;1394430816;|13704|158793
73.jpg;3220153272;1;1394430816;|13705|158794
74.jpg;2229428682;1;1394430816;|13706|158795
75.jpg;1068029856;1;1394430816;|13707|158796
76.jpg;3042178529;1;1394430816;|13708|158797
77.jpg;305255836;1;1394430816;|13709|158798
78.jpg;2531050430;1;1394430816;|13710|158799
79.jpg;428959658;1;1394430816;|13711|158800
8.jpg;3896154245;1;1394430816;|13712|158801
80.jpg;2197360007;1;1394430816;|13713|158802
9.jpg;2003295109;1;1394430816;|13714|158803
