SCMBranch=USR-717
SCMRepository=User Interface/Task Time Tracker/Web/Shared/QualityAssurance/FunctionalityImageAttribute/Controls
SCMMainlineUUID={6a359bb0-6131-417f-b48a-3113b3a22182}
SCMBranchRepositoryID=13027
Details.ascx.designer.cs;1365204770;4;1394430898;|8628|155259
List.ascx.cs;4204750778;5;1394430898;|8631|141108
List.ascx.designer.cs;116163896;1;1394430898;|8632|53019
Validation.xml;3687457457;1;1394430898;|8626|53013
Generic.ascx.cs;2563252979;17;1395025027;|8629|182694
Generic.ascx.designer.cs;1090047386;4;1395025027;|8630|182695
Generic.ascx;2440451122;10;1401244948;|8621|195600
List.ascx;927660765;2;1401244948;|8623|193935
Details.ascx;1252488759;7;1401678846;|8622|201872
Details.ascx.cs;848658428;11;1401678846;|8627|201873
SearchFilter.ascx;1817707317;14;1405544894;|8624|213217
SearchFilter.ascx.cs;2843942268;25;1405544894;|8633|213417
SearchFilter.ascx.designer.cs;1220074730;5;1405544894;|8625|213219
