SCMBranch=USR-717
SCMRepository=User Interface/Task Time Tracker/Web/app/BM/Legal/views/Gen/List
SCMMainlineUUID={6a359bb0-6131-417f-b48a-3113b3a22182}
SCMBranchRepositoryID=35063
listTableTransactionType.html;3018217477;2;1435294983;|38739|311789
Core.cs;1566315191;2;1439523305;|38579|322471
Core.tt;1293093901;7;1474515154;|38578|356099
listTableCaseStatus.html;2320643868;7;1474515154;|38580|356100
listTableCaseType.html;2426650146;7;1474515154;|38581|356101
listTableClientType.html;424792418;7;1474515154;|38582|356102
listTableCounsel.html;1577871999;7;1474515154;|38583|356103
listTableJurisdictions.html;3693876304;7;1474515154;|38584|356104
listTableMovantType.html;2954111279;7;1474515154;|38585|356105
listTablePressReleaseType.html;1924536670;6;1474515155;|38740|356106
listTableReportingRequirement.html;2095250578;6;1474515155;|38741|356107
listTableReportType.html;409348488;6;1474515155;|38742|356108
listTableRetrievalMethod.html;1544716624;6;1474515155;|38743|356109
listTableSettlementStatus.html;868577719;6;1474515155;|38738|356110
