SCMBranch=USR-717
SCMRepository=User Interface/Task Time Tracker/Web/Content/kendo/2013.3.1119/Silver
SCMMainlineUUID={6a359bb0-6131-417f-b48a-3113b3a22182}
SCMBranchRepositoryID=18996
editor.png;3488544970;1;1394430785;|12937|158026
imagebrowser.png;1242563737;1;1394430785;|12929|158018
indeterminate.gif;572217683;1;1394430785;|12930|158019
loading-image.gif;2063173041;1;1394430785;|12931|158020
loading.gif;1900030846;1;1394430785;|12932|158021
loading_2x.gif;3924158094;1;1394430785;|12934|158023
slider-h.gif;2797122243;1;1394430785;|12935|158024
slider-v.gif;4195440708;1;1394430785;|12936|158025
sprite.png;250624966;1;1394430785;|12933|158022
sprite_2x.png;3032554332;1;1394430785;|12928|158017
