SCMBranch=USR-717
SCMRepository=User Interface/Task Time Tracker/Web/MA/ApplicationDevelopment/FunctionalityPriority
SCMMainlineUUID={6a359bb0-6131-417f-b48a-3113b3a22182}
SCMBranchRepositoryID=30767
Clone.aspx.cs;281938303;1;1418613668;|32836|285414
Clone.aspx.designer.cs;2194317069;1;1418613668;|32835|285413
Delete.aspx.cs;4177349165;1;1418613669;|32831|285409
Delete.aspx.designer.cs;3701553005;1;1418613669;|32838|285416
Details.aspx.cs;1258252470;1;1418613669;|32840|285418
Details.aspx.designer.cs;2256911107;1;1418613669;|32841|285419
Export.aspx;511821368;1;1418613669;|32833|285411
Export.aspx.cs;3423115573;1;1418613669;|32842|285420
Export.aspx.designer.cs;242354817;1;1418613669;|32843|285421
InlineUpdate.aspx;4202149199;1;1418613669;|32837|285415
InlineUpdate.aspx.designer.cs;472573396;1;1418613669;|32845|285423
Insert.aspx.cs;3638321492;1;1418613669;|32846|285424
Insert.aspx.designer.cs;3233204976;1;1418613669;|32847|285425
Update.aspx.cs;4168207364;1;1418613669;|32848|285426
Clone.aspx;1307226300;3;1418752887;|32828|289006
Delete.aspx;2231809751;3;1418752887;|32849|289008
Insert.aspx;2452448061;3;1418752887;|32851|289009
Details.aspx;3791375869;2;1419542781;|32832|290793
Update.aspx;3876693311;5;1428633518;|32850|299860
Update.aspx.designer.cs;1189599014;2;1428633518;|32839|299861
CommonUpdate.aspx;3592597806;2;1462161185;|32829|346111
CommonUpdate.aspx.cs;2336845399;2;1462161185;|32852|346112
CommonUpdate.aspx.designer.cs;1031525165;2;1462161185;|32834|346113
Default.aspx;3732658451;4;1462161185;|32830|346114
Default.aspx.cs;332410871;2;1462161185;|32826|346115
Default.aspx.designer.cs;34945018;2;1462161185;|32827|346116
UI_Pages.cs;1309701801;1;1462161185;|41517|346050
UI_Pages.tt;2008961778;1;1462161185;|41516|346049
InlineUpdate.aspx.cs;3560305529;2;1464933980;|32844|349586
