SCMBranch=USR-717
SCMRepository=User Interface/Task Time Tracker/Web/Configuration/ThemeCategory
SCMMainlineUUID={6a359bb0-6131-417f-b48a-3113b3a22182}
SCMBranchRepositoryID=29141
Clone.aspx.cs;1635574258;1;1417403881;|28462|279046
Clone.aspx.designer.cs;2938537967;1;1417403881;|28461|279045
Delete.aspx.cs;3448194815;1;1417403881;|28456|279040
Delete.aspx.designer.cs;2690526115;1;1417403881;|28455|279039
Details.aspx.cs;1724156667;1;1417403881;|28451|279035
Details.aspx.designer.cs;596195206;1;1417403881;|28450|279034
Export.aspx;3238228628;1;1417403881;|28446|279030
Export.aspx.cs;1952470679;1;1417403881;|28449|279033
Export.aspx.designer.cs;550422340;1;1417403881;|28448|279032
InlineUpdate.aspx;3719293461;1;1417403881;|28447|279031
InlineUpdate.aspx.designer.cs;3718690181;1;1417403881;|28468|279052
Insert.aspx.cs;1128491479;1;1417403881;|28467|279051
Insert.aspx.designer.cs;3989047501;1;1417403881;|28466|279050
Settings.aspx;1550293308;1;1417403881;|28463|279047
Settings.aspx.cs;2393754667;1;1417403881;|28454|279038
Settings.aspx.designer.cs;4117343335;1;1417403881;|28472|279056
Update.aspx.cs;1618399285;1;1417403881;|28473|279057
Clone.aspx;1366349;2;1417540916;|28452|280325
Delete.aspx;1388497130;2;1417540916;|28475|280327
Insert.aspx;4122112983;2;1417540916;|28465|280328
Details.aspx;3488535448;2;1419542780;|28471|290751
Update.aspx;454848206;4;1428633516;|28464|299824
Update.aspx.designer.cs;2385170625;2;1428633516;|28474|299825
CommonUpdate.aspx;1071832310;2;1462161178;|28453|346281
CommonUpdate.aspx.cs;726241954;2;1462161178;|28460|346282
CommonUpdate.aspx.designer.cs;1694093310;2;1462161184;|28459|346283
Default.aspx;3404920665;3;1462161184;|28470|346284
Default.aspx.cs;2872356263;2;1462161184;|28458|346285
Default.aspx.designer.cs;3239338725;2;1462161184;|28457|346286
UI_Pages.cs;1309701801;1;1462161184;|41549|346213
UI_Pages.tt;3078221397;1;1462161184;|41548|346212
InlineUpdate.aspx.cs;2948342835;2;1464838862;|28469|349186
