SCMBranch=USR-717
SCMRepository=User Interface/Task Time Tracker/Web/Prototype/Kendo/content/web/foods/200
SCMMainlineUUID={6a359bb0-6131-417f-b48a-3113b3a22182}
SCMBranchRepositoryID=19099
11.jpg;1438993569;1;1394430816;|13740|158829
12.jpg;4210243256;1;1394430816;|13735|158824
31.jpg;969917480;1;1394430816;|13739|158828
32.jpg;1634110201;1;1394430816;|13738|158827
33.jpg;1308459877;1;1394430816;|13737|158826
59.jpg;1378889776;1;1394430816;|13736|158825
60.jpg;1984127452;1;1394430816;|13741|158830
69.jpg;3905888361;1;1394430816;|13742|158831
72.jpg;2893964079;1;1394430816;|13743|158832
