SCMBranch=USR-717
SCMRepository=User Interface/Task Time Tracker/Web/Shared/QualityAssurance/FunctionalityXFunctionalityActiveStatus
SCMMainlineUUID={6a359bb0-6131-417f-b48a-3113b3a22182}
SCMBranchRepositoryID=12800
Clone.aspx.cs;2288397913;4;1394430900;|8402|127297
Clone.aspx.designer.cs;1390423773;2;1394430900;|8403|127298
CommonUpdate.aspx.designer.cs;901504380;1;1394430900;|8421|31904
Default.aspx;2441004575;8;1394430900;|8411|172634
Default.aspx.designer.cs;1919224899;3;1394430900;|8423|115930
Delete.aspx.designer.cs;2777947039;1;1394430900;|8425|31908
Details.aspx.cs;1468854732;10;1394430900;|8426|180939
Details.aspx.designer.cs;4148556899;2;1394430900;|8427|127302
Export.aspx;1981179510;2;1394430900;|8437|118935
Export.aspx.cs;1041654517;5;1394430900;|8428|155052
Export.aspx.designer.cs;1981117987;2;1394430900;|8429|155053
Insert.aspx.cs;2117475321;5;1394430900;|8432|127304
Insert.aspx.designer.cs;3029599471;2;1394430900;|8433|127305
Settings.aspx.cs;936928677;1;1394430900;|8434|31917
Settings.aspx.designer.cs;4252473069;2;1394430900;|8435|156291
Update.aspx.cs;354042739;8;1394430900;|8436|127307
Update.aspx.designer.cs;1513746002;2;1394430900;|8419|127308
InlineUpdate.aspx.designer.cs;4070881174;2;1396631439;|8431|185832
InlineUpdate.aspx.cs;3238273897;10;1400086236;|8430|188939
CommonUpdate.aspx.cs;452095077;13;1401244948;|8420|190082
Clone.aspx;3013412543;4;1401678847;|8404|199493
CommonUpdate.aspx;2104270535;3;1401678847;|8413|199494
Delete.aspx;2513063861;4;1401678847;|8412|199495
Details.aspx;3927957312;5;1401678847;|8414|199496
InlineUpdate.aspx;3248676598;4;1401678847;|8418|199497
Insert.aspx;2601508308;4;1401678847;|8417|199498
Settings.aspx;3163487681;4;1401678847;|8416|199499
Update.aspx;1160152455;5;1401678847;|8415|199500
Delete.aspx.cs;1563204382;8;1404236648;|8424|209339
Default.aspx.cs;1379666925;14;1405544894;|8422|213424
