SCMBranch=USR-717
SCMRepository=User Interface/Task Time Tracker/Web/Scripts/ace-editor/src
SCMMainlineUUID={6a359bb0-6131-417f-b48a-3113b3a22182}
SCMBranchRepositoryID=27226
ace.js;2758215463;1;1410186248;|23915|252252
ext-beautify.js;518358542;1;1410186248;|23916|252253
ext-chromevox.js;2198152145;1;1410186248;|23917|252254
ext-elastic_tabstops_lite.js;2641452692;1;1410186248;|23918|252255
ext-emmet.js;455044119;1;1410186248;|23919|252256
ext-error_marker.js;1800547105;1;1410186248;|23920|252257
ext-keybinding_menu.js;954412189;1;1410186248;|23967|252304
ext-language_tools.js;4215641913;1;1410186248;|23968|252305
ext-linking.js;1267453258;1;1410186248;|23969|252306
ext-modelist.js;597196791;1;1410186248;|23970|252307
ext-old_ie.js;1943184213;1;1410186248;|23971|252308
ext-searchbox.js;682186118;1;1410186248;|23972|252309
ext-settings_menu.js;1746096151;1;1410186248;|23973|252310
ext-spellcheck.js;4189873324;1;1410186248;|23974|252311
ext-split.js;507947026;1;1410186248;|23975|252312
ext-static_highlight.js;377327225;1;1410186249;|23976|252313
ext-statusbar.js;89230916;1;1410186249;|23977|252314
ext-textarea.js;1434467255;1;1410186249;|23978|252315
ext-themelist.js;2421845318;1;1410186249;|23979|252316
ext-whitespace.js;98967468;1;1410186249;|23980|252317
keybinding-emacs.js;79600543;1;1410186249;|23981|252318
keybinding-vim.js;1435048269;1;1410186249;|23982|252319
mode-abap.js;2285203705;1;1410186249;|23983|252320
mode-actionscript.js;1142449918;1;1410186249;|23984|252321
mode-ada.js;1490855545;1;1410186249;|23985|252322
mode-apache_conf.js;3504694256;1;1410186249;|23986|252323
mode-applescript.js;1704886988;1;1410186249;|23988|252325
mode-asciidoc.js;1766208483;1;1410186249;|23989|252326
mode-assembly_x86.js;2023324728;1;1410186249;|23990|252327
mode-autohotkey.js;3098618538;1;1410186249;|23991|252328
mode-batchfile.js;2038582460;1;1410186249;|23992|252329
mode-c9search.js;2773491267;1;1410186249;|23993|252330
mode-c_cpp.js;2668320375;1;1410186249;|23994|252331
mode-cirru.js;1902221589;1;1410186249;|23995|252332
mode-clojure.js;3440730652;1;1410186249;|23996|252333
mode-cobol.js;1812800849;1;1410186249;|23997|252334
mode-coffee.js;78962462;1;1410186249;|23998|252335
mode-coldfusion.js;3582118589;1;1410186249;|23999|252336
mode-csharp.js;3955990708;1;1410186249;|24000|252337
mode-css.js;3334319097;1;1410186249;|24001|252338
mode-curly.js;403238301;1;1410186249;|24002|252339
mode-d.js;271339166;1;1410186249;|24003|252340
mode-dart.js;453247883;1;1410186249;|24004|252341
mode-diff.js;1469274712;1;1410186249;|24005|252342
mode-django.js;2939926710;1;1410186249;|24006|252343
mode-dockerfile.js;4091031417;1;1410186249;|24007|252344
mode-dot.js;2580607609;1;1410186249;|24008|252345
mode-ejs.js;724096068;1;1410186249;|24009|252346
mode-erlang.js;3290590702;1;1410186249;|24010|252347
mode-forth.js;325769569;1;1410186249;|24011|252348
mode-ftl.js;3891938968;1;1410186249;|24012|252349
mode-gherkin.js;1352891286;1;1410186249;|24013|252350
mode-gitignore.js;4149761975;1;1410186249;|24014|252351
mode-glsl.js;2606549349;1;1410186249;|24015|252352
mode-golang.js;148512840;1;1410186249;|24016|252353
mode-groovy.js;2550411218;1;1410186249;|24017|252354
mode-haml.js;4176149157;1;1410186249;|24018|252355
mode-handlebars.js;2264169824;1;1410186249;|24019|252356
mode-haskell.js;350092858;1;1410186249;|24020|252357
mode-haxe.js;3362992148;1;1410186249;|24021|252358
mode-html.js;2439917117;1;1410186249;|24022|252359
mode-html_ruby.js;3919762167;1;1410186249;|24023|252360
mode-ini.js;442415548;1;1410186249;|24024|252361
mode-jack.js;1157078767;1;1410186249;|24025|252362
mode-jade.js;828863255;1;1410186249;|24026|252363
mode-java.js;3568910733;1;1410186249;|24027|252364
mode-javascript.js;1160334848;1;1410186249;|24028|252365
mode-json.js;1468101191;1;1410186249;|24029|252366
mode-jsoniq.js;418615240;1;1410186249;|24030|252367
mode-jsp.js;1783814071;1;1410186249;|24031|252368
mode-jsx.js;3323798608;1;1410186249;|24032|252369
mode-julia.js;4040046914;1;1410186249;|24033|252370
mode-latex.js;1384943067;1;1410186249;|24034|252371
mode-less.js;3324325151;1;1410186250;|24035|252372
mode-liquid.js;2799498584;1;1410186250;|24036|252373
mode-lisp.js;3445670250;1;1410186250;|24037|252374
mode-livescript.js;1840962480;1;1410186250;|24038|252375
mode-logiql.js;3139039201;1;1410186250;|24039|252376
mode-lsl.js;209119123;1;1410186250;|24040|252377
mode-lua.js;1175827381;1;1410186250;|24041|252378
mode-luapage.js;2009330538;1;1410186250;|24042|252379
mode-lucene.js;192768862;1;1410186250;|24043|252380
mode-makefile.js;2611300984;1;1410186250;|24044|252381
mode-markdown.js;1443205844;1;1410186250;|24045|252382
mode-matlab.js;1102265021;1;1410186250;|24046|252383
mode-mel.js;22184712;1;1410186250;|24047|252384
mode-mushcode.js;1622088620;1;1410186250;|24048|252385
mode-mysql.js;2207704010;1;1410186250;|24049|252386
mode-nix.js;2160193730;1;1410186250;|24050|252387
mode-objectivec.js;71075426;1;1410186250;|24051|252388
mode-ocaml.js;1474641315;1;1410186250;|24052|252389
mode-pascal.js;1740363090;1;1410186250;|24053|252390
mode-perl.js;2992034052;1;1410186250;|24054|252391
mode-pgsql.js;1031786874;1;1410186250;|24055|252392
mode-php.js;2322215383;1;1410186250;|24056|252393
mode-plain_text.js;331930892;1;1410186250;|24057|252394
mode-powershell.js;1337277245;1;1410186250;|24058|252395
mode-prolog.js;3618391022;1;1410186250;|24059|252396
mode-properties.js;4221749635;1;1410186250;|24060|252397
mode-protobuf.js;1007019395;1;1410186250;|24061|252398
mode-python.js;2126236224;1;1410186250;|24062|252399
mode-r.js;2753907298;1;1410186250;|24063|252400
mode-rdoc.js;1214759130;1;1410186250;|24064|252401
mode-rhtml.js;1929429109;1;1410186250;|24065|252402
mode-ruby.js;2106601099;1;1410186250;|24066|252403
mode-rust.js;837480901;1;1410186250;|24067|252404
mode-sass.js;3429046697;1;1410186250;|24068|252405
mode-scad.js;197338843;1;1410186250;|24069|252406
mode-scala.js;1726150793;1;1410186251;|24070|252407
mode-scheme.js;3033572027;1;1410186251;|24071|252408
mode-scss.js;418668903;1;1410186251;|24073|252410
mode-sh.js;2026736512;1;1410186251;|23966|252303
mode-sjs.js;1464286362;1;1410186251;|23965|252302
mode-smarty.js;3209156974;1;1410186251;|23964|252301
mode-snippets.js;144658951;1;1410186251;|23963|252300
mode-soy_template.js;1620855321;1;1410186251;|23962|252299
mode-space.js;3028413449;1;1410186251;|23961|252298
mode-sql.js;4136296142;1;1410186251;|23960|252297
mode-stylus.js;1011718456;1;1410186251;|23929|252266
mode-svg.js;3896576440;1;1410186251;|23899|252236
mode-tcl.js;1121178197;1;1410186251;|23900|252237
mode-tex.js;566130192;1;1410186251;|23901|252238
mode-text.js;346195372;1;1410186251;|23902|252239
mode-textile.js;893384941;1;1410186251;|23903|252240
mode-toml.js;1506925690;1;1410186251;|23904|252241
mode-twig.js;1032976860;1;1410186251;|23905|252242
mode-typescript.js;1989943550;1;1410186251;|23906|252243
mode-vala.js;1139757261;1;1410186251;|23907|252244
mode-vbscript.js;828240879;1;1410186251;|23908|252245
mode-velocity.js;2390280595;1;1410186251;|23909|252246
mode-verilog.js;154883991;1;1410186251;|23910|252247
mode-vhdl.js;4007156820;1;1410186251;|23911|252248
mode-xml.js;781338319;1;1410186251;|23912|252249
mode-xquery.js;2377976969;1;1410186251;|23913|252250
mode-yaml.js;2916217888;1;1410186251;|23914|252251
theme-ambiance.js;3799175352;1;1410186251;|23959|252296
theme-chaos.js;1708224213;1;1410186251;|23958|252295
theme-chrome.js;1844851336;1;1410186251;|23957|252294
theme-clouds.js;888239872;1;1410186251;|23956|252293
theme-clouds_midnight.js;3815960889;1;1410186251;|23955|252292
theme-cobalt.js;3449215603;1;1410186251;|23954|252291
theme-crimson_editor.js;643903607;1;1410186251;|23953|252290
theme-dawn.js;2369695921;1;1410186251;|23952|252289
theme-dreamweaver.js;1682914288;1;1410186251;|23951|252288
theme-eclipse.js;131490895;1;1410186251;|23950|252287
theme-github.js;584439207;1;1410186251;|23949|252286
theme-idle_fingers.js;3361224926;1;1410186251;|23948|252285
theme-katzenmilch.js;3646344799;1;1410186251;|23947|252284
theme-kr.js;3527066343;1;1410186251;|23946|252283
theme-kuroir.js;3892200974;1;1410186251;|23945|252282
theme-merbivore.js;3171700776;1;1410186251;|23944|252281
theme-merbivore_soft.js;915848379;1;1410186251;|23943|252280
theme-mono_industrial.js;4085181824;1;1410186251;|23942|252279
theme-monokai.js;1474049503;1;1410186251;|23941|252278
theme-pastel_on_dark.js;2659128140;1;1410186251;|23940|252277
theme-solarized_dark.js;304068882;1;1410186251;|23939|252276
theme-solarized_light.js;267281097;1;1410186251;|23938|252275
theme-terminal.js;3147840278;1;1410186251;|23937|252274
theme-textmate.js;207394885;1;1410186251;|23936|252273
theme-tomorrow.js;1444503168;1;1410186251;|23935|252272
theme-tomorrow_night.js;327851348;1;1410186251;|23934|252271
theme-tomorrow_night_blue.js;2668378068;1;1410186251;|23933|252270
theme-tomorrow_night_bright.js;255539663;1;1410186251;|23932|252269
theme-tomorrow_night_eighties.js;317127657;1;1410186251;|23931|252268
theme-twilight.js;1880276371;1;1410186251;|23930|252267
theme-vibrant_ink.js;4049278988;1;1410186251;|24072|252409
theme-xcode.js;3296161416;1;1410186251;|23928|252265
worker-coffee.js;1235225006;1;1410186251;|23927|252264
worker-css.js;2681043731;1;1410186251;|23926|252263
worker-html.js;4203141312;1;1410186251;|23925|252262
worker-javascript.js;903183699;1;1410186253;|23924|252261
worker-json.js;1326964545;1;1410186253;|23923|252260
worker-lua.js;461158537;1;1410186253;|23922|252259
worker-php.js;582706800;1;1410186253;|23921|252258
worker-xquery.js;1680324753;1;1410186254;|23987|252324
