SCMBranch=USR-717
SCMRepository=User Interface/Task Time Tracker/Web/Shared/TasksAndWorkflow/TaskScheduleType
SCMMainlineUUID={6a359bb0-6131-417f-b48a-3113b3a22182}
SCMBranchRepositoryID=29212
Clone.aspx;1432700780;1;1417403915;|27600|278166
Clone.aspx.cs;1148884311;1;1417403915;|27615|278181
Clone.aspx.designer.cs;2860733396;1;1417403915;|27616|278182
CommonUpdate.aspx;456765096;1;1417403915;|27614|278180
CommonUpdate.aspx.cs;3676460806;1;1417403915;|27617|278183
CommonUpdate.aspx.designer.cs;1768737620;1;1417403915;|27618|278184
Default.aspx;310013082;1;1417403915;|27608|278174
Default.aspx.cs;2717037556;1;1417403915;|27627|278193
Default.aspx.designer.cs;4214297195;1;1417403915;|27628|278194
Delete.aspx;2078067399;1;1417403915;|27607|278173
Delete.aspx.cs;2596183;1;1417403915;|27629|278195
Delete.aspx.designer.cs;3038203981;1;1417403915;|27626|278192
Details.aspx;4244438833;1;1417403915;|27606|278172
Details.aspx.cs;2307174586;1;1417403915;|27625|278191
Details.aspx.designer.cs;3233209430;1;1417403915;|27624|278190
Export.aspx;3212420203;1;1417403915;|27605|278171
Export.aspx.cs;2240223789;1;1417403915;|27623|278189
Export.aspx.designer.cs;2456714489;1;1417403915;|27622|278188
InlineUpdate.aspx;1079341497;1;1417403915;|27604|278170
InlineUpdate.aspx.cs;2240462770;1;1417403915;|27621|278187
InlineUpdate.aspx.designer.cs;3595536081;1;1417403915;|27620|278186
Insert.aspx;3490287639;1;1417403915;|27603|278169
Insert.aspx.cs;3275270515;1;1417403917;|27619|278185
Insert.aspx.designer.cs;1284390608;1;1417403917;|27613|278179
Settings.aspx;2518741331;1;1417403917;|27602|278168
Settings.aspx.cs;70316453;1;1417403917;|27612|278178
Settings.aspx.designer.cs;32447667;1;1417403917;|27611|278177
Update.aspx;36258706;1;1417403917;|27601|278167
Update.aspx.cs;2316073812;1;1417403917;|27610|278176
Update.aspx.designer.cs;1094358938;1;1417403917;|27609|278175
