SCMBranch=USR-717
SCMRepository=User Interface/Task Time Tracker/Web/Shared/ApplicationDevelopment/FunctionalityPriority
SCMMainlineUUID={6a359bb0-6131-417f-b48a-3113b3a22182}
SCMBranchRepositoryID=22788
Clone.aspx.cs;490728479;2;1406094030;|19768|219340
Export.aspx;3176477375;2;1406094030;|19749|219354
Export.aspx.designer.cs;784654712;2;1406094030;|19758|219356
Insert.aspx.cs;3436180750;2;1406094030;|19755|219361
CommonUpdate.aspx.cs;1817315152;3;1408379788;|19770|226018
Default.aspx.cs;1296050594;4;1408379788;|19764|226019
InlineUpdate.aspx.cs;2936061905;3;1408379788;|19757|226022
Default.aspx;2051770654;4;1408639048;|19746|232626
Clone.aspx;1625021346;3;1410146588;|19766|242825
Clone.aspx.designer.cs;99389953;3;1410146589;|19769|242826
CommonUpdate.aspx;589760996;3;1410146589;|19765|242827
CommonUpdate.aspx.designer.cs;319435869;3;1410146589;|19771|242828
Default.aspx.designer.cs;3537436267;3;1410146589;|19772|238753
Delete.aspx;2102032556;3;1410146589;|19747|242829
Delete.aspx.designer.cs;3720826454;3;1410146589;|19762|242830
Details.aspx;1921295463;3;1410146589;|19748|242831
Details.aspx.cs;1203981154;3;1410146589;|19761|248774
Details.aspx.designer.cs;1379286802;3;1410146589;|19760|242832
Export.aspx.cs;3758004093;6;1410146589;|19759|245820
InlineUpdate.aspx;2881371431;3;1410146589;|19767|242833
InlineUpdate.aspx.designer.cs;3393752069;3;1410146589;|19756|242834
Insert.aspx;4206921204;3;1410146589;|19751|242835
Insert.aspx.designer.cs;537869330;3;1410146589;|19754|242836
Update.aspx;1266042515;3;1410146589;|19750|242837
Update.aspx.cs;4215752116;3;1410146589;|19753|238430
Update.aspx.designer.cs;1166164187;3;1410146589;|19752|242838
Delete.aspx.cs;3810704835;6;1414437902;|19763|273798
