SCMBranch=USR-717
SCMRepository=User Interface/Task Time Tracker/Web/Content/kendo/2013.3.1119
SCMMainlineUUID={6a359bb0-6131-417f-b48a-3113b3a22182}
SCMBranchRepositoryID=18986
kendo.black.min.css;1512203396;1;1394430784;|12824|157913
kendo.blueopal.min.css;1999674717;1;1394430784;|12825|157914
kendo.bootstrap.min.css;3270401008;1;1394430784;|12826|157915
kendo.common-bootstrap.min.css;53271362;1;1394430784;|12827|157916
kendo.common.min.css;921906793;1;1394430784;|12828|157917
kendo.default.min.css;912806885;1;1394430784;|12829|157918
kendo.flat.min.css;2651543909;1;1394430784;|12830|157919
kendo.highcontrast.min.css;548196075;1;1394430784;|12831|157920
kendo.metro.min.css;2355329604;1;1394430784;|12832|157921
kendo.metroblack.min.css;633718680;1;1394430784;|12833|157922
kendo.moonlight.min.css;3267016349;1;1394430784;|12837|157926
kendo.rtl.min.css;3414938611;1;1394430784;|12835|157924
kendo.silver.min.css;1479263175;1;1394430784;|12834|157923
kendo.uniform.min.css;3942463455;1;1394430784;|12836|157925
