SCMBranch=USR-717
SCMRepository=User Interface/Task Time Tracker/Web/ckeditor/plugins/placeholder/lang
SCMMainlineUUID={6a359bb0-6131-417f-b48a-3113b3a22182}
SCMBranchRepositoryID=9816
_translationstatus.txt;3689741301;1;1394430780;|4520|11307
bg.js;354674038;1;1394430780;|4539|11326
cs.js;1494786129;1;1394430780;|4515|11302
cy.js;2588801206;1;1394430780;|4516|11303
da.js;1604328216;1;1394430780;|4517|11304
de.js;2629879656;1;1394430780;|4518|11305
el.js;2461687958;1;1394430780;|4519|11306
en.js;4222049411;1;1394430780;|4540|11327
eo.js;326867374;1;1394430780;|4521|11308
et.js;979691867;1;1394430780;|4522|11309
fa.js;1912978672;1;1394430780;|4523|11310
fi.js;4209158839;1;1394430780;|4524|11311
fr.js;3653672847;1;1394430780;|4525|11312
he.js;3541238426;1;1394430780;|4526|11313
hr.js;2976891387;1;1394430780;|4527|11314
it.js;3076981926;1;1394430780;|4528|11315
nb.js;3341635277;1;1394430780;|4529|11316
nl.js;3045388520;1;1394430780;|4530|11317
no.js;2255852994;1;1394430780;|4531|11318
pl.js;1941367938;1;1394430780;|4532|11319
pt-br.js;3873395768;1;1394430780;|4533|11320
tr.js;2070363706;1;1394430780;|4534|11321
ug.js;3239192938;1;1394430780;|4535|11322
uk.js;1021457957;1;1394430780;|4536|11323
vi.js;26695549;1;1394430780;|4537|11324
zh-cn.js;2995684691;1;1394430780;|4538|11325
