SCMBranch=USR-717
SCMRepository=User Interface/Task Time Tracker/Web/Styles/Kendo/textures
SCMMainlineUUID={6a359bb0-6131-417f-b48a-3113b3a22182}
SCMBranchRepositoryID=19224
brushed-metal.png;811728167;1;1394430906;|16218|161307
dots1.png;3942402896;1;1394430906;|16219|161308
dots10.png;2839425797;1;1394430906;|16220|161309
dots11.png;2962135670;1;1394430906;|16221|161310
dots12.png;2990773755;1;1394430906;|16222|161311
dots13.png;492502151;1;1394430906;|16223|161312
dots2.png;1921400525;1;1394430906;|16224|161313
dots3.png;1526777111;1;1394430906;|16225|161314
dots4.png;365475962;1;1394430906;|16205|161294
dots5.png;3199068209;1;1394430906;|16196|161285
dots6.png;4250251715;1;1394430906;|16197|161286
dots7.png;3708425969;1;1394430906;|16198|161287
dots8.png;3490601637;1;1394430906;|16199|161288
dots9.png;2999003283;1;1394430906;|16200|161289
glass-lighter.png;2982402644;1;1394430906;|16201|161290
glass.png;2809955914;1;1394430906;|16202|161291
highlight.png;4051942319;1;1394430906;|16203|161292
hsv-gradient.png;1618843375;1;1394430906;|16204|161293
hue.png;2929037260;1;1394430906;|16217|161306
leather1.png;1275509977;1;1394430906;|16206|161295
leather2.png;2140871224;1;1394430906;|16207|161296
noise.png;2590948261;1;1394430906;|16208|161297
stripe1.png;3213122261;1;1394430906;|16209|161298
stripe2.png;18451884;1;1394430906;|16210|161299
stripe3.png;2191581781;1;1394430906;|16211|161300
stripe4.png;3536722213;1;1394430906;|16212|161301
stripe5.png;944180069;1;1394430906;|16213|161302
stripe6.png;790587600;1;1394430906;|16214|161303
transparency.png;3710735186;1;1394430906;|16215|161304
transtexture.png;3024638146;1;1394430906;|16216|161305
