SCMBranch=USR-717
SCMRepository=User Interface/Task Time Tracker/Web/Content/kendo/2013.3.1119/Moonlight
SCMMainlineUUID={6a359bb0-6131-417f-b48a-3113b3a22182}
SCMBranchRepositoryID=18995
editor.png;3050983162;1;1394430785;|12926|158015
imagebrowser.png;952248071;1;1394430785;|12923|158012
indeterminate.gif;2317854480;1;1394430785;|12922|158011
loading-image.gif;210636584;1;1394430785;|12921|158010
loading.gif;455555823;1;1394430785;|12927|158016
loading_2x.gif;2604795325;1;1394430785;|12920|158009
slider-h.gif;3247938588;1;1394430785;|12919|158008
slider-v.gif;370407292;1;1394430785;|12918|158007
sprite.png;882232953;1;1394430785;|12925|158014
sprite_2x.png;2860837687;1;1394430785;|12924|158013
