SCMBranch=USR-717
SCMRepository=User Interface/Task Time Tracker/Web/MA/ApplicationDevelopment/EntityOwner/Controls
SCMMainlineUUID={6a359bb0-6131-417f-b48a-3113b3a22182}
SCMBranchRepositoryID=30746
Details.ascx;3261356793;1;1418613666;|32451|285029
Details.ascx.cs;3236376019;1;1418613666;|32452|285030
Details.ascx.designer.cs;3399391244;1;1418613666;|32453|285031
Generic.ascx;1971716022;1;1418613666;|32450|285028
Generic.ascx.designer.cs;3561920710;1;1418613666;|32455|285033
List.ascx;1169907721;1;1418613666;|32449|285027
List.ascx.cs;1692510607;1;1418613666;|32456|285034
List.ascx.designer.cs;4181940455;1;1418613666;|32457|285035
SearchFilter.ascx;4180994341;1;1418613666;|32448|285026
SearchFilter.ascx.cs;1632156234;1;1418613666;|32458|285036
SearchFilter.ascx.designer.cs;2112976223;1;1418613666;|32459|285037
Validation.xml;3606495298;1;1427857465;|32460|285038
Generic.ascx.cs;3198180535;4;1469426631;|32454|352090
