SCMBranch=USR-717
SCMRepository=User Interface/Task Time Tracker/Web/MA/ApplicationDevelopment/FunctionalityXFunctionalityActiveStatus/Controls
SCMMainlineUUID={6a359bb0-6131-417f-b48a-3113b3a22182}
SCMBranchRepositoryID=30772
Details.ascx;3930635640;1;1418613669;|32938|285516
Details.ascx.cs;3602662296;1;1418613669;|32945|285523
Details.ascx.designer.cs;4184682291;1;1418613669;|32933|285511
List.ascx;1279824353;1;1418613669;|32940|285518
List.ascx.cs;930813702;1;1418613669;|32936|285514
List.ascx.designer.cs;2709865;1;1418613669;|32937|285515
SearchFilter.ascx;3557620208;1;1418613669;|32941|285519
SearchFilter.ascx.designer.cs;3246521631;1;1418613669;|32944|285522
Validation.xml;3687457457;1;1418613669;|32942|285520
Generic.ascx.designer.cs;1412340128;2;1422358306;|32935|295518
Generic.ascx;669367994;2;1422358364;|32939|295519
Generic.ascx.cs;3191230074;3;1469426635;|32934|353403
SearchFilter.ascx.cs;3725042415;3;1469426635;|32943|352107
