SCMBranch=USR-717
SCMRepository=User Interface/Task Time Tracker/Web/app/BM/ReferenceData/controllers/Gen/Detail
SCMMainlineUUID={6a359bb0-6131-417f-b48a-3113b3a22182}
SCMBranchRepositoryID=35832
detailairportCtrl.js;1647763239;1;1439960239;|40367|326370
detailcalendarCtrl.js;3062888560;1;1439960239;|40368|326371
detailcityCtrl.js;927540049;1;1439960239;|40369|326372
detailcontinentCtrl.js;2264957036;1;1439960239;|40370|326373
detailgeographicRegionCtrl.js;267788866;1;1439960239;|40374|326377
detailhelpLineCtrl.js;1474525050;1;1439960239;|40375|326378
detailholidayCtrl.js;960751867;1;1439960239;|40376|326379
detailmallCtrl.js;518475937;1;1439960239;|40377|326380
detailmonumentCtrl.js;4229042504;1;1439960239;|40378|326381
detailpersonSuffixCtrl.js;2961280919;1;1439960239;|40379|326382
detailraceTypeCtrl.js;2952988663;1;1439960239;|40380|326383
detailregionCtrl.js;4052954046;1;1439960239;|40381|326384
detailreligionCtrl.js;60448644;1;1439960239;|40382|326385
detailsexTypeCtrl.js;2565975039;1;1439960239;|40383|326386
detailstateCtrl.js;979502932;1;1439960239;|40366|326369
detailtimeZoneCtrl.js;3848006713;1;1439960239;|40365|326368
detailtrainStationCtrl.js;3440336896;1;1439960239;|40384|326387
DetailControllerGenerator.cs;1566315191;3;1441976897;|40371|329892
detailaddressCtrl.js;1979416408;2;1442550709;|40604|331627
detailethnicityCtrl.js;1477760207;2;1442550709;|40576|331629
detailgenderCtrl.js;3774258765;2;1442550709;|40692|331528
detailprovinceCtrl.js;2776567274;2;1442550709;|40662|331529
detailprovinceTypeCtrl.js;152088839;2;1442550709;|40661|331530
detailcountryCtrl.js;3100093118;2;1459347633;|40372|343601
detailcurrencyCtrl.js;2536379599;2;1459347633;|40373|343602
detailtimeZoneXCountryCtrl.js;3562014293;1;1462249284;|41576|347022
detaillayerNameCtrl.js;3179902359;1;1462765641;|41659|347443
detailtaskNameCtrl.js;3511327685;1;1462765641;|41651|347416
DetailControllerGenerator.tt;1593777661;14;1463663225;|40364|347955
