SCMBranch=USR-717
SCMRepository=User Interface/Task Time Tracker/Web/MA/ApplicationDevelopment/FunctionalityActiveStatus
SCMMainlineUUID={6a359bb0-6131-417f-b48a-3113b3a22182}
SCMBranchRepositoryID=30751
Clone.aspx.cs;143499853;1;1418613666;|32568|285146
Clone.aspx.designer.cs;3651413439;1;1418613666;|32567|285145
Delete.aspx.cs;2459814820;1;1418613667;|32573|285151
Delete.aspx.designer.cs;883673325;1;1418613667;|32547|285125
Details.aspx.cs;1100703209;1;1418613667;|32548|285126
Details.aspx.designer.cs;3849633507;1;1418613667;|32549|285127
Export.aspx;545041985;1;1418613667;|32563|285141
Export.aspx.cs;371168367;1;1418613667;|32550|285128
Export.aspx.designer.cs;285367314;1;1418613667;|32551|285129
InlineUpdate.aspx;2059871524;1;1418613667;|32562|285140
InlineUpdate.aspx.designer.cs;629744997;1;1418613667;|32553|285131
Insert.aspx.cs;841345904;1;1418613667;|32554|285132
Insert.aspx.designer.cs;4077957442;1;1418613667;|32555|285133
Update.aspx.cs;3758161956;1;1418613667;|32556|285134
Clone.aspx;2059487621;3;1418752887;|32571|288972
Delete.aspx;2637472799;3;1418752887;|32565|288974
Insert.aspx;4089679611;3;1418752887;|32561|288975
Details.aspx;4262272566;2;1419542781;|32564|290779
Update.aspx;3438659741;5;1428633518;|32560|299855
Update.aspx.designer.cs;161294747;2;1428633518;|32557|299856
CommonUpdate.aspx;2742026255;2;1462161185;|32570|346008
CommonUpdate.aspx.cs;3958745687;2;1462161185;|32559|346009
CommonUpdate.aspx.designer.cs;1723928894;2;1462161185;|32558|346010
Default.aspx;510189769;4;1462161185;|32566|346011
Default.aspx.cs;2005460392;2;1462161185;|32552|346012
Default.aspx.designer.cs;1475381629;2;1462161185;|32572|346013
UI_Pages.cs;1309701801;1;1462161185;|41513|345993
UI_Pages.tt;2140855587;1;1462161185;|41512|345992
InlineUpdate.aspx.cs;1510957960;2;1464933980;|32569|349579
