SCMBranch=USR-717
SCMRepository=User Interface/Task Time Tracker/Web/Configuration/DateRangeTitle
SCMMainlineUUID={6a359bb0-6131-417f-b48a-3113b3a22182}
SCMBranchRepositoryID=29106
Clone.aspx.cs;3511323730;1;1417403876;|27833|278417
Clone.aspx.designer.cs;1792385696;1;1417403876;|27834|278418
Delete.aspx.cs;114897618;1;1417403876;|27841|278425
Delete.aspx.designer.cs;105757475;1;1417403876;|27840|278424
Details.aspx;3245016712;1;1417403876;|27829|278413
Details.aspx.cs;1159282547;1;1417403876;|27839|278423
Details.aspx.designer.cs;1343775158;1;1417403876;|27838|278422
InlineUpdate.aspx;3986707461;1;1417403876;|27830|278414
InlineUpdate.aspx.designer.cs;3530080637;1;1417403876;|27828|278412
Insert.aspx.cs;1945760803;1;1417403877;|27824|278408
Insert.aspx.designer.cs;674786469;1;1417403877;|27825|278409
Update.aspx.cs;465769221;1;1417403877;|27826|278410
Clone.aspx;3623376115;2;1417540915;|27843|280240
Delete.aspx;1798976455;2;1417540915;|27845|280242
Insert.aspx;1545555230;2;1417540916;|27831|280243
Update.aspx;3386084487;4;1428633515;|27847|299770
Update.aspx.designer.cs;2174525883;2;1428633515;|27827|299771
CommonUpdate.aspx;2678078881;2;1462161176;|27844|346238
CommonUpdate.aspx.cs;4265771188;2;1462161176;|27835|346239
CommonUpdate.aspx.designer.cs;2331743073;2;1462161176;|27836|346240
Default.aspx;4007278376;3;1462161176;|27846|346241
Default.aspx.cs;1252762753;2;1462161176;|27832|346242
Default.aspx.designer.cs;613874497;2;1462161176;|27842|346243
UI_Pages.cs;1309701801;1;1462161176;|41535|346151
UI_Pages.tt;903139460;1;1462161176;|41534|346150
InlineUpdate.aspx.cs;1669432023;2;1464838855;|27837|349170
