SCMBranch=USR-717
SCMRepository=User Interface/Task Time Tracker/Web/Configuration/Theme/Controls
SCMMainlineUUID={6a359bb0-6131-417f-b48a-3113b3a22182}
SCMBranchRepositoryID=29140
Details.ascx.cs;732758338;1;1417403881;|28445|279029
Generic.ascx.designer.cs;496754110;1;1417403881;|28439|279023
SearchFilter.ascx;3719902592;1;1417403881;|28444|279028
SearchFilter.ascx.designer.cs;2146801572;1;1417403881;|28441|279025
Details.ascx;1150258254;2;1428633516;|28442|299821
Details.ascx.designer.cs;3503961940;2;1428633516;|28437|299822
Generic.ascx;550381500;2;1428633516;|28443|299823
Generic.ascx.cs;1433388210;3;1469426631;|28438|352072
SearchFilter.ascx.cs;7430119;2;1469426631;|28440|353050
