SCMBranch=USR-717
SCMRepository=User Interface/Task Time Tracker/Web/Prototype/Kendo/web/dropdownlist
SCMMainlineUUID={6a359bb0-6131-417f-b48a-3113b3a22182}
SCMBranchRepositoryID=19183
api.html;1533601969;3;1406516548;|14123|221324
cascadingdropdownlist.html;9513952;3;1406516548;|14130|221325
events.html;4278670407;3;1406516548;|14124|221326
index.html;4170160378;3;1406516549;|14125|221327
mvvm.html;14483358;3;1406516549;|14126|221328
navigation.html;2813047883;3;1406516549;|14127|221329
remotedatasource.html;1940343846;3;1406516549;|14128|221330
rtl.html;1082824788;3;1406516549;|14129|221331
template.html;1910266068;3;1406516549;|14122|221332
