SCMBranch=USR-717
SCMRepository=User Interface/Task Time Tracker/Web/Configuration/FieldConfigurationModeAccessMode
SCMMainlineUUID={6a359bb0-6131-417f-b48a-3113b3a22182}
SCMBranchRepositoryID=29112
Clone.aspx.cs;3406321108;1;1417403877;|27975|278559
Clone.aspx.designer.cs;3234119894;1;1417403877;|27976|278560
Delete.aspx.cs;2978300108;1;1417403877;|27963|278547
Delete.aspx.designer.cs;2223643718;1;1417403877;|27952|278536
Details.aspx;2681378850;1;1417403877;|27960|278544
Details.aspx.cs;3970761106;1;1417403877;|27953|278537
Details.aspx.designer.cs;2556395878;1;1417403877;|27954|278538
Export.aspx;1678056404;1;1417403877;|27959|278543
Export.aspx.cs;1257594609;1;1417403877;|27956|278540
Export.aspx.designer.cs;1287875382;1;1417403877;|27957|278541
InlineUpdate.aspx;1489109744;1;1417403877;|27955|278539
InlineUpdate.aspx.designer.cs;3895310917;1;1417403877;|27970|278554
Insert.aspx.cs;397894138;1;1417403877;|27971|278555
Insert.aspx.designer.cs;3084527230;1;1417403877;|27972|278556
Update.aspx.cs;3983804912;1;1417403877;|27973|278557
Clone.aspx;1384291162;2;1417540916;|27969|280259
Delete.aspx;2677602873;2;1417540916;|27961|280261
Insert.aspx;3592446475;2;1417540916;|27974|280262
Update.aspx.designer.cs;2735286257;2;1428633515;|27977|299781
Update.aspx;2629819954;5;1453867589;|27951|341353
CommonUpdate.aspx;1088329429;2;1462161177;|27968|346250
CommonUpdate.aspx.cs;769750126;2;1462161177;|27967|346251
CommonUpdate.aspx.designer.cs;2703322654;2;1462161177;|27966|346252
Default.aspx;3123593699;3;1462161177;|27962|346253
Default.aspx.cs;1626378962;2;1462161177;|27965|346254
Default.aspx.designer.cs;3906804810;2;1462161177;|27964|346255
UI_Pages.cs;1309701801;1;1462161177;|41539|346171
UI_Pages.tt;2391103039;1;1462161177;|41538|346170
InlineUpdate.aspx.cs;3508578592;2;1464838855;|27958|349174
