SCMBranch=USR-717
SCMRepository=User Interface/Task Time Tracker/Web/Shared/Configuration/Application/Controls
SCMMainlineUUID={6a359bb0-6131-417f-b48a-3113b3a22182}
SCMBranchRepositoryID=5563
List.ascx.designer.cs;306236099;1;1394430874;|1892|1892
Validation.xml;1470978621;1;1394430874;|1902|1902
List.ascx;3905835350;2;1401244933;|1899|193471
SearchFilter.ascx;1920806366;15;1406047599;|1898|217715
List.ascx.cs;3960223098;8;1408591364;|1893|229529
SearchFilter.ascx.designer.cs;1493936704;8;1413170142;|1890|260988
Details.ascx;3859510071;9;1414127041;|1901|273056
Details.ascx.cs;3215484185;16;1414127041;|1897|273057
Details.ascx.designer.cs;2506767269;5;1414127041;|1896|273058
Generic.ascx;1530845077;7;1414127041;|1900|273013
Generic.ascx.designer.cs;3259720338;4;1414127041;|1894|273015
SearchFilter.ascx.cs;3990254183;17;1414127041;|1891|273060
Generic.ascx.cs;3938645268;18;1414376801;|1895|273341
