SCMBranch=USR-717
SCMRepository=User Interface/Task Time Tracker/Web/Prototype/Kendo/content/shared/styles
SCMMainlineUUID={6a359bb0-6131-417f-b48a-3113b3a22182}
SCMBranchRepositoryID=19064
a100.png;3460110129;1;1394430811;|13329|158418
aeroviewr.png;3875721356;1;1394430811;|13328|158417
bg-glossy.png;1335638442;1;1394430811;|13327|158416
blackberrySkin.png;3915555782;1;1394430811;|13326|158415
bootstrap.png;267439333;1;1394430811;|13325|158414
chart-wrapper-small.png;4901849;1;1394430811;|13324|158413
chart-wrapper.png;2431860531;1;1394430811;|13356|158445
console.css;2680596000;1;1394430811;|13323|158412
demos-dataviz.png;1295226901;1;1394430811;|13322|158411
demos-mobile.png;1217847036;1;1394430811;|13321|158410
demos-web.png;732919555;1;1394430811;|13330|158419
dojo-banner.jpg;711736548;1;1394430811;|13320|158409
dojo.png;762193867;1;1394430811;|13311|158400
examples-offline.css;2241641306;1;1394430811;|13312|158401
examples.css;542359491;1;1394430811;|13313|158402
flags.png;314191136;1;1394430811;|13314|158403
flat.png;952292985;1;1394430811;|13315|158404
flowers-left.png;4108172052;1;1394430811;|13316|158405
flowers-right.png;2039423004;1;1394430811;|13317|158406
flowers.png;957341726;1;1394430811;|13318|158407
flowerWrap.png;1742876080;1;1394430811;|13319|158408
hand-ipad.png;3767091169;1;1394430811;|13332|158421
highlight.png;2639488420;1;1394430811;|13333|158422
ipad.png;3255011224;1;1394430811;|13334|158423
iphone.png;2048362937;1;1394430811;|13335|158424
kendoui.ttf;1105470383;1;1394430811;|13336|158425
kendoui.woff;2711372868;1;1394430811;|13337|158426
launch-themebuilder.png;3243758948;1;1394430811;|13338|158427
nexus.png;450494580;1;1394430811;|13340|158429
playbook.png;3546435888;1;1394430811;|13341|158430
sprite.misc.png;2203775595;1;1394430811;|13342|158431
sprite.widgets.png;4047729992;1;1394430811;|13343|158432
suite.css;2588711553;1;1394430811;|13344|158433
sushi.png;1404206607;1;1394430811;|13345|158434
tag-beta.png;2197403014;1;1394430811;|13346|158435
tag-beta@2x.png;2212910024;1;1394430811;|13347|158436
tag-new.png;604085636;1;1394430811;|13348|158437
tag-new@2x.png;3860224262;1;1394430811;|13349|158438
teampulse.jpg;2707751053;1;1394430811;|13350|158439
telerik-navigation-sprite.png;1470817933;1;1394430811;|13351|158440
telerik-navigation.css;1211539430;1;1394430811;|13352|158441
themebuilder-mobile.png;92917332;1;1394430811;|13353|158442
themebuilder.png;693378793;1;1394430811;|13354|158443
w8.png;4057032778;1;1394430811;|13355|158444
world-map.png;1622765142;1;1394430811;|13339|158428
wpSkin.png;3121862087;1;1394430811;|13331|158420
