SCMBranch=USR-717
SCMRepository=User Interface/Task Time Tracker/Web/Shared/Configuration/UserPreferenceDataType
SCMMainlineUUID={6a359bb0-6131-417f-b48a-3113b3a22182}
SCMBranchRepositoryID=5576
Clone.aspx.cs;1608683907;7;1394430886;|2144|108915
Details.aspx.cs;2749725955;9;1394430886;|2123|120417
Export.aspx;2206720966;2;1394430886;|2141|118823
Export.aspx.designer.cs;2816532860;2;1394430886;|2131|154700
Insert.aspx.cs;787310764;10;1394430886;|2132|108919
Settings.aspx.designer.cs;1259045439;2;1394430886;|2136|156174
Update.aspx.cs;147899215;12;1394430886;|2137|108920
Settings.aspx;4255408345;5;1401678844;|2143|198594
Default.aspx;2033635107;11;1408639053;|2133|233540
Default.aspx.cs;1433855218;21;1409070504;|2127|237292
Clone.aspx;2497564712;6;1410146601;|2128|250048
Clone.aspx.designer.cs;673637746;3;1410146601;|2129|250049
Default.aspx.designer.cs;3182626501;5;1410146601;|2125|250051
Delete.aspx;2384203011;7;1410146601;|2139|250052
Delete.aspx.designer.cs;2567138604;3;1410146601;|2130|250053
Details.aspx;1835885861;7;1410146601;|2140|250054
Details.aspx.designer.cs;2565698603;4;1410146602;|2122|250055
Export.aspx.cs;1655235113;8;1410146602;|2126|245689
Insert.aspx;3702245232;6;1410146602;|2142|250056
Insert.aspx.designer.cs;2233835606;3;1410146602;|2134|250057
Settings.aspx.cs;2671757457;2;1410146602;|2135|248671
Update.aspx;2527370689;6;1410146602;|2145|250058
Update.aspx.designer.cs;3228676700;3;1410146602;|2138|250059
Delete.aspx.cs;2598456003;16;1414437923;|2124|273770
