SCMBranch=USR-717
SCMRepository=User Interface/Task Time Tracker/Web/Prototype/Prototype
SCMMainlineUUID={6a359bb0-6131-417f-b48a-3113b3a22182}
SCMBranchRepositoryID=29169
Sample.aspx;1515515230;1;1417403891;|28834|279420
Sample.aspx.designer.cs;3202197337;1;1417403891;|28833|279419
TestDateRange.aspx;3182820135;1;1417403891;|28836|279422
TestDateRange.aspx.designer.cs;2999764883;1;1417403891;|28831|279417
DateRangeSample.ascx.designer.cs;3252516087;2;1422359674;|28837|295527
DateRangeSample.ascx;1982701626;2;1422359674;|28830|295528
Sample.aspx.cs;1639620780;2;1434350999;|28835|309925
CheckDefaultView.aspx;3646805383;6;1436761842;|35298|313724
CheckDefaultView.aspx.designer.cs;1612929777;6;1436761842;|35297|313726
CheckDefaultView.aspx.cs;2682686101;11;1469426650;|35296|353407
DateRangeSample.ascx.cs;1352577765;5;1469426650;|28829|353408
TestDateRange.aspx.cs;1796531764;4;1469426650;|28832|353409
