SCMBranch=USR-717
SCMRepository=User Interface/Task Time Tracker/Web/Scripts/ace-editor/src-noconflict
SCMMainlineUUID={6a359bb0-6131-417f-b48a-3113b3a22182}
SCMBranchRepositoryID=27231
ace.js;521084169;1;1410186265;|23785|252122
ext-beautify.js;1757010276;1;1410186265;|23784|252121
ext-chromevox.js;2006691184;1;1410186265;|23783|252120
ext-elastic_tabstops_lite.js;2372847134;1;1410186265;|23782|252119
ext-emmet.js;3434998828;1;1410186265;|23781|252118
ext-error_marker.js;3968765193;1;1410186265;|23780|252117
ext-keybinding_menu.js;1553990647;1;1410186265;|23779|252116
ext-language_tools.js;728040419;1;1410186265;|23778|252115
ext-linking.js;4156203153;1;1410186265;|23777|252114
ext-modelist.js;3402951615;1;1410186265;|23776|252113
ext-old_ie.js;29393702;1;1410186265;|23775|252112
ext-searchbox.js;3888786024;1;1410186265;|23774|252111
ext-settings_menu.js;3749889706;1;1410186265;|23773|252110
ext-spellcheck.js;3202465834;1;1410186265;|23772|252109
ext-split.js;2419295771;1;1410186265;|23771|252108
ext-static_highlight.js;2793193140;1;1410186265;|23770|252107
ext-statusbar.js;1392487525;1;1410186265;|23769|252106
ext-textarea.js;699669617;1;1410186265;|23768|252105
ext-themelist.js;1037408451;1;1410186265;|23767|252104
ext-whitespace.js;3057627312;1;1410186265;|23766|252103
keybinding-emacs.js;767709608;1;1410186265;|23765|252102
keybinding-vim.js;774342096;1;1410186265;|23764|252101
mode-abap.js;3640881649;1;1410186265;|23763|252100
mode-actionscript.js;3116164548;1;1410186265;|23762|252099
mode-ada.js;760481724;1;1410186265;|23761|252098
mode-apache_conf.js;4149140943;1;1410186265;|23760|252097
mode-applescript.js;1604751722;1;1410186265;|23759|252096
mode-asciidoc.js;3107885066;1;1410186265;|23758|252095
mode-assembly_x86.js;2644574619;1;1410186265;|23757|252094
mode-autohotkey.js;1717163437;1;1410186265;|23756|252093
mode-batchfile.js;1794612723;1;1410186265;|23755|252092
mode-c9search.js;255395599;1;1410186265;|23754|252091
mode-c_cpp.js;287294647;1;1410186265;|23753|252090
mode-cirru.js;5429236;1;1410186265;|23752|252089
mode-clojure.js;3682608993;1;1410186265;|23751|252088
mode-cobol.js;2671540944;1;1410186265;|23750|252087
mode-coffee.js;3887356490;1;1410186265;|23749|252086
mode-coldfusion.js;902228828;1;1410186265;|23748|252085
mode-csharp.js;2568597278;1;1410186265;|23747|252084
mode-css.js;3290521384;1;1410186265;|23746|252083
mode-curly.js;3484784156;1;1410186265;|23745|252082
mode-d.js;1907600921;1;1410186265;|23744|252081
mode-dart.js;1906419067;1;1410186265;|23743|252080
mode-diff.js;4018233585;1;1410186265;|23742|252079
mode-django.js;3079115384;1;1410186265;|23741|252078
mode-dockerfile.js;2994097676;1;1410186265;|23740|252077
mode-dot.js;3922560458;1;1410186265;|23739|252076
mode-ejs.js;2098971670;1;1410186265;|23738|252075
mode-erlang.js;1308741220;1;1410186265;|23737|252074
mode-forth.js;2358002615;1;1410186265;|23736|252073
mode-ftl.js;3781102303;1;1410186265;|23735|252072
mode-gherkin.js;492849275;1;1410186265;|23734|252071
mode-gitignore.js;3025806329;1;1410186265;|23733|252070
mode-glsl.js;3158726635;1;1410186265;|23732|252069
mode-golang.js;3479227487;1;1410186265;|23731|252068
mode-groovy.js;1488892847;1;1410186266;|23730|252067
mode-haml.js;634587899;1;1410186266;|23729|252066
mode-handlebars.js;1534835768;1;1410186266;|23728|252065
mode-haskell.js;4060288991;1;1410186266;|23727|252064
mode-haxe.js;1022923552;1;1410186266;|23726|252063
mode-html.js;1925208850;1;1410186266;|23725|252062
mode-html_ruby.js;73732873;1;1410186266;|23724|252061
mode-ini.js;3596892909;1;1410186266;|23723|252060
mode-jack.js;4025685955;1;1410186266;|23722|252059
mode-jade.js;159803774;1;1410186266;|23721|252058
mode-java.js;502177345;1;1410186266;|23720|252057
mode-javascript - Copy.js;1200180690;1;1410186266;|23719|252056
mode-javascript.js;1200180690;1;1410186266;|23718|252055
mode-json.js;389228932;1;1410186266;|23717|252054
mode-jsoniq.js;698230385;1;1410186266;|23716|252053
mode-jsp.js;2801738858;1;1410186266;|23715|252052
mode-jsx.js;1661994515;1;1410186266;|23714|252051
mode-julia.js;3098091193;1;1410186266;|23713|252050
mode-latex.js;2786982614;1;1410186266;|23712|252049
mode-less.js;4021607017;1;1410186266;|23711|252048
mode-liquid.js;2398469756;1;1410186266;|23710|252047
mode-lisp.js;2065900648;1;1410186266;|23709|252046
mode-livescript.js;4150199005;1;1410186266;|23708|252045
mode-logiql.js;1927983725;1;1410186266;|23707|252044
mode-lsl.js;2851743569;1;1410186266;|23706|252043
mode-lua.js;430283102;1;1410186266;|23705|252042
mode-luapage.js;574610331;1;1410186266;|23704|252041
mode-lucene.js;1762158849;1;1410186266;|23703|252040
mode-makefile.js;1924285046;1;1410186266;|23702|252039
mode-markdown.js;2776177418;1;1410186266;|23701|252038
mode-matlab.js;4121393099;1;1410186266;|23700|252037
mode-mel.js;784349190;1;1410186266;|23699|252036
mode-mushcode.js;975759442;1;1410186266;|23698|252035
mode-mysql.js;3460765127;1;1410186266;|23697|252034
mode-nix.js;1127402629;1;1410186266;|23696|252033
mode-objectivec.js;3453599100;1;1410186266;|23695|252032
mode-ocaml.js;1069420936;1;1410186266;|23694|252031
mode-pascal.js;3122733563;1;1410186266;|23693|252030
mode-perl.js;3202434128;1;1410186266;|23692|252029
mode-pgsql.js;883165336;1;1410186266;|23691|252028
mode-php.js;2896303454;1;1410186266;|23690|252027
mode-plain_text.js;3475435491;1;1410186266;|23689|252026
mode-powershell.js;3571631861;1;1410186266;|23688|252025
mode-prolog.js;2056020206;1;1410186266;|23687|252024
mode-properties.js;2354798805;1;1410186266;|23686|252023
mode-protobuf.js;2519243637;1;1410186266;|23685|252022
mode-python.js;1461438761;1;1410186266;|23684|252021
mode-r.js;4163052830;1;1410186266;|23683|252020
mode-rdoc.js;1813987322;1;1410186266;|23682|252019
mode-rhtml.js;1449249382;1;1410186266;|23681|252018
mode-ruby.js;1355166524;1;1410186266;|23680|252017
mode-rust.js;3423637797;1;1410186266;|23679|252016
mode-sass.js;4221609383;1;1410186267;|23678|252015
mode-scad.js;843306221;1;1410186267;|23677|252014
mode-scala.js;1127932264;1;1410186267;|23676|252013
mode-scheme.js;3068336675;1;1410186267;|23675|252012
mode-scss.js;3277344376;1;1410186267;|23674|252011
mode-sh.js;599068243;1;1410186267;|23673|252010
mode-sjs.js;1677216263;1;1410186267;|23672|252009
mode-smarty.js;2707713883;1;1410186267;|23671|252008
mode-snippets.js;162185321;1;1410186267;|23670|252007
mode-soy_template.js;778478733;1;1410186267;|23669|252006
mode-space.js;43540841;1;1410186267;|23668|252005
mode-sql.js;135463091;1;1410186267;|23667|252004
mode-stylus.js;681525313;1;1410186267;|23666|252003
mode-svg.js;2368919006;1;1410186267;|23665|252002
mode-tcl.js;613108336;1;1410186267;|23664|252001
mode-tex.js;1722095052;1;1410186267;|23663|252000
mode-text.js;346195372;1;1410186267;|23662|251999
mode-textile.js;891704533;1;1410186267;|23661|251998
mode-toml.js;748683468;1;1410186267;|23660|251997
mode-twig.js;2933817949;1;1410186267;|23659|251996
mode-typescript.js;838484652;1;1410186267;|23658|251995
mode-vala.js;2739021426;1;1410186267;|23657|251994
mode-vbscript.js;260207655;1;1410186267;|23656|251993
mode-velocity.js;471330034;1;1410186267;|23655|251992
mode-verilog.js;1891453771;1;1410186267;|23654|251991
mode-vhdl.js;2801415143;1;1410186267;|23653|251990
mode-xml.js;1797870288;1;1410186267;|23652|251989
mode-xquery.js;2934062258;1;1410186267;|23651|251988
mode-yaml.js;3032103982;1;1410186267;|23650|251987
theme-ambiance.js;677586001;1;1410186267;|23649|251986
theme-chaos.js;2578280247;1;1410186267;|23648|251985
theme-chrome.js;361679009;1;1410186267;|23647|251984
theme-clouds.js;2090098961;1;1410186267;|23646|251983
theme-clouds_midnight.js;1633785453;1;1410186267;|23645|251982
theme-cobalt.js;373941418;1;1410186267;|23644|251981
theme-crimson_editor.js;2697918750;1;1410186267;|23643|251980
theme-dawn.js;2287483760;1;1410186267;|23642|251979
theme-dreamweaver.js;1896412341;1;1410186267;|23641|251978
theme-eclipse.js;1617983183;1;1410186267;|23640|251977
theme-github.js;1776108706;1;1410186267;|23639|251976
theme-idle_fingers.js;1741292177;1;1410186267;|23638|251975
theme-katzenmilch.js;362787863;1;1410186269;|23637|251974
theme-kr.js;3475033672;1;1410186269;|23636|251973
theme-kuroir.js;1102176889;1;1410186269;|23635|251972
theme-merbivore.js;661150266;1;1410186269;|23634|251971
theme-merbivore_soft.js;1988828973;1;1410186269;|23633|251970
theme-mono_industrial.js;1521709510;1;1410186269;|23632|251969
theme-monokai.js;3219628168;1;1410186269;|23631|251968
theme-pastel_on_dark.js;3416348772;1;1410186269;|23630|251967
theme-solarized_dark.js;189025822;1;1410186269;|23629|251966
theme-solarized_light.js;1713083400;1;1410186269;|23628|251965
theme-terminal.js;3233717298;1;1410186269;|23627|251964
theme-textmate.js;2814342677;1;1410186269;|23626|251963
theme-tomorrow.js;3616070964;1;1410186269;|23625|251962
theme-tomorrow_night.js;3116383750;1;1410186269;|23624|251961
theme-tomorrow_night_blue.js;4009257720;1;1410186269;|23623|251960
theme-tomorrow_night_bright.js;317235270;1;1410186269;|23622|251959
theme-tomorrow_night_eighties.js;340068665;1;1410186269;|23621|251958
theme-twilight.js;1659918027;1;1410186269;|23620|251957
theme-vibrant_ink.js;924273212;1;1410186269;|23619|251956
theme-xcode.js;2268338938;1;1410186269;|23618|251955
worker-coffee.js;4235772768;1;1410186269;|23617|251954
worker-css.js;2065353652;1;1410186269;|23616|251953
worker-html.js;754895536;1;1410186269;|23615|251952
worker-javascript.js;3263100048;1;1410186269;|23614|251951
worker-json.js;2462314618;1;1410186269;|23613|251950
worker-lua.js;2722825973;1;1410186269;|23612|251949
worker-php.js;2340108896;1;1410186269;|23611|251948
worker-xquery.js;266711189;1;1410186269;|23610|251947
