SCMBranch=USR-717
SCMRepository=User Interface/Task Time Tracker/Web/Shared/Configuration/ApplicationEntityParentalHierarchy/Controls
SCMMainlineUUID={6a359bb0-6131-417f-b48a-3113b3a22182}
SCMBranchRepositoryID=5569
Details.ascx.designer.cs;3962979833;3;1394430874;|2006|154689
Generic.ascx.designer.cs;3251324877;2;1394430874;|2001|10415
List.ascx.designer.cs;2858198411;1;1394430874;|2003|2003
Validation.xml;1478024198;1;1394430874;|2012|2012
Generic.ascx;1063864390;6;1401244933;|2009|193474
List.ascx;3474533919;2;1401244933;|2010|193475
Details.ascx;1493445308;7;1401678841;|2008|200176
SearchFilter.ascx.designer.cs;1776814542;7;1406172425;|2005|219697
SearchFilter.ascx;429520011;15;1406825965;|2011|223189
Details.ascx.cs;2764128565;13;1408465052;|2007|226781
Generic.ascx.cs;3993741607;13;1408465052;|2013|226782
List.ascx.cs;4099059003;7;1408465052;|2002|226783
SearchFilter.ascx.cs;3544305409;18;1408591364;|2004|229535
