SCMBranch=USR-717
SCMRepository=User Interface/Task Time Tracker/Web/Shared/QualityAssurance/FunctionalityImageXFunctionalityImageAttribute
SCMMainlineUUID={6a359bb0-6131-417f-b48a-3113b3a22182}
SCMBranchRepositoryID=13046
Clone.aspx;3208652410;1;1394430898;|8672|56246
Clone.aspx.cs;3977371974;7;1394430898;|8675|127522
Clone.aspx.designer.cs;1793488286;1;1394430898;|8676|56250
Default.aspx;3259819029;6;1394430898;|8664|118927
Default.aspx.cs;1683502377;12;1394430898;|8684|141110
Default.aspx.designer.cs;1767622411;5;1394430898;|8683|105936
Delete.aspx;3525372984;2;1394430898;|8665|127521
Delete.aspx.cs;1712251458;9;1394430898;|8682|144234
Delete.aspx.designer.cs;2665225952;1;1394430898;|8681|56255
Details.aspx;2249846459;2;1394430898;|8666|108127
Details.aspx.designer.cs;4115671226;2;1394430898;|8678|108129
Export.aspx;1527529628;2;1394430898;|8667|118928
Export.aspx.cs;1328720606;4;1394430898;|8677|144235
Export.aspx.designer.cs;3955252822;1;1394430898;|8671|56245
Insert.aspx;3386254828;1;1394430898;|8674|56248
Insert.aspx.cs;3925180387;7;1394430898;|8670|107952
Insert.aspx.designer.cs;68249329;1;1394430898;|8668|56242
Update.aspx;1926004104;1;1394430898;|8669|56243
Update.aspx.cs;2293181395;9;1394430898;|8673|107953
Update.aspx.designer.cs;844546871;1;1394430898;|8679|56253
Details.aspx.cs;4161805135;10;1410146607;|8680|249418
