SCMBranch=USR-717
SCMRepository=User Interface/Task Time Tracker/Web/MA/AuthenticationAndAuthorization/ApplicationUser
SCMMainlineUUID={6a359bb0-6131-417f-b48a-3113b3a22182}
SCMBranchRepositoryID=30791
Clone.aspx.cs;4254163746;1;1418613672;|33269|285847
Clone.aspx.designer.cs;3641207874;1;1418613672;|33268|285846
Delete.aspx;967139315;1;1418613672;|33282|285860
Delete.aspx.cs;536108235;1;1418613672;|33263|285841
Delete.aspx.designer.cs;1544992913;1;1418613672;|33277|285855
Edit.aspx;3333512000;1;1418613672;|33284|285862
Edit.aspx.cs;3289575219;1;1418613672;|33259|285837
Edit.aspx.designer.cs;4200724941;1;1418613672;|33258|285836
Export.aspx;1397228253;1;1418613672;|33285|285863
Export.aspx.cs;4080011025;1;1418613672;|33257|285835
Export.aspx.designer.cs;463865430;1;1418613672;|33256|285834
InlineUpdate.aspx;4243425812;1;1418613672;|33286|285864
InlineUpdate.aspx.designer.cs;2567722858;1;1418613672;|33262|285840
Insert.aspx.cs;1008491502;1;1418613672;|33270|285848
Insert.aspx.designer.cs;2471277024;1;1418613672;|33271|285849
RenumberData.aspx;2425117925;1;1418613672;|33288|285866
RenumberData.aspx.designer.cs;1653828344;1;1418613672;|33273|285851
Settings.aspx;301419813;1;1418613672;|33289|285867
Settings.aspx.cs;2298033518;1;1418613672;|33278|285856
Settings.aspx.designer.cs;1265455769;1;1418613672;|33274|285852
Clone.aspx;2134156797;2;1418839025;|33279|289945
Insert.aspx;3478806226;2;1418839025;|33287|289947
Details.aspx;2352913654;3;1440127881;|33283|327070
Details.aspx.designer.cs;317777540;2;1440127881;|33260|327072
Update.aspx;1350911950;4;1440127915;|33290|327073
Update.aspx.designer.cs;3115427844;2;1440127915;|33276|327074
Details.aspx.cs;2500689100;3;1447042489;|33261|335283
Update.aspx.cs;270523678;2;1452670168;|33275|335285
CommonUpdate.aspx;3094559328;2;1462161186;|33280|345944
CommonUpdate.aspx.cs;3137300240;2;1462161186;|33267|345945
CommonUpdate.aspx.designer.cs;973275322;2;1462161186;|33266|345946
Default.aspx;2346828817;3;1462161207;|33281|345947
Default.aspx.cs;2579459244;2;1462161207;|33265|345948
Default.aspx.designer.cs;1968665703;2;1462161207;|33264|345949
UI_Pages.cs;1309701801;1;1462161207;|41495|345906
UI_Pages.tt;3896645788;1;1462161207;|41496|345907
InlineUpdate.aspx.cs;1198587693;2;1464838864;|33255|349206
RenumberData.aspx.cs;824404297;7;1493092262;|33272|357829
