SCMBranch=USR-717
SCMRepository=User Interface/Task Time Tracker/Web/MA/AuthenticationAndAuthorization/ApplicationUserTitle/Controls
SCMMainlineUUID={6a359bb0-6131-417f-b48a-3113b3a22182}
SCMBranchRepositoryID=30799
Details.ascx.cs;4124338323;1;1418613673;|33423|286001
Generic.ascx.designer.cs;1430344327;1;1418613673;|33426|286004
List.ascx;2066138033;1;1418613673;|33422|286000
List.ascx.cs;3967903757;1;1418613673;|33427|286005
List.ascx.designer.cs;3844347368;1;1418613673;|33428|286006
SearchFilter.ascx;375427454;1;1418613673;|33431|286009
SearchFilter.ascx.cs;1659245069;1;1418613673;|33429|286007
SearchFilter.ascx.designer.cs;770872677;1;1418613673;|33430|286008
Validation.xml;698504168;1;1418613673;|33432|286010
Details.ascx;3000852527;2;1428633518;|33420|299872
Details.ascx.designer.cs;2180284663;3;1428633518;|33424|299873
Generic.ascx;3482589988;3;1440127915;|33421|327079
Generic.ascx.cs;2128658840;3;1469426635;|33425|352124
