SCMBranch=USR-717
SCMRepository=User Interface/Task Time Tracker/Web/app/BM/TimeEntry/views
SCMMainlineUUID={6a359bb0-6131-417f-b48a-3113b3a22182}
SCMBranchRepositoryID=35069
main.html;254565855;1;1433221004;|38657|307516
Nav.aspx;668362674;1;1433221004;|38656|307515
Nav.aspx.cs;2320099392;1;1433221004;|38653|307512
Nav.aspx.designer.cs;3031229218;1;1433221004;|38654|307513
jira-list.html;3241751403;1;1440127867;|40517|326526
work-summary.html;1993285978;1;1440127867;|40518|326527
nav2.html;134901575;7;1471231071;|38753|353894
nav.html;3216526295;8;1496675819;|38655|359055
