SCMBranch=USR-717
SCMRepository=User Interface/Task Time Tracker/Web/Shared/Admin/SystemIntegrity/SystemDevNumbers
SCMMainlineUUID={6a359bb0-6131-417f-b48a-3113b3a22182}
SCMBranchRepositoryID=5525
Export.aspx;2557651985;2;1394430863;|1449|118801
Export.aspx.designer.cs;3584241451;2;1394430863;|1434|154641
Default.aspx.cs;4149306254;14;1408591358;|1441|229479
Insert.aspx.cs;2224197421;12;1408591358;|1433|227650
Default.aspx;4158013306;7;1408639047;|1446|232516
Clone.aspx;3007611800;6;1410146584;|1445|241470
Clone.aspx.designer.cs;331096760;3;1410146584;|1444|241471
Default.aspx.designer.cs;2128678370;4;1410146584;|1440|238647
Delete.aspx;707868421;7;1410146584;|1451|241472
Delete.aspx.designer.cs;7567613;3;1410146584;|1438|241473
Details.aspx.designer.cs;4121831045;3;1410146584;|1436|241475
Export.aspx.cs;1203543526;10;1410146584;|1435|245672
Insert.aspx;323609572;6;1410146584;|1448|241476
Insert.aspx.designer.cs;1103225532;3;1410146584;|1432|241477
Update.aspx.designer.cs;1495287420;3;1410146584;|1452|241479
Clone.aspx.cs;3256842175;10;1414376793;|1443|273151
Delete.aspx.cs;2196576775;16;1414376793;|1439|273337
Details.aspx.cs;2252813982;14;1414376793;|1437|273153
Details.aspx;1687155132;8;1419542792;|1450|290588
Update.aspx;3208793596;7;1419542792;|1447|290589
Update.aspx.cs;1523192666;18;1462161225;|1442|346740
