SCMBranch=USR-717
SCMRepository=User Interface/Task Time Tracker/Web/Shared/QualityAssurance/FunctionalityImageAttribute
SCMMainlineUUID={6a359bb0-6131-417f-b48a-3113b3a22182}
SCMBranchRepositoryID=13026
Clone.aspx.cs;2509194311;6;1394430897;|8641|107948
Clone.aspx.designer.cs;2582235904;1;1394430897;|8642|53303
CommonUpdate.aspx.designer.cs;2353541154;1;1394430897;|8653|54252
Default.aspx;2442884861;5;1394430897;|8635|171721
Default.aspx.designer.cs;1653295115;3;1394430897;|8648|105930
Delete.aspx.designer.cs;720216386;1;1394430898;|8650|53311
Details.aspx.cs;3067158179;9;1394430898;|8651|127578
Details.aspx.designer.cs;478312971;2;1394430898;|8646|108126
InlineUpdate.aspx.designer.cs;680982771;1;1394430898;|8657|54256
Insert.aspx.cs;3341298684;6;1394430898;|8645|107949
Insert.aspx.designer.cs;902865401;1;1394430898;|8643|53304
Update.aspx.cs;2188565601;8;1394430898;|8638|107950
Update.aspx.designer.cs;2494421690;1;1394430898;|8644|53305
CommonUpdate.aspx.cs;224959853;8;1395688974;|8652|184095
InlineUpdate.aspx.cs;3085325642;7;1400086236;|8655|188996
Clone.aspx;2153710216;3;1401678846;|8637|199460
CommonUpdate.aspx;1346552844;3;1401678846;|8656|199461
Delete.aspx;2727256627;5;1401678846;|8640|201871
Details.aspx;1537460317;4;1401678846;|8634|199463
InlineUpdate.aspx;697584842;3;1401678846;|8654|199464
Insert.aspx;3679030239;3;1401678846;|8639|199465
Update.aspx;1151107694;3;1401678846;|8636|199466
Delete.aspx.cs;1030409060;7;1404236648;|8649|209703
Default.aspx.cs;2317063216;11;1405544894;|8647|213216
