SCMBranch=USR-717
SCMRepository=User Interface/Task Time Tracker/Web/Shared/Configuration/Theme/Controls
SCMMainlineUUID={6a359bb0-6131-417f-b48a-3113b3a22182}
SCMBranchRepositoryID=28298
Details.ascx;3726944638;1;1415159027;|26166|274944
Details.ascx.cs;732758338;1;1415159027;|26163|274941
Details.ascx.designer.cs;2446600633;1;1415159027;|26162|274940
Generic.ascx;3738485604;1;1415159027;|26165|274943
Generic.ascx.cs;1355900894;1;1415159027;|26167|274945
Generic.ascx.designer.cs;496754110;1;1415159027;|26161|274939
SearchFilter.ascx;3719902592;1;1415159027;|26164|274942
SearchFilter.ascx.cs;3703035678;1;1415159027;|26160|274938
SearchFilter.ascx.designer.cs;2146801572;1;1415159027;|26159|274937
