SCMBranch=USR-717
SCMRepository=User Interface/Task Time Tracker/Web/Shared/Configuration/Menu/Controls
SCMMainlineUUID={6a359bb0-6131-417f-b48a-3113b3a22182}
SCMBranchRepositoryID=5571
List.ascx;543150341;1;1358749087;|2043|8408
List.ascx.designer.cs;2710544268;1;1358749087;|2038|2038
List.ascx.cs;325251467;3;1381230827;|2039|127053
Details.ascx.designer.cs;3507251040;6;1394430880;|2042|154692
DynSearchFilter.ascx;468819620;3;1394430880;|9587|81342
DynSearchFilter.ascx.cs;1469218581;2;1394430880;|9585|83002
DynSearchFilter.ascx.designer.cs;4154455505;2;1394430880;|9586|80298
Generic.ascx.designer.cs;866510718;4;1394430880;|2040|23847
MenuDisplayName.ascx.designer.cs;768579651;1;1394430880;|6545|23058
Validation.xml;3224712968;2;1394430880;|2046|23848
Generic.ascx;886377637;10;1401244935;|2036|195360
Details.ascx;3455814410;8;1401678843;|2047|200177
MenuDisplayName.ascx;1811463847;3;1401678843;|6546|200364
SearchFilter.ascx;223387116;36;1406516672;|2045|222279
Details.ascx.cs;3191369901;13;1408329226;|2044|225444
MenuDisplayName.ascx.cs;4022086820;9;1408591365;|6547|227830
SearchFilter.ascx.cs;1437186914;48;1413170147;|2037|266369
SearchFilter.ascx.designer.cs;1106358649;16;1413170147;|2035|266370
Generic.ascx.cs;3395058323;26;1416278428;|2041|276538
