SCMBranch=USR-717
SCMRepository=User Interface/Task Time Tracker/Web/app/SM/Prototype/views
SCMMainlineUUID={6a359bb0-6131-417f-b48a-3113b3a22182}
SCMBranchRepositoryID=35114
detailEventSubType.html;3656709077;1;1437968830;|39351|320445
main.html;4000434349;1;1437968830;|39345|320439
Nav.aspx;3842742497;1;1437968830;|39344|320438
Nav.aspx.cs;2518099932;1;1437968830;|39349|320443
Nav.aspx.designer.cs;4229909726;1;1437968830;|39350|320444
NonStdEntityDetailViewGenerator.cs;42954251;1;1437968830;|39352|320446
NonStdEntityDetailViewGenerator.tt;1719283641;1;1437968830;|39343|320437
NonStdEntityListTableViewGenerator.cs;1566315191;1;1437968830;|39354|320448
NonStdEntitySaveViewGenerator.cs;1566315191;1;1437968830;|39355|320449
NonStdEntitySaveViewGenerator.tt;1777870867;1;1437968830;|39346|320440
saveEventSubType.html;579530319;1;1437968830;|39356|320450
nav.html;3253943386;2;1471231071;|39347|353898
nav2.html;4048950140;5;1471231071;|38765|353899
listTableEventSubType.html;319987207;2;1474515238;|39353|356138
NonStdEntityListTableViewGenerator.tt;4287393503;2;1474515238;|39348|356139
