SCMBranch=USR-717
SCMRepository=User Interface/Task Time Tracker/Web/Shared/ApplicationDevelopment/AllEntityDetail
SCMMainlineUUID={6a359bb0-6131-417f-b48a-3113b3a22182}
SCMBranchRepositoryID=22762
Clone.aspx.cs;758243090;2;1406094023;|19284|218867
Details.aspx.cs;2884009116;2;1406094023;|19276|218879
Insert.aspx.cs;2645069818;2;1406094024;|19280|218885
Update.aspx.cs;432684087;2;1406094024;|19282|218888
CommonUpdate.aspx.cs;607663367;3;1408379787;|19264|225926
Default.aspx.cs;435917824;4;1408379787;|19266|225927
InlineUpdate.aspx.cs;4166481553;3;1408379787;|19278|225929
Default.aspx;230343197;4;1408639047;|19268|232614
Clone.aspx;754838039;3;1410146586;|19261|242669
Clone.aspx.designer.cs;2033179655;3;1410146586;|19263|242670
CommonUpdate.aspx;587150564;3;1410146586;|19262|242671
CommonUpdate.aspx.designer.cs;2823546052;3;1410146586;|19265|242672
Default.aspx.designer.cs;1669124283;3;1410146586;|19267|238743
Delete.aspx;1464200989;3;1410146586;|19269|242673
Delete.aspx.designer.cs;2743365503;3;1410146586;|19275|242674
Details.aspx;3112885446;3;1410146586;|19270|242675
Details.aspx.designer.cs;2827404855;3;1410146586;|19277|242676
InlineUpdate.aspx;2851062397;3;1410146586;|19271|242677
InlineUpdate.aspx.designer.cs;277958007;3;1410146586;|19279|242678
Insert.aspx;404697171;3;1410146586;|19272|242679
Insert.aspx.designer.cs;4005104460;3;1410146586;|19281|242680
Update.aspx;1777203796;3;1410146586;|19273|242681
Update.aspx.designer.cs;2501606537;3;1410146586;|19283|242682
Delete.aspx.cs;2536282013;5;1414376796;|19274|273359
