SCMBranch=USR-717
SCMRepository=User Interface/Task Time Tracker/Web/Shared/QualityAssurance/FunctionalityOwner/Controls
SCMMainlineUUID={6a359bb0-6131-417f-b48a-3113b3a22182}
SCMBranchRepositoryID=12139
DynSearchFilter.ascx.designer.cs;633210612;2;1377055539;|9513|80313
DynSearchFilter.ascx;1700092814;3;1377487302;|9515|81356
DynSearchFilter.ascx.cs;1590172970;4;1379586529;|9514|104002
Details.ascx.designer.cs;3851372256;2;1394430899;|6814|155044
Generic.ascx.cs;270889279;16;1394430899;|6815|141468
Generic.ascx.designer.cs;1892985104;1;1394430899;|6819|23579
List.ascx.cs;563588234;4;1394430899;|6820|141122
List.ascx.designer.cs;1744346486;1;1394430899;|6821|23581
Validation.xml;1739484463;1;1394430899;|6818|23578
Generic.ascx;3372981415;4;1401244948;|6812|193942
List.ascx;396803;2;1401244948;|6813|193943
Details.ascx;2768031477;5;1401678847;|6811|200410
Details.ascx.cs;892105555;10;1401678847;|6823|200411
SearchFilter.ascx;1941837579;20;1405544894;|6817|213225
SearchFilter.ascx.cs;2113209375;21;1405544894;|6822|213226
SearchFilter.ascx.designer.cs;3339158762;6;1405544894;|6816|213227
