SCMBranch=USR-717
SCMRepository=User Interface/Task Time Tracker/Web/MA/ApplicationDevelopment/EntityOwner
SCMMainlineUUID={6a359bb0-6131-417f-b48a-3113b3a22182}
SCMBranchRepositoryID=30745
Clone.aspx.cs;2293982832;1;1418613666;|32433|285011
Clone.aspx.designer.cs;2985123816;1;1418613666;|32432|285010
CommonUpdate.aspx;3885141959;1;1418613666;|32434|285012
CommonUpdate.aspx.designer.cs;762080296;1;1418613666;|32430|285008
Default.aspx.cs;3425597571;1;1418613666;|32441|285019
Delete.aspx.cs;3186829932;1;1418613666;|32444|285022
Delete.aspx.designer.cs;4232446358;1;1418613666;|32437|285015
Details.aspx.cs;3694047470;1;1418613666;|32436|285014
Details.aspx.designer.cs;1415496609;1;1418613666;|32428|285006
Export.aspx;410853504;1;1418613666;|32435|285013
Export.aspx.cs;1996363849;1;1418613666;|32426|285004
Export.aspx.designer.cs;2814164066;1;1418613666;|32424|285002
InlineUpdate.aspx;36860721;1;1418613666;|32447|285025
InlineUpdate.aspx.designer.cs;3572834310;1;1418613666;|32419|284997
Insert.aspx.cs;3126008030;1;1418613666;|32420|284998
Insert.aspx.designer.cs;3166180372;1;1418613666;|32421|284999
Settings.aspx;2720450982;1;1418613666;|32439|285017
Settings.aspx.cs;1717013469;1;1418613666;|32422|285000
Settings.aspx.designer.cs;3991392598;1;1418613666;|32423|285001
Update.aspx.cs;1003977028;1;1418613666;|32443|285021
Update.aspx.designer.cs;2192221940;1;1418613666;|32425|285003
Clone.aspx;3740912924;3;1418752887;|32427|288957
Delete.aspx;355604924;3;1418752887;|32446|288959
Insert.aspx;324590537;3;1418752887;|32440|288960
Details.aspx;4240913263;2;1419542781;|32429|290773
Update.aspx;757752226;4;1419542781;|32438|290774
Default.aspx;2655560309;5;1452745593;|32445|341062
Default.aspx.designer.cs;974703056;3;1452745593;|32442|341063
InlineUpdate.aspx.cs;432296875;2;1464933966;|32418|349574
CommonUpdate.aspx.cs;816862207;3;1493092258;|32431|357814
