SCMBranch=USR-717
SCMRepository=User Interface/Task Time Tracker/Web/Shared/Admin/SystemIntegrity/SuperKeyDetail/Controls
SCMMainlineUUID={6a359bb0-6131-417f-b48a-3113b3a22182}
SCMBranchRepositoryID=5524
Details.ascx.designer.cs;2048625489;3;1394430863;|1428|154639
Generic.ascx.designer.cs;3472616504;2;1394430863;|1426|18197
List.ascx.designer.cs;1544284489;1;1394430863;|1424|1424
SearchFilter.ascx.designer.cs;884887390;4;1394430863;|1422|63510
Validation.xml;3797940556;1;1394430863;|1431|1431
Generic.ascx;809541699;5;1401244930;|1421|193419
List.ascx;2434010450;2;1401244930;|1420|193420
SearchFilter.ascx;973575223;8;1401244930;|1419|195314
Details.ascx;3990242409;4;1401678839;|1430|200151
List.ascx.cs;3199487440;6;1408591358;|1425|227643
Details.ascx.cs;3121172339;10;1469426665;|1429|351696
Generic.ascx.cs;619031321;16;1469426665;|1427|351697
SearchFilter.ascx.cs;936600110;14;1469426665;|1423|353330
