SCMBranch=USR-717
SCMRepository=User Interface/Task Time Tracker/Web/app/BM/ReferenceData/services
SCMMainlineUUID={6a359bb0-6131-417f-b48a-3113b3a22182}
SCMBranchRepositoryID=32959
continentService.js;3369819172;2;1430706980;|35708|302697
countryService.js;3457751639;2;1430706980;|35707|302698
currencyService.js;1684136039;2;1430706980;|35706|302699
geographicRegionService.js;4119289365;2;1430706980;|35705|302700
religionService.js;2861047578;2;1430706980;|35704|302701
airportService.js;1011418137;2;1433221004;|35785|303224
calendarService.js;1072028355;2;1433221004;|35786|303225
cityService.js;1126364462;2;1433221004;|35787|303226
helpLineService.js;522803656;2;1433221004;|35788|303227
holidayService.js;865831266;2;1433221004;|35789|303228
mallService.js;217283070;2;1433221004;|35790|303229
monumentService.js;1810821168;2;1433221004;|35791|303230
regionService.js;2125112359;2;1433221004;|35792|303231
stateService.js;767668964;2;1433221004;|35793|303233
timeZoneService.js;878174813;2;1433221004;|35794|303234
trainStationService.js;628975829;2;1433221004;|35795|303235
personSuffixService.js;3248941715;1;1439801784;|40352|4294967295
raceTypeService.js;3860486272;1;1439801784;|40353|4294967295
sexTypeService.js;807955951;1;1439801784;|40354|4294967295
ServiceGenerator.tt;3363221019;5;1439811603;|35703|326037
ServiceGenerator.cs;1566315191;2;1439811603;|35709|326038
