SCMBranch=USR-717
SCMRepository=User Interface/Task Time Tracker/Web/Prototype/D3
SCMMainlineUUID={6a359bb0-6131-417f-b48a-3113b3a22182}
SCMBranchRepositoryID=20543
d3CommonMasterSample.aspx;3660380126;15;1452533075;|17609|340689
d3PieSample.aspx.designer.cs;3208786679;5;1413169745;|17305|267004
d3PieSample.aspx;1201531138;7;1452533398;|17306|340690
d3Sample.aspx;252787762;12;1452533280;|17298|340691
d3Sample.aspx.designer.cs;1984375362;5;1413169745;|17296|267007
d3PieSample.aspx.cs;2522073535;4;1452532386;|17304|340693
d3Sample.aspx.cs;737581940;4;1434426346;|17297|310091
d3CommonMasterSample.aspx.designer.cs;2870542965;5;1413169745;|17612|266998
d3CommonMasterSample.aspx.cs;2300479941;8;1452508582;|17613|340695
d3AnimatedSample.aspx.designer.cs;3734866467;3;1413169745;|17632|266995
d3AnimatedSample.aspx.cs;3645136794;3;1434426334;|17633|310088
d3CommonSample.aspx.cs;3300283831;3;1452575907;|17611|310089
d3CommonSample.aspx.designer.cs;597031165;3;1452575907;|17610|340694
d3CommonSample.aspx;358927417;5;1452575907;|17608|340692
d3AnimatedSample.aspx;2908760813;4;1458219776;|17634|340688
