SCMBranch=USR-717
SCMRepository=User Interface/Task Time Tracker/Web/MA/ApplicationDevelopment/AllEntityDetail
SCMMainlineUUID={6a359bb0-6131-417f-b48a-3113b3a22182}
SCMBranchRepositoryID=30741
Clone.aspx.cs;3699412417;1;1418613665;|32361|284939
Clone.aspx.designer.cs;932304877;1;1418613665;|32339|284917
CommonUpdate.aspx;2233852548;1;1418613665;|32338|284916
CommonUpdate.aspx.designer.cs;2399316555;1;1418613665;|32341|284919
Default.aspx.cs;56666754;1;1418613665;|32342|284920
Default.aspx.designer.cs;353451024;1;1418613665;|32343|284921
Delete.aspx.cs;685180949;1;1418613665;|32351|284929
Delete.aspx.designer.cs;1234144495;1;1418613665;|32352|284930
Details.aspx;1005749676;1;1418613665;|32346|284924
Details.aspx.cs;280668571;1;1418613665;|32353|284931
Details.aspx.designer.cs;2248496678;1;1418613665;|32354|284932
InlineUpdate.aspx;2988959748;1;1418613665;|32347|284925
InlineUpdate.aspx.designer.cs;1465430949;1;1418613665;|32356|284934
Insert.aspx.cs;403597494;1;1418613665;|32357|284935
Insert.aspx.designer.cs;13886338;1;1418613665;|32358|284936
Update.aspx.cs;2729934892;1;1418613665;|32359|284937
Update.aspx.designer.cs;1555645104;1;1418613665;|32360|284938
Clone.aspx;3352104400;3;1418752887;|32350|288947
Default.aspx;585207844;3;1418752887;|32344|288948
Delete.aspx;1762593784;3;1418752887;|32345|288949
Insert.aspx;2654799114;3;1418752887;|32348|288950
Update.aspx;2956143115;4;1419542780;|32349|290770
UI_Pages.cs;1309701801;1;1462161184;|41487|345898
UI_Pages.tt;1353919739;1;1462161184;|41488|345899
InlineUpdate.aspx.cs;136942458;2;1464933966;|32355|349570
CommonUpdate.aspx.cs;3706954352;3;1493092258;|32340|357811
