SCMBranch=USR-717
SCMRepository=User Interface/Task Time Tracker/Web/Shared/QualityAssurance/FunctionalityPriority
SCMMainlineUUID={6a359bb0-6131-417f-b48a-3113b3a22182}
SCMBranchRepositoryID=10382
Clone.aspx.cs;2396529951;8;1394430899;|4861|107959
Clone.aspx.designer.cs;230832499;2;1394430899;|4860|57067
CommonUpdate.aspx.designer.cs;3277457548;1;1394430899;|8987|70515
Default.aspx;1882024738;7;1394430899;|4859|172629
Default.aspx.designer.cs;3534176758;4;1394430899;|4853|92441
Delete.aspx.designer.cs;1239149055;2;1394430899;|4855|57072
Details.aspx.cs;2356520481;9;1394430899;|4856|120269
Details.aspx.designer.cs;194610825;3;1394430899;|4857|108135
Export.aspx;3639350999;2;1394430899;|4849|118932
Export.aspx.cs;3682305799;6;1394430899;|4858|155045
Export.aspx.designer.cs;461191518;2;1394430899;|4866|155046
InlineUpdate.aspx.designer.cs;2788971623;1;1394430899;|8989|70517
Insert.aspx.cs;179347694;10;1394430899;|4867|107960
Insert.aspx.designer.cs;3321049986;2;1394430899;|4864|57078
Update.aspx.cs;1975314219;14;1394430899;|4863|107961
Update.aspx.designer.cs;3162480712;2;1394430899;|4862|57081
CommonUpdate.aspx.cs;2160416649;8;1395688974;|8986|184096
InlineUpdate.aspx.cs;2568866015;8;1400086236;|8988|188997
Clone.aspx;3088642513;5;1401678847;|4865|199479
CommonUpdate.aspx;3355609726;3;1401678847;|8991|201874
Delete.aspx;2138450960;6;1401678847;|4852|199481
Details.aspx;144831143;6;1401678847;|4850|199482
InlineUpdate.aspx;2988153458;3;1401678847;|8990|201875
Insert.aspx;4112176301;5;1401678847;|4848|199484
Update.aspx;2720494908;5;1401678847;|4851|199485
Delete.aspx.cs;2352221560;12;1404236648;|4854|209337
Default.aspx.cs;2324554916;17;1405544894;|4868|213419
