SCMBranch=USR-717
SCMRepository=User Interface/Task Time Tracker/Web/Shared/ApplicationDevelopment/FunctionalityImageInstance
SCMMainlineUUID={6a359bb0-6131-417f-b48a-3113b3a22182}
SCMBranchRepositoryID=22784
Clone.aspx.cs;2927248697;2;1406094029;|19681|219268
Export.aspx;1695409655;2;1406094029;|19688|219279
Export.aspx.designer.cs;11784592;2;1406094029;|19675|219281
Insert.aspx.cs;3976026722;2;1406094029;|19692|219283
Update.aspx.cs;1476791310;2;1406094029;|19684|219286
Default.aspx.cs;1745828522;4;1408379788;|19680|226004
Default.aspx;2511679481;3;1408639048;|19691|232624
Clone.aspx;2737071920;3;1410146588;|19682|242801
Clone.aspx.designer.cs;2678393094;3;1410146588;|19683|242802
Default.aspx.designer.cs;2465928228;3;1410146588;|19679|238751
Delete.aspx;1312801618;3;1410146588;|19690|242803
Delete.aspx.designer.cs;3623817151;3;1410146588;|19676|242804
Details.aspx;2030270504;3;1410146588;|19689|242805
Details.aspx.cs;2441946835;3;1410146588;|19672|248770
Details.aspx.designer.cs;4233394927;3;1410146588;|19673|242806
Export.aspx.cs;3966720863;6;1410146588;|19674|245818
Insert.aspx;2516680213;3;1410146588;|19687|242807
Insert.aspx.designer.cs;2873275132;3;1410146588;|19678|242808
Update.aspx;632880754;3;1410146588;|19686|242809
Update.aspx.designer.cs;1276930778;3;1410146588;|19685|242810
Delete.aspx.cs;247632553;5;1414376796;|19677|273366
