SCMBranch=USR-717
SCMRepository=User Interface/Task Time Tracker/Web/Shared/Configuration/ApplicationEntityParentalHierarchy
SCMMainlineUUID={6a359bb0-6131-417f-b48a-3113b3a22182}
SCMBranchRepositoryID=5568
Clone.aspx.cs;1492109523;9;1394430874;|1996|122139
Clone.aspx.designer.cs;1601384890;2;1394430874;|1997|56983
CommonUpdate.aspx.designer.cs;2742673943;1;1394430874;|8934|70338
Default.aspx.designer.cs;1038538275;4;1394430874;|1998|116419
Delete.aspx.designer.cs;232953628;2;1394430874;|1986|56986
Details.aspx.designer.cs;1725701515;2;1394430874;|1984|56989
Export.aspx;2660110810;2;1394430874;|1994|118816
Export.aspx.designer.cs;514281757;2;1394430874;|1982|154688
InlineUpdate.aspx.designer.cs;2241572418;1;1394430874;|8936|70340
Insert.aspx.cs;2820396563;12;1394430874;|1981|122140
Insert.aspx.designer.cs;502643652;2;1394430874;|1980|56992
Settings.aspx.cs;538996831;3;1394430874;|1995|70432
Settings.aspx.designer.cs;1968389020;2;1394430874;|1978|156170
Update.aspx.cs;2076872366;14;1394430874;|1977|122141
Update.aspx.designer.cs;3746452586;2;1394430874;|1979|56995
Clone.aspx;1031600003;5;1401678841;|1990|201451
CommonUpdate.aspx;2952971739;3;1401678841;|8937|199228
Delete.aspx;2757476090;6;1401678841;|1988|201452
Details.aspx;2517274032;6;1401678841;|2000|201453
InlineUpdate.aspx;3178747314;3;1401678841;|8932|199229
Insert.aspx;2835215449;5;1401678841;|1993|201454
Settings.aspx;1471361340;5;1401678841;|1992|198572
Update.aspx;1554503712;5;1401678841;|1991|201455
Default.aspx;121376073;10;1406172425;|1989|219847
CommonUpdate.aspx.cs;2953755451;12;1408465052;|8933|226823
Default.aspx.cs;2710503091;19;1408465052;|1999|227285
Export.aspx.cs;79074867;8;1408465052;|1983|226780
InlineUpdate.aspx.cs;1286789032;9;1408465052;|8935|226824
Delete.aspx.cs;730890532;17;1408591364;|1987|229536
Details.aspx.cs;77946050;13;1408591364;|1985|229537
