SCMBranch=USR-717
SCMRepository=User Interface/Task Time Tracker/Web/MA/ApplicationDevelopment/Entity
SCMMainlineUUID={6a359bb0-6131-417f-b48a-3113b3a22182}
SCMBranchRepositoryID=35765
Clone.aspx.designer.cs;1339838553;1;1439523335;|40145|325193
Delete.aspx.designer.cs;3744191281;1;1439523337;|40157|325205
Details.aspx.cs;1461412991;1;1439523337;|40153|325201
Details.aspx.designer.cs;1529660646;1;1439523337;|40152|325200
Export.aspx;3056840732;1;1439523337;|40140|325188
Export.aspx.designer.cs;1496336891;1;1439523337;|40150|325198
InlineUpdate.aspx.designer.cs;1809474725;1;1439523337;|40136|325184
Insert.aspx;3708997928;1;1439523337;|40142|325190
Insert.aspx.cs;3718681315;1;1439523337;|40135|325183
Insert.aspx.designer.cs;2250691364;1;1439523337;|40134|325182
Update.aspx.cs;3622668492;1;1439523337;|40133|325181
Update.aspx.designer.cs;1603245801;1;1439523337;|40149|325197
Clone.aspx;2647566081;2;1445829591;|40131|332798
Clone.aspx.cs;1558184088;2;1445829591;|40144|332799
Delete.aspx;3808330457;2;1445829591;|40138|332804
Delete.aspx.cs;1537544944;2;1445829591;|40156|332805
Details.aspx;1650026457;2;1445829591;|40139|332806
Export.aspx.cs;2106891330;2;1445829591;|40151|332807
InlineUpdate.aspx;683471285;2;1445829591;|40141|332808
Update.aspx;575086866;2;1445829591;|40143|332810
CommonUpdate.aspx;2402853913;3;1462161184;|40132|345926
CommonUpdate.aspx.cs;764982040;3;1462161184;|40146|345927
CommonUpdate.aspx.designer.cs;2846151944;2;1462161184;|40147|345928
Default.aspx;203823114;3;1462161184;|40137|345929
Default.aspx.cs;3537515983;3;1462161184;|40154|345930
Default.aspx.designer.cs;3804343109;2;1462161184;|40155|345931
UI_Pages.cs;1309701801;1;1462161184;|41484|345878
UI_Pages.tt;1271905630;1;1462161184;|41483|345877
InlineUpdate.aspx.cs;946951879;3;1464933966;|40148|349573
