SCMBranch=USR-717
SCMRepository=User Interface/Task Time Tracker/Web/MA/ApplicationDevelopment/EntityXWorkticket
SCMMainlineUUID={6a359bb0-6131-417f-b48a-3113b3a22182}
SCMBranchRepositoryID=35893
Clone.aspx;4191931293;1;1445829591;|40909|332627
Clone.aspx.cs;440550496;1;1445829591;|40907|332625
Clone.aspx.designer.cs;433116359;1;1445829591;|40908|332626
CommonUpdate.aspx;639907323;1;1445829591;|40912|332630
CommonUpdate.aspx.designer.cs;842826714;1;1445829591;|40911|332629
Delete.aspx;9599421;1;1445829591;|40921|332645
Delete.aspx.cs;486262247;1;1445829591;|40919|332643
Delete.aspx.designer.cs;21598587;1;1445829591;|40920|332644
Details.aspx;2366416468;1;1445829591;|40939|332673
Details.aspx.designer.cs;411384631;1;1445829591;|40938|332672
Export.aspx;1300569671;1;1445829591;|40924|332648
Export.aspx.cs;2952404843;1;1445829591;|40922|332646
Export.aspx.designer.cs;4056197216;1;1445829591;|40923|332647
InlineUpdate.aspx;2362075457;1;1445829591;|40930|332748
InlineUpdate.aspx.designer.cs;3460092436;1;1445829591;|40929|332752
Insert.aspx;619622787;1;1445829591;|40915|332633
Insert.aspx.cs;3474338819;1;1445829591;|40913|332631
Insert.aspx.designer.cs;2801414893;1;1445829591;|40914|332632
Settings.aspx;3144249949;1;1445829591;|40933|332749
Settings.aspx.cs;3388420928;1;1445829591;|40931|332674
Settings.aspx.designer.cs;1962052360;1;1445829591;|40932|332750
Update.aspx;691510463;1;1445829593;|40918|332636
Update.aspx.cs;1028206442;1;1445829593;|40916|332634
Update.aspx.designer.cs;756285039;1;1445829593;|40917|332635
Default.aspx;813739557;2;1446003173;|40927|333017
Default.aspx.cs;3975030256;2;1446003213;|40925|333018
Default.aspx.designer.cs;3393339750;2;1446003213;|40926|333019
Details.aspx.cs;2912138722;2;1447042478;|40937|335264
InlineUpdate.aspx.cs;2168574374;2;1464933966;|40928|349834
CommonUpdate.aspx.cs;4038091054;3;1493092262;|40910|357815
