SCMBranch=USR-717
SCMRepository=User Interface/Task Time Tracker/Web/Shared/ApplicationDevelopment/FunctionalityEntityStatus
SCMMainlineUUID={6a359bb0-6131-417f-b48a-3113b3a22182}
SCMBranchRepositoryID=22774
AllTabSettings.aspx;3078425029;2;1406094027;|19536|219106
AllTabSettings.aspx.cs;2869697240;2;1406094027;|19511|219107
AllTabSettings.aspx.designer.cs;528657451;2;1406094027;|19510|219108
Clone.aspx.cs;1051460537;2;1406094027;|19509|219110
Export.aspx;2661700798;2;1406094027;|19528|219127
Export.aspx.designer.cs;1499652623;2;1406094027;|19519|219129
Insert.aspx.cs;771797920;2;1406094027;|19522|219134
Settings.aspx;2914848561;2;1406094027;|19541|219136
Settings.aspx.designer.cs;3097836240;2;1406094027;|19525|219138
CommonUpdate.aspx.cs;2375327969;3;1408379787;|19507|225968
EntityReport.aspx.cs;2072342068;4;1408591361;|19516|227777
Default.aspx;139365101;3;1408639048;|19533|232619
Clone.aspx;212832099;3;1410146587;|19537|242753
Clone.aspx.designer.cs;1194648141;3;1410146587;|19508|242754
CommonUpdate.aspx;2638452233;3;1410146587;|19538|242755
CommonUpdate.aspx.designer.cs;1383448058;3;1410146587;|19518|242756
Default.aspx.cs;286092225;4;1410146587;|19539|245394
Default.aspx.designer.cs;660583765;3;1410146587;|19532|238748
Delete.aspx;2422664293;3;1410146587;|19531|242757
Delete.aspx.designer.cs;433898950;3;1410146587;|19513|242758
Details.aspx;3540335257;3;1410146587;|19530|242759
Details.aspx.cs;3731683715;6;1410146587;|19514|245812
Details.aspx.designer.cs;3020235917;3;1410146587;|19515|242760
EntityReport.aspx;1463104608;3;1410146587;|19529|242761
EntityReport.aspx.designer.cs;3966796684;3;1410146587;|19517|242762
Export.aspx.cs;3730862552;6;1410146587;|19542|245813
InlineUpdate.aspx;2220699344;3;1410146587;|19527|242763
InlineUpdate.aspx.cs;3511750812;7;1410146587;|19520|245814
InlineUpdate.aspx.designer.cs;2528212075;3;1410146587;|19521|242764
Insert.aspx.designer.cs;2169052024;3;1410146587;|19523|242766
Settings.aspx.cs;3294279882;3;1410146587;|19524|248768
Update.aspx;2280224181;3;1410146587;|19540|242767
Update.aspx.cs;1887122659;6;1410146587;|19534|245815
Update.aspx.designer.cs;2653517319;3;1410146587;|19535|242768
Delete.aspx.cs;4225154663;5;1414376796;|19512|273364
Insert.aspx;903474084;4;1415243834;|19526|274997
