SCMBranch=USR-717
SCMRepository=User Interface/Task Time Tracker/Web/Configuration/FieldConfiguration
SCMMainlineUUID={6a359bb0-6131-417f-b48a-3113b3a22182}
SCMBranchRepositoryID=29108
Clone.aspx.cs;1391808163;1;1417403877;|27875|278459
Clone.aspx.designer.cs;4018213322;1;1417403877;|27876|278460
CommonUpdate.aspx;11021028;1;1417403877;|27881|278465
CommonUpdate.aspx.designer.cs;2571826718;1;1417403877;|27878|278462
Default.aspx.designer.cs;1875381727;1;1417403877;|27874|278458
Delete.aspx.cs;32751731;1;1417403877;|27873|278457
Delete.aspx.designer.cs;57983168;1;1417403877;|27872|278456
Details.aspx.cs;511186170;1;1417403877;|27871|278455
Details.aspx.designer.cs;3875746511;1;1417403877;|27870|278454
Export.aspx;1568734861;1;1417403877;|27885|278469
Export.aspx.cs;513365972;1;1417403877;|27869|278453
Export.aspx.designer.cs;2632987753;1;1417403877;|27868|278452
FieldConfigurationDisplayNameDataModel.cs;17864673;1;1417403877;|27886|278470
InlineUpdate.aspx;700145997;1;1417403877;|27887|278471
InlineUpdate.aspx.designer.cs;1814961807;1;1417403877;|27866|278450
Insert.aspx.cs;233382718;1;1417403877;|27865|278449
Insert.aspx.designer.cs;2404118172;1;1417403877;|27864|278448
Settings.aspx;2970595034;1;1417403877;|27889|278473
Settings.aspx.cs;1493674613;1;1417403877;|27863|278447
Settings.aspx.designer.cs;2620557909;1;1417403877;|27879|278463
Update.aspx.designer.cs;2024721873;1;1417403877;|27862|278446
Clone.aspx;1851575321;2;1417540916;|27880|280245
Default.aspx;1246050426;2;1417540916;|27882|280246
Delete.aspx;55097317;2;1417540916;|27883|280247
Insert.aspx;423524059;2;1417540916;|27888|280249
Update.aspx.cs;1874788751;2;1417540916;|27861|280251
Details.aspx;2466609093;3;1419542777;|27884|290730
Update.aspx;4258205251;3;1419542777;|27890|290731
Default.aspx.cs;3802390595;2;1423583895;|27891|296315
InlineUpdate.aspx.cs;2684588677;2;1464838855;|27867|349171
CommonUpdate.aspx.cs;381322092;3;1493092258;|27877|357798
