SCMBranch=USR-717
SCMRepository=User Interface/Task Time Tracker/Web/app/BM/Legal/controllers/Gen/Detail
SCMMainlineUUID={6a359bb0-6131-417f-b48a-3113b3a22182}
SCMBranchRepositoryID=35055
Core.cs;1566315191;2;1435115620;|38522|310990
detailTransactionTypeCtrl.js;751246693;2;1435115620;|38713|311003
Core.tt;987267175;5;1439523305;|38518|322420
detailCaseStatusCtrl.js;3653072013;3;1439523305;|38550|322421
detailCaseTypeCtrl.js;621196622;3;1439523305;|38551|322422
detailClientTypeCtrl.js;2615920818;3;1439523305;|38552|322423
detailCounselCtrl.js;2883560756;3;1439523305;|38553|322424
detailJurisdictionsCtrl.js;829907648;3;1439523305;|38554|322425
detailMovantTypeCtrl.js;4191858490;3;1439523305;|38555|322426
detailPressReleaseTypeCtrl.js;3162447527;3;1439523305;|38708|322427
detailReportingRequirementCtrl.js;3583146338;3;1439523305;|38709|322428
detailReportTypeCtrl.js;1721498188;3;1439523305;|38710|322429
detailRetrievalMethodCtrl.js;3436171067;3;1439523305;|38711|322430
detailSettlementStatusCtrl.js;1016922126;3;1439523305;|38712|322431
