SCMBranch=USR-717
SCMRepository=User Interface/Task Time Tracker/Web/app/BM/DayCare/views/Gen/List
SCMMainlineUUID={6a359bb0-6131-417f-b48a-3113b3a22182}
SCMBranchRepositoryID=35732
WorkSchedules.cs;1566315191;1;1440743962;|40123|324834
ReferenceData.cs;387001192;2;1448356115;|40312|337117
listTableSchedule.html;3629776469;4;1449804416;|40119|338443
Core.cs;1285525959;1;1450840083;|41077|339184
Core.tt;969226255;1;1450840083;|41076|339183
Enrollment.cs;387001192;1;1451535729;|41120|339864
VacationPlan.cs;387001192;1;1454649028;|41164|341900
Classes.cs;387001192;1;1457064384;|41259|342889
listTableClassInstance.html;2188189843;1;1457064384;|41260|342890
listTableAccidentPlace.html;1806600427;2;1473219470;|41078|355259
listTableAccidentReport.html;469255841;2;1473219470;|41079|355260
listTableBathRoom.html;238583718;2;1473219470;|41080|355261
listTableComment.html;1015212185;2;1473219470;|41068|355262
listTableMeal.html;2508159192;2;1473219470;|41069|355263
listTableMealDetail.html;4128361346;2;1473219470;|41070|355264
listTableSickReport.html;3506134743;2;1473219535;|41071|355266
listTableSleep.html;1692535456;2;1473219535;|41072|355267
listTableTuition.html;3592057141;2;1473219535;|41075|355269
listTableVacationPlan.html;2844596824;3;1473219535;|41163|355270
Users.cs;387001192;1;1473219535;|41733|355069
Classes.tt;397069728;3;1474515154;|41261|356074
Enrollment.tt;849531740;4;1474515154;|41119|356075
listTableActivitySubType.html;522593866;4;1474515154;|40316|356076
listTableActivityType.html;786851633;4;1474515154;|40317|356077
listTableCourse.html;566016523;4;1474515154;|40318|356078
listTableCourseInstance.html;1646070019;2;1474515154;|41278|356079
listTableDepartment.html;354766682;4;1474515154;|40319|356080
listTableDiaperStatus.html;545259225;4;1474515154;|40320|356081
listTableDiscount.html;3989928431;4;1474515154;|40321|356082
listTableEventType.html;479753281;4;1474515154;|40322|356083
listTableFoodType.html;1797951775;4;1474515154;|40323|356084
listTableMealType.html;2533787681;4;1474515154;|40324|356085
listTableNeedItem.html;1665326139;4;1474515154;|40315|356086
listTablePaymentMethod.html;989367854;4;1474515154;|40314|356087
listTableRegistration.html;326938473;6;1474515154;|40313|356088
listTableScheduleDetail.html;2165700342;3;1474515154;|40120|356089
listTableScheduleDetailActivityCategory.html;1438822519;3;1474515154;|40121|356090
listTableScheduleState.html;1597030815;3;1474515154;|40122|356091
listTableStudent.html;3697165065;3;1474515154;|41073|356092
listTableSubjectMatter.html;3092169781;2;1474515154;|41277|356093
listTableTeacher.html;1811836220;3;1474515154;|41074|356094
ReferenceData.tt;3615528885;4;1474515154;|40311|356095
Users.tt;3572640069;2;1474515154;|41734|356096
VacationPlan.tt;976526823;2;1474515154;|41162|356097
WorkSchedules.tt;963705201;4;1474515154;|40118|356098
