SCMBranch=USR-717
SCMRepository=User Interface/Task Time Tracker/Web/Shared/WebCommon
SCMMainlineUUID={6a359bb0-6131-417f-b48a-3113b3a22182}
SCMBranchRepositoryID=5598
ApplicationUserRole.cs;2692566705;1;1394430902;|4149|4169
CustomRoute.cs;2566089027;1;1394430902;|5352|18911
Extensions.cs;2102547314;1;1394430902;|4151|4171
PerferenceCommon.cs;1877834046;2;1394430902;|10118|139691
UserActivityItem.cs;3146461272;3;1394430902;|4155|12615
PropertyMapper.cs;1018169412;9;1414694218;|17954|274599
JiraHelper.cs;2045294899;2;1424841062;|35388|296996
JiraDataMaanger.cs;2253500475;2;1426137700;|35498|297980
StringHelper.cs;974056567;1;1436761842;|39012|313445
AjaxHelper.cs;238665174;12;1437366689;|20044|316981
MvcCommon.cs;553775587;3;1447042523;|16530|335335
DynamicLibrary.cs;3430345003;1;1447300181;|40962|335753
ApplicationVariables.cs;2989170062;15;1469426695;|4150|351715
UPreference.cs;1067503853;11;1469426695;|4154|351718
SessionVariables.cs;38223696;50;1492002160;|4152|353341
DateTimeHelper.cs;272421410;7;1493092300;|11730|358326
UIHelper.cs;2360740132;47;1493092300;|4153|358293
ApplicationCommon.Properties.cs;2799652568;1;1496812615;|41874|359093
ApplicationCommon.cs;1858937799;205;1496815649;|4148|359114
TimeEntryCommon.cs;3595529659;1;1497607708;|41909|4294967295
ApplicationCommon.Methods.cs;1823946847;2;1497844727;|41875|359345
ApplicationCommon.Constants.cs;2675896436;3;1498058219;|41876|359426
InformationCommon.cs;1424562755;11;1498058219;|26129|359427
