SCMBranch=USR-717
SCMRepository=User Interface/Task Time Tracker/Web/Shared/ApplicationManagement/ReleasePublishCategory
SCMMainlineUUID={6a359bb0-6131-417f-b48a-3113b3a22182}
SCMBranchRepositoryID=10607
Clone.aspx.cs;2271962350;8;1394430869;|5224|110194
Clone.aspx.designer.cs;1329768164;2;1394430869;|5225|68655
CommonUpdate.aspx.designer.cs;3866971654;2;1394430869;|7274|68657
Default.aspx.designer.cs;3759727094;3;1394430869;|5231|105041
Delete.aspx.designer.cs;2683221527;2;1394430869;|5228|68662
Details.aspx.cs;501705076;8;1394430869;|5227|120412
Details.aspx.designer.cs;2992213005;2;1394430869;|5226|68664
Export.aspx;593179946;2;1394430869;|5221|118986
Export.aspx.designer.cs;500211786;2;1394430869;|5216|155167
InlineUpdate.aspx.designer.cs;1870378688;2;1394430869;|7277|68666
Insert.aspx.cs;3805073374;8;1394430869;|5215|110193
Insert.aspx.designer.cs;3462013362;2;1394430869;|5214|68659
Update.aspx.cs;3999266272;10;1394430870;|5213|110192
Update.aspx.designer.cs;2973070435;2;1394430870;|5229|68658
Clone.aspx;312221405;5;1401678840;|5212|201415
CommonUpdate.aspx;2250006508;4;1401678840;|7275|201727
Delete.aspx;2716078909;6;1401678840;|5219|201416
Details.aspx;2192679360;6;1401678840;|5220|201417
InlineUpdate.aspx;1482036707;4;1401678840;|7278|201728
Insert.aspx;108488368;5;1401678840;|5222|201418
Update.aspx;1869879758;6;1401678840;|5223|201419
InlineUpdate.aspx.cs;2561883349;11;1404235621;|7276|209459
Export.aspx.cs;1092080218;6;1404235553;|5217|209462
Delete.aspx.cs;829978423;11;1404236644;|5230|209533
CommonUpdate.aspx.cs;3707256033;13;1405911752;|7273|215649
Default.aspx;3562128702;8;1406649557;|5218|222766
Default.aspx.cs;750517138;18;1406649557;|5232|222767
