SCMBranch=USR-717
SCMRepository=User Interface/Task Time Tracker/Web/Styles/Kendo/Moonlight
SCMMainlineUUID={6a359bb0-6131-417f-b48a-3113b3a22182}
SCMBranchRepositoryID=19222
editor.png;3050983162;1;1394430905;|16182|161271
imagebrowser.png;952248071;1;1394430905;|16181|161270
indeterminate.gif;2317854480;1;1394430905;|16180|161269
loading-image.gif;210636584;1;1394430905;|16179|161268
loading.gif;455555823;1;1394430905;|16177|161266
loading_2x.gif;2604795325;1;1394430905;|16176|161265
markers.png;159387722;1;1394430905;|16175|161264
markers_2x.png;2618489480;1;1394430905;|16183|161272
slider-h.gif;3247938588;1;1394430905;|16178|161267
slider-v.gif;370407292;1;1394430905;|16172|161261
sprite.png;882232953;1;1394430905;|16173|161262
sprite_2x.png;2860837687;1;1394430905;|16174|161263
