SCMBranch=USR-717
SCMRepository=User Interface/Task Time Tracker/Web/Shared/ApplicationManagement/ReleaseNote/ReleasePublishCategory
SCMMainlineUUID={6a359bb0-6131-417f-b48a-3113b3a22182}
SCMBranchRepositoryID=23948
Clone.aspx.cs;2271962350;1;1407766913;|20845|224394
Details.aspx.cs;501705076;1;1407766913;|20854|224403
Export.aspx;593179946;1;1407766913;|20832|224381
Export.aspx.designer.cs;500211786;1;1407766913;|20850|224399
Insert.aspx.cs;3805073374;1;1407766916;|20839|224388
Update.aspx.cs;3999266272;1;1407766916;|20837|224386
Default.aspx;1459003697;3;1408639049;|20835|232640
Default.aspx.cs;4121887516;2;1408639049;|20857|231473
Clone.aspx;2142107620;3;1410146593;|20842|242959
Clone.aspx.designer.cs;2520335442;2;1410146593;|20846|242960
CommonUpdate.aspx;435745397;2;1410146593;|20841|242961
CommonUpdate.aspx.designer.cs;348123763;2;1410146593;|20848|242962
Default.aspx.designer.cs;2273213772;2;1410146593;|20858|238766
Delete.aspx;4144467878;3;1410146593;|20834|242963
Delete.aspx.designer.cs;355216294;2;1410146593;|20855|242964
Details.aspx.designer.cs;3935432690;2;1410146593;|20853|242966
Export.aspx.cs;2738246329;3;1410146593;|20851|245846
InlineUpdate.aspx;392261991;2;1410146593;|20843|242967
InlineUpdate.aspx.designer.cs;4037875919;2;1410146593;|20840|242968
Insert.aspx;1447675838;3;1410146593;|20844|242969
Insert.aspx.designer.cs;2538693098;2;1410146593;|20838|242970
Update.aspx.designer.cs;2679888565;2;1410146593;|20836|242972
Delete.aspx.cs;2926399985;5;1414437907;|20856|273812
Details.aspx;3304330589;4;1419542800;|20833|290881
Update.aspx;1263679836;4;1419542800;|20852|290882
InlineUpdate.aspx.cs;3259330758;3;1464934164;|20849|349542
CommonUpdate.aspx.cs;82183268;4;1493092300;|20847|357874
