SCMBranch=USR-717
SCMRepository=User Interface/Task Time Tracker/Web/APIV2/Controllers/DC
SCMMainlineUUID={6a359bb0-6131-417f-b48a-3113b3a22182}
SCMBranchRepositoryID=35038
Core.cs;1034698998;1;1433220972;|38623|307388
Enrollment.cs;42954251;2;1451535585;|40076|339913
Enrollment.tt;261172345;2;1451535585;|40085|339914
VacationPlan.cs;42954251;2;1456372165;|41145|342594
VacationPlan.tt;2638217953;2;1456372165;|41146|342595
Classes.cs;42954251;1;1457064384;|41243|342873
ClassInstanceController.cs;69984864;1;1457064384;|41242|342872
Classes.tt;3836014957;2;1457323678;|41241|342981
CourseInstanceController.cs;3509340266;2;1469426452;|41266|351860
SubjectMatterController.cs;556308587;2;1469426452;|41265|351875
VacationPlanController.cs;55011867;3;1469426452;|40084|351878
AccidentPlaceController.cs;677582767;5;1496116126;|38617|358732
AccidentReportController.cs;2947764624;5;1496116126;|38618|358733
ActivitySubTypeController.cs;4175619680;5;1496116126;|38619|358734
ActivityTypeController.cs;3280982493;5;1496116126;|38620|358735
BathRoomController.cs;3009581856;5;1496116126;|38621|358736
CommentController.cs;1343552999;5;1496116126;|38622|358737
Core.tt;1447108972;5;1496116126;|38616|358738
CourseController.cs;4259424671;5;1496116126;|39225|358739
DepartmentController.cs;471115113;5;1496116126;|39226|358740
DiaperStatusController.cs;3690739353;5;1496116126;|38624|358741
DiscountController.cs;1669682354;5;1496116126;|38625|358742
EventTypeController.cs;1348195640;5;1496116126;|38626|358743
FoodTypeController.cs;3568842963;5;1496116126;|38627|358744
MealController.cs;1614221708;5;1496116126;|38628|358745
MealDetailController.cs;3057030188;5;1496116126;|38629|358746
MealTypeController.cs;2876703575;5;1496116126;|38630|358747
NeedItemController.cs;3882377148;5;1496116126;|38631|358748
PaymentMethodController.cs;3282451878;5;1496116126;|38632|358749
RegistrationController.cs;3809862545;5;1496116126;|39227|358750
SickReportController.cs;3402349218;5;1496116126;|38633|358751
SleepController.cs;4167440192;5;1496116126;|38634|358752
StudentController.cs;2429067105;5;1496116126;|38635|358753
TeacherController.cs;819924429;5;1496116126;|38636|358754
TuitionController.cs;405280730;5;1496116126;|38637|358755
