SCMBranch=USR-717
SCMRepository=User Interface/Task Time Tracker/Web/Shared/Admin/BatchFileSet/Controls
SCMMainlineUUID={6a359bb0-6131-417f-b48a-3113b3a22182}
SCMBranchRepositoryID=5501
Details.ascx.designer.cs;4289816894;3;1394430858;|1107|154615
Generic.ascx.designer.cs;2098139038;3;1394430858;|1114|18497
List.ascx.designer.cs;3494370410;1;1394430858;|1116|1116
SearchFilter.ascx.designer.cs;3629198515;6;1394430858;|1108|80720
Validation.xml;91699255;1;1394430858;|1109|1109
Generic.ascx;508869362;6;1401244928;|1112|193374
List.ascx;2568366517;2;1401244928;|1111|193375
Details.ascx;2177491778;5;1401678837;|1113|200133
SearchFilter.ascx;1043163329;14;1406773997;|1110|223033
Details.ascx.cs;3711279030;9;1409070497;|1106|234536
List.ascx.cs;1468865526;6;1409070497;|1115|234538
Generic.ascx.cs;2994862987;15;1469426662;|1117|351675
SearchFilter.ascx.cs;2597635375;14;1469426662;|1105|353319
