SCMBranch=USR-717
SCMRepository=User Interface/Task Time Tracker/Web/Shared/ApplicationManagement/ReleaseNote/ReleaseLogStatus
SCMMainlineUUID={6a359bb0-6131-417f-b48a-3113b3a22182}
SCMBranchRepositoryID=23946
Clone.aspx.cs;3377669609;1;1407766913;|20817|224366
Export.aspx;433451817;1;1407766913;|20794|224343
Export.aspx.designer.cs;283046448;1;1407766913;|20812|224361
Insert.aspx.cs;2530390564;1;1407766913;|20809|224358
Default.aspx;2246047870;3;1408639049;|20803|232639
Clone.aspx;2266138011;3;1410146592;|20804|242945
Clone.aspx.designer.cs;578960698;2;1410146592;|20797|242946
CommonUpdate.aspx;1879641532;2;1410146592;|20802|242947
CommonUpdate.aspx.designer.cs;3708348026;2;1410146592;|20799|242948
Default.aspx.designer.cs;226904816;2;1410146592;|20801|238765
Delete.aspx;616181917;3;1410146592;|20792|242949
Delete.aspx.designer.cs;4236017868;2;1410146592;|20816|242950
Details.aspx.designer.cs;1146936081;2;1410146592;|20814|242952
Export.aspx.cs;3052968281;3;1410146592;|20813|245844
InlineUpdate.aspx;3520169666;2;1410146592;|20795|242953
InlineUpdate.aspx.designer.cs;543980986;2;1410146593;|20810|242954
Insert.aspx;1727627379;3;1410146593;|20796|242955
Insert.aspx.designer.cs;2607346820;2;1410146593;|20808|242956
Update.aspx.designer.cs;427145304;2;1410146593;|20806|242958
Delete.aspx.cs;2141354092;5;1414437907;|20818|273811
Details.aspx;1833571728;4;1419542800;|20793|290879
Update.aspx;278258426;4;1419542800;|20805|290880
Default.aspx.cs;429404259;4;1447042509;|20800|335325
Details.aspx.cs;1269771593;4;1447042509;|20815|335326
Update.aspx.cs;1084304228;4;1447042509;|20807|335327
InlineUpdate.aspx.cs;2818813745;3;1464934164;|20811|349541
CommonUpdate.aspx.cs;1979512055;4;1493092281;|20798|357872
