SCMBranch=USR-717
SCMRepository=User Interface/Task Time Tracker/Web/Prototype/Kendo/content/web/tooltip/ajax
SCMMainlineUUID={6a359bb0-6131-417f-b48a-3113b3a22182}
SCMBranchRepositoryID=19124
ajaxContent1.html;3748027632;1;1394430817;|13852|158941
ajaxContent2.html;1595208532;1;1394430817;|13849|158938
ajaxContent3.html;1140579673;1;1394430817;|13848|158937
ajaxContent4.html;4183535;1;1394430817;|13853|158942
ajaxContent5.html;516695246;1;1394430817;|13847|158936
ajaxContent6.html;944826113;1;1394430817;|13850|158939
ajaxContent7.html;2732718745;1;1394430817;|13846|158935
ajaxContent8.html;2936084893;1;1394430817;|13851|158940
ajaxContent9.html;4075011227;1;1394430817;|13845|158934
