SCMBranch=USR-717
SCMRepository=User Interface/Task Time Tracker/Web/MS/TasksAndWorkflow/TaskRun/Controls
SCMMainlineUUID={6a359bb0-6131-417f-b48a-3113b3a22182}
SCMBranchRepositoryID=30830
Details.ascx;788065889;1;1418613677;|33980|286558
Details.ascx.cs;2606724921;1;1418613677;|33987|286565
Details.ascx.designer.cs;1353450171;1;1418613677;|33986|286564
Generic.ascx;3520315170;1;1418613677;|33988|286566
Generic.ascx.designer.cs;4063092628;1;1418613677;|33984|286562
List.ascx;3156855740;1;1418613677;|33977|286555
List.ascx.cs;4171160831;1;1418613677;|33983|286561
List.ascx.designer.cs;1027036046;1;1418613677;|33982|286560
SearchFilter.ascx;3449830096;1;1418613677;|33978|286556
SearchFilter.ascx.cs;2157688029;1;1418613677;|33976|286554
SearchFilter.ascx.designer.cs;2131330442;1;1418613677;|33981|286559
Validation.xml;4278891070;1;1418613677;|33979|286557
Generic.ascx.cs;2046976719;4;1469426650;|33985|352139
