SCMBranch=USR-717
SCMRepository=User Interface/Task Time Tracker/Web/Content/kendo/2013.3.1119/Black
SCMMainlineUUID={6a359bb0-6131-417f-b48a-3113b3a22182}
SCMBranchRepositoryID=18987
editor.png;3050983162;1;1394430784;|12839|157928
imagebrowser.png;952248071;1;1394430784;|12838|157927
indeterminate.gif;3648847167;1;1394430784;|12843|157932
loading-image.gif;2053619861;1;1394430784;|12844|157933
loading.gif;2810775045;1;1394430784;|12846|157935
loading_2x.gif;200153419;1;1394430784;|12845|157934
slider-h.gif;1394006179;1;1394430784;|12847|157936
slider-v.gif;264188452;1;1394430784;|12840|157929
sprite.png;2454700142;1;1394430784;|12841|157930
sprite_2x.png;1914052013;1;1394430784;|12842|157931
