SCMBranch=USR-717
SCMRepository=User Interface/Task Time Tracker/Web/Shared/AuthenticationAndAuthorization/ApplicationUser
SCMMainlineUUID={6a359bb0-6131-417f-b48a-3113b3a22182}
SCMBranchRepositoryID=5556
Clone.aspx.cs;4254163746;10;1394430871;|1785|125189
Edit.aspx.designer.cs;4200724941;1;1394430871;|1795|7605
Export.aspx;1397228253;2;1394430871;|1805|118813
Export.aspx.designer.cs;463865430;2;1394430871;|1793|154679
Insert.aspx.cs;1008491502;13;1394430871;|1792|125192
RenumberData.aspx;2425117925;1;1394430872;|5809|21675
RenumberData.aspx.designer.cs;1653828344;1;1394430872;|5811|21677
Settings.aspx.designer.cs;1265455769;2;1394430872;|1789|156168
Edit.aspx;3333512000;4;1401678840;|1806|198553
Settings.aspx;301419813;5;1401678840;|1803|198555
Default.aspx.cs;3633734937;24;1408591363;|1786|229514
InlineUpdate.aspx.cs;2613098382;14;1408591363;|7133|229638
Default.aspx;3676411399;9;1408639050;|1799|233522
Clone.aspx;3031140409;6;1410146594;|1787|249972
Clone.aspx.designer.cs;3641207874;3;1410146594;|1784|249973
CommonUpdate.aspx;4193109451;5;1410146594;|7136|250651
CommonUpdate.aspx.designer.cs;800529884;3;1410146594;|7134|250652
Default.aspx.designer.cs;505461272;5;1410146594;|1782|249975
Delete.aspx;967139315;7;1410146594;|1800|249976
Delete.aspx.designer.cs;1544992913;3;1410146594;|1780|249977
Details.aspx;208164181;9;1410146594;|1801|249978
Details.aspx.cs;3667568170;31;1410146594;|1798|249979
Details.aspx.designer.cs;3824997694;3;1410146594;|1797|249980
Edit.aspx.cs;3289575219;3;1410146594;|1796|248666
Export.aspx.cs;4080011025;11;1410146594;|1794|249981
InlineUpdate.aspx;4243425812;5;1410146594;|7132|250653
InlineUpdate.aspx.designer.cs;2567722858;3;1410146594;|7137|250654
Insert.aspx;1056056528;6;1410146594;|1804|249982
Insert.aspx.designer.cs;2471277024;3;1410146594;|1791|249983
RenumberData.aspx.cs;4043389467;10;1410146594;|5810|250655
Settings.aspx.cs;2298033518;3;1410146594;|1790|248667
Update.aspx;538077472;8;1410146594;|1802|249984
Update.aspx.cs;3775429460;36;1410146594;|1788|249985
Update.aspx.designer.cs;778032131;3;1410146594;|1783|249986
CommonUpdate.aspx.cs;2744335429;18;1413570716;|7135|272246
Delete.aspx.cs;536108235;19;1414437907;|1781|273762
