SCMBranch=USR-717
SCMRepository=User Interface/Task Time Tracker/Web/Shared/ApplicationDevelopment/FunctionalityStatus
SCMMainlineUUID={6a359bb0-6131-417f-b48a-3113b3a22182}
SCMBranchRepositoryID=22790
Export.aspx;2796800500;2;1406094031;|19790|219390
Export.aspx.designer.cs;2204433871;2;1406094031;|19801|219392
Insert.aspx.cs;2660554852;2;1406094031;|19804|219397
CommonUpdate.aspx.cs;3123908476;3;1408379788;|19791|226026
Default.aspx.cs;155896192;4;1408379788;|19793|226027
InlineUpdate.aspx.cs;3039219093;3;1408379788;|19802|226030
Default.aspx;2846571583;4;1408639048;|19786|232627
CommonUpdate.aspx;1802397979;3;1410146589;|19789|242839
CommonUpdate.aspx.designer.cs;1029440008;3;1410146589;|19792|242840
Default.aspx.designer.cs;3816095404;3;1410146589;|19794|238754
Delete.aspx;3648853665;3;1410146589;|19787|242841
Delete.aspx.designer.cs;3230250193;3;1410146589;|19796|242842
Details.aspx;2019164070;3;1410146589;|19788|242843
Details.aspx.cs;541561755;3;1410146589;|19797|248776
Details.aspx.designer.cs;1685924550;3;1410146589;|19798|242844
Export.aspx.cs;2789708239;6;1410146589;|19799|245821
InlineUpdate.aspx;3327053635;3;1410146589;|19800|242845
InlineUpdate.aspx.designer.cs;202226530;3;1410146589;|19803|242846
Insert.aspx;318340856;3;1410146589;|19809|242847
Insert.aspx.designer.cs;3039044481;3;1410146589;|19805|242848
Update.aspx;917280669;3;1410146589;|19808|242849
Update.aspx.cs;2208457046;3;1410146589;|19806|238431
Update.aspx.designer.cs;25053259;3;1410146589;|19807|242850
Delete.aspx.cs;714714912;6;1414437902;|19795|273799
