SCMBranch=USR-717
SCMRepository=User Interface/Task Time Tracker/Web/app/BM/ReferenceData/controllers/Gen/Save
SCMMainlineUUID={6a359bb0-6131-417f-b48a-3113b3a22182}
SCMBranchRepositoryID=35834
SaveControllerGenerator.cs;1566315191;2;1440999913;|40411|327888
saveRaceTypeCtrl.js;1462780102;5;1441076412;|40420|328755
saveSexTypeCtrl.js;13510693;5;1441076412;|40423|328758
saveAddressCtrl.js;2032550300;4;1459347633;|40606|343829
saveAirportCtrl.js;153174680;9;1459347633;|40407|343830
saveCalendarCtrl.js;4223039479;7;1459347633;|40408|343831
saveCityCtrl.js;2464134879;9;1459347633;|40409|343832
saveContinentCtrl.js;641999102;7;1459347633;|40410|343833
saveCountryCtrl.js;2594302606;7;1459347633;|40412|343835
saveCurrencyCtrl.js;2577812008;7;1459347633;|40413|343836
saveEthnicityCtrl.js;551700946;5;1459347633;|40578|343837
saveGenderCtrl.js;16029041;4;1459347633;|40694|343613
saveGeographicRegionCtrl.js;2591826691;7;1459347633;|40414|343838
saveHelpLineCtrl.js;3229522922;7;1459347633;|40415|343839
saveHolidayCtrl.js;402246741;7;1459347633;|40416|343840
saveMallCtrl.js;1541677379;7;1459347633;|40417|343841
saveMonumentCtrl.js;2900271951;7;1459347633;|40418|343842
savePersonSuffixCtrl.js;943867034;7;1459347633;|40419|343843
saveProvinceCtrl.js;3627826815;4;1459347633;|40665|343620
saveProvinceTypeCtrl.js;4251865536;4;1459347633;|40666|343621
saveRegionCtrl.js;331336834;7;1459347633;|40421|343844
saveReligionCtrl.js;2573609412;7;1459347633;|40422|343845
saveStateCtrl.js;301451996;9;1459347633;|40424|343846
saveTimeZoneCtrl.js;3545632332;7;1459347633;|40425|343847
saveTrainStationCtrl.js;1139063058;9;1459347633;|40426|343848
saveLayerNameCtrl.js;4057594329;1;1462765641;|41661|347445
saveTaskNameCtrl.js;2280343277;1;1462765641;|41653|347418
SaveControllerGenerator.tt;1357555749;15;1463717733;|40406|348012
