SCMBranch=USR-717
SCMRepository=User Interface/Task Time Tracker/Web/BaseClasses
SCMMainlineUUID={6a359bb0-6131-417f-b48a-3113b3a22182}
SCMBranchRepositoryID=13784
ControlDetailsStandard.cs;3059002729;4;1394430777;|10088|138817
PageGeneric.cs;1772113668;8;1394430777;|9831|95274
PageSettings.cs;2908270718;2;1394430777;|9826|86389
PageUpdateInline.cs;1208367131;3;1394430777;|9825|86390
CommonSchedule.cs;3675685661;1;1407908448;|20668|224660
ControlDetails.cs;1738670092;6;1411401271;|9829|253404
ControlGeneric.cs;21383459;5;1413570716;|9830|272223
ControlGenericStandard.cs;1933345898;10;1414694218;|10087|274598
PageClone.cs;2783011970;9;1434346699;|9822|309759
PageDelete.cs;1662349022;17;1434346699;|9827|309858
PageDetails.cs;2947596626;18;1434346699;|9823|309859
PageInlineUpdate.cs;1409229951;11;1434346699;|9841|309766
PageInsert.cs;3821770674;10;1434346699;|9846|309860
PageUpdate.cs;3387973453;17;1434346699;|9845|309861
PageBasePage.cs;921642350;3;1435549186;|38809|312153
PageCommon.cs;1287690206;17;1437450025;|9828|317654
ControlSearchFilterEntity2.cs;585095372;10;1447309981;|20873|335875
PageCommonUpdate.cs;2843641006;9;1464758662;|9840|348325
ControlCommon.cs;3942560305;8;1469426463;|9824|351926
ControlSearchFilter.cs;3529784105;120;1469426463;|9839|353373
ControlSearchFilter2.cs;2249274957;6;1469426463;|20874|353040
PageDefault.cs;1281996442;44;1469426463;|9832|353374
PageDefault2.cs;3964054959;7;1469426463;|20872|351930
PageDefaultMaster.cs;911749980;14;1469426463;|17190|353375
PageSiteMaster.cs;2114606625;13;1469426463;|20891|353376
ControlSearchFilterEntity.cs;4236346364;67;1496308969;|20016|358974
