SCMBranch=USR-717
SCMRepository=User Interface/Task Time Tracker/Web/MA/ApplicationDevelopment/FunctionalityImageInstance/Controls
SCMMainlineUUID={6a359bb0-6131-417f-b48a-3113b3a22182}
SCMBranchRepositoryID=30764
Details.ascx;3996098434;1;1418613668;|32780|285358
Details.ascx.cs;2505067130;1;1418613668;|32773|285351
Details.ascx.designer.cs;3730074193;1;1418613668;|32785|285363
Generic.ascx;196057766;1;1418613668;|32781|285359
Generic.ascx.designer.cs;1805269148;1;1418613668;|32775|285353
List.ascx;2053828730;1;1418613668;|32782|285360
List.ascx.cs;2369958790;1;1418613668;|32776|285354
List.ascx.designer.cs;1129976101;1;1418613668;|32777|285355
SearchFilter.ascx;390100541;1;1418613668;|32783|285361
SearchFilter.ascx.designer.cs;1176006386;1;1418613668;|32779|285357
Validation.xml;3687457457;1;1418613668;|32784|285362
Generic.ascx.cs;3921560857;2;1469426635;|32774|352102
SearchFilter.ascx.cs;1282772342;2;1469426635;|32778|353052
