SCMBranch=USR-717
SCMRepository=User Interface/Task Time Tracker/Web/Prototype/Kendo/mobile/listview
SCMMainlineUUID={6a359bb0-6131-417f-b48a-3113b3a22182}
SCMBranchRepositoryID=19161
databinding.html;401390526;3;1406516547;|14031|221224
detailbuttons.html;1031746951;3;1406516547;|14030|221225
editing.html;2853740425;3;1406516547;|14029|221226
endless-scrolling.html;3584041981;3;1406516547;|14028|221227
filtering.html;3540224540;3;1406516547;|14027|221228
fixedheaders.html;1631043018;3;1406516547;|14026|221229
hierarchical-databinding.html;4016319807;3;1406516547;|14025|221230
index.html;1413766103;3;1406516547;|14033|221231
local-virtualization.html;2409313241;3;1406516547;|14034|221232
mvvm.html;1171661076;3;1406516547;|14032|221233
press-to-load-more.html;904017267;3;1406516547;|14021|221234
pull-to-refresh.html;4153438616;3;1406516547;|14022|221235
pull-with-endless.html;1376926766;3;1406516547;|14023|221236
templates.html;4033561452;3;1406516547;|14024|221237
