SCMBranch=USR-717
SCMRepository=User Interface/Task Time Tracker/Web/Prototype/Kendo/web/scheduler
SCMMainlineUUID={6a359bb0-6131-417f-b48a-3113b3a22182}
SCMBranchRepositoryID=19195
api.html;1285132254;3;1406516550;|14246|221441
events.html;980870115;3;1406516550;|14247|221442
index.html;596123557;3;1406516550;|14249|221443
move-resize.html;1105592431;3;1406516550;|14241|221444
mvvm.html;1088101080;3;1406516550;|14250|221445
resources-grouping-horizontal.html;2966621256;3;1406516550;|14245|221446
resources-grouping-vertical.html;2725639225;3;1406516550;|14244|221447
resources.html;2870191070;3;1406516550;|14243|221448
restriction.html;1495396103;3;1406516550;|14242|221449
rtl.html;855490602;3;1406516550;|14240|221450
selection.html;2521515087;3;1406516551;|14239|221451
templates.html;3440681037;3;1406516551;|14248|221452
