SCMBranch=USR-717
SCMRepository=User Interface/Task Time Tracker/Web/Shared/AuthenticationAndAuthorization/ApplicationUser/Controls
SCMMainlineUUID={6a359bb0-6131-417f-b48a-3113b3a22182}
SCMBranchRepositoryID=5557
List.ascx.designer.cs;3311198918;1;1394430872;|1807|7626
MultipleEditGrid.ascx;3208428268;2;1394430872;|1812|15040
MultipleEditGrid.ascx.designer.cs;1719438865;1;1394430872;|1818|7629
Validation.xml;2170110286;2;1394430872;|1810|15045
List.ascx;991245782;2;1401244932;|1809|193462
List.ascx.cs;1874086002;8;1405911753;|1821|215501
Details.ascx;33801145;9;1407766916;|1816|224512
Details.ascx.designer.cs;1098340942;6;1407766916;|1822|224514
SearchFilter.ascx;1345444443;21;1407766916;|1811|224600
SearchFilter.ascx.cs;2104237113;29;1407766916;|1815|224601
Details.ascx.cs;113745742;13;1408591363;|1813|229511
MultipleEditGrid.ascx.cs;2555454309;12;1410146594;|1819|249974
SearchFilter.ascx.designer.cs;1146126325;12;1413170142;|1814|266365
Generic.ascx;364759643;12;1417403914;|1817|279857
Generic.ascx.cs;3125397376;22;1417403914;|1808|279858
Generic.ascx.designer.cs;934056055;8;1417403914;|1820|279859
