SCMBranch=USR-717
SCMRepository=User Interface/Task Time Tracker/Web/MS/EventNotification
SCMMainlineUUID={6a359bb0-6131-417f-b48a-3113b3a22182}
SCMBranchRepositoryID=30812
Listener.aspx;3978251438;1;1418613675;|33643|286221
Listener.aspx.cs;2850718287;1;1418613675;|33642|286220
Listener.aspx.designer.cs;766492655;1;1418613675;|33644|286222
Publisher.aspx;3316147057;1;1418613675;|33639|286217
Publisher.aspx.cs;1495559530;1;1418613675;|33641|286219
Publisher.aspx.designer.cs;3627364185;1;1418613675;|33640|286218
Module.cs;113061898;1;1418840500;|34093|4294967295
