SCMBranch=USR-717
SCMRepository=User Interface/Task Time Tracker/Web/Content/themes/base/minified/images
SCMMainlineUUID={6a359bb0-6131-417f-b48a-3113b3a22182}
SCMBranchRepositoryID=16161
animated-overlay.gif;2783905010;1;1394430786;|11463|143599
ui-bg_flat_0_aaaaaa_40x100.png;3452200092;1;1394430786;|11450|143586
ui-bg_flat_75_ffffff_40x100.png;1864341593;1;1394430786;|11451|143587
ui-bg_glass_55_fbf9ee_1x400.png;1547371506;1;1394430786;|11452|143588
ui-bg_glass_65_ffffff_1x400.png;3053628305;1;1394430786;|11453|143589
ui-bg_glass_75_dadada_1x400.png;2279278770;1;1394430786;|11454|143590
ui-bg_glass_75_e6e6e6_1x400.png;1848444072;1;1394430786;|11455|143591
ui-bg_glass_95_fef1ec_1x400.png;2750506398;1;1394430786;|11456|143592
ui-bg_highlight-soft_75_cccccc_1x100.png;55138348;1;1394430786;|11462|143598
ui-icons_222222_256x240.png;49182804;1;1394430786;|11457|143593
ui-icons_2e83ff_256x240.png;3146408188;1;1394430786;|11458|143594
ui-icons_454545_256x240.png;1854247390;1;1394430786;|11459|143595
ui-icons_888888_256x240.png;2565386753;1;1394430786;|11460|143596
ui-icons_cd0a0a_256x240.png;405696670;1;1394430786;|11461|143597
