SCMBranch=USR-717
SCMRepository=User Interface/Task Time Tracker/Web/Configuration/ApplicationMode
SCMMainlineUUID={6a359bb0-6131-417f-b48a-3113b3a22182}
SCMBranchRepositoryID=29099
Clone.aspx.cs;4188988555;1;1417403876;|27724|278308
Clone.aspx.designer.cs;1963198538;1;1417403876;|27717|278301
Delete.aspx.cs;345744002;1;1417403876;|27713|278297
Delete.aspx.designer.cs;836474574;1;1417403876;|27723|278307
Details.aspx.designer.cs;3355480673;1;1417403876;|27721|278305
Export.aspx;2156039664;1;1417403876;|27709|278293
Export.aspx.cs;3284465262;1;1417403876;|27720|278304
Export.aspx.designer.cs;1271762795;1;1417403876;|27705|278289
InlineUpdate.aspx;2057131006;1;1417403876;|27708|278292
InlineUpdate.aspx.designer.cs;1920552223;1;1417403876;|27703|278287
Insert.aspx.cs;1112523730;1;1417403876;|27702|278286
Insert.aspx.designer.cs;2539607884;1;1417403876;|27701|278285
Settings.aspx;958060744;1;1417403876;|27706|278290
Settings.aspx.cs;4079820598;1;1417403876;|27700|278284
Settings.aspx.designer.cs;1016182767;1;1417403876;|27699|278283
Clone.aspx;2454667017;2;1417540915;|27719|280220
Delete.aspx;228844808;2;1417540915;|27711|280222
Insert.aspx;3995719777;2;1417540915;|27707|280223
Update.aspx;2826554960;4;1428633515;|27697|299765
Update.aspx.designer.cs;2173206034;2;1428633515;|27696|299766
Details.aspx;4189124757;2;1440127881;|27710|327064
Details.aspx.cs;3630848871;3;1447042478;|27722|335253
Update.aspx.cs;2169517500;2;1447042478;|27698|335254
CommonUpdate.aspx;1287085589;2;1462161176;|27718|346232
CommonUpdate.aspx.cs;1824101027;2;1462161176;|27715|346233
CommonUpdate.aspx.designer.cs;3571221316;2;1462161176;|27714|346234
Default.aspx;4210845967;3;1462161176;|27712|346235
Default.aspx.cs;2749148418;2;1462161176;|27716|346236
Default.aspx.designer.cs;171565104;2;1462161176;|27695|346237
UI_Pages.cs;1309701801;1;1462161176;|41533|346143
UI_Pages.tt;4268706237;1;1462161176;|41532|346142
InlineUpdate.aspx.cs;1398174078;2;1464838855;|27704|349167
