SCMBranch=USR-717
SCMRepository=User Interface/Task Time Tracker/Web/app/BM/CapitalMarkets/views/Gen/Detail
SCMMainlineUUID={6a359bb0-6131-417f-b48a-3113b3a22182}
SCMBranchRepositoryID=35049
Calculater.cs;546881451;1;1433220977;|38252|306970
Calculater.tt;3668096724;1;1433220977;|38236|306954
CreditInstrument.cs;1034698998;1;1433220977;|38256|306974
CreditInstrument.tt;3681410296;1;1433220977;|38235|306953
FundStructure.cs;546881451;1;1433220977;|38265|306983
FundStructure.tt;2758821336;1;1433220977;|38234|306952
Investment.cs;1034698998;1;1433220977;|38275|306993
SwapInstrument.cs;1034698998;1;1433220977;|38207|306925
SwapInstrument.tt;1515815060;1;1433220977;|38227|306945
TWRPerformance.cs;42954251;1;1433220977;|38304|307022
TWRPerformance.tt;1843647806;1;1433220978;|38226|306944
Menu.tt;233402232;3;1435570830;|38231|312215
Menu.cs;546881451;1;1435570830;|38292|307010
Investment.tt;3359510145;2;1436152214;|38233|312667
Parties.cs;42954251;2;1436847540;|38221|314229
Accounting.cs;42954251;3;1437366649;|38238|315696
Calendar.cs;42954251;1;1437366649;|39150|315085
Classification.cs;42954251;1;1437366649;|39151|315086
detailRatingService.html;0;1;1437366650;|39138|315073
Holdings.cs;42954251;1;1437366650;|39132|315067
Instruments.cs;42954251;1;1437366650;|39131|315066
ManagementEntities.cs;42954251;1;1437366650;|39135|315070
Performance.cs;42954251;1;1437366650;|39136|315071
Prices.cs;42954251;2;1437366650;|38212|315775
Rating.cs;42954251;1;1437366650;|39139|315074
detailAccountingCalender.html;3178682429;3;1437454838;|38253|318398
detailAnnotations.html;2707096730;3;1437454838;|38220|318402
detailBusinessCalender.html;1379352940;3;1437454838;|38254|318407
detailFiscalCalender.html;4127565610;3;1437454839;|38255|318422
detailFundPrices.html;3880012522;3;1437454839;|38219|318426
detailInvestmentPrices.html;2610025997;3;1437454839;|38202|318430
detailPerformanceKey.html;1251119480;3;1437454839;|38206|318438
detailPerformanceParameters.html;3524172174;3;1437454839;|38205|318439
detailPriceList.html;1978857511;3;1437454839;|38218|318443
detailPriceMarket.html;1292785037;3;1437454839;|38217|318444
detailPriceProvider.html;3829883434;3;1437454839;|38216|318445
detailPriceSchedule.html;1359470671;3;1437454839;|38215|318446
detailPriceSource.html;3768859911;3;1437454839;|38214|318447
detailPriceType.html;897236797;3;1437454839;|38213|318448
detailTWRBatchProcessing.html;4030524123;3;1437454839;|38204|318462
detailTWRSet.html;2566983756;3;1437454839;|38203|318463
OptionInstruments.cs;42954251;3;1437462414;|38295|319237
Performance.tt;2164392876;2;1437968808;|39141|320356
Rating.tt;3858772947;4;1437968808;|39140|320358
detailRight.html;445273546;3;1437973306;|38294|319238
OptionInstruments.tt;4167281714;3;1437973306;|38230|320354
detailOption.html;2026993632;3;1437973306;|38293|319236
Core.tt;1513237871;1;1438581001;|40006|322272
detailTransactionType.html;3847128203;1;1438581001;|40008|322274
Core.cs;42954251;1;1438581001;|40007|322273
Special.cs;42954251;1;1439350564;|40041|323002
Special.tt;3463106652;1;1439350564;|40042|323003
Calendar.tt;2055094861;3;1439523302;|39146|324583
detailBusinessUnit.html;833994729;2;1439523302;|39268|324003
detailCompanyDealType.html;509658096;6;1439523302;|38916|325522
detailCustodianAccount.html;1258265410;5;1439523302;|38300|325523
detailFinancialAccountType.html;0;4;1439523302;|38968|321876
detailIndustry.html;2616255809;3;1439523302;|39245|322178
detailInvestmentTheme.html;0;3;1439523302;|39244|322211
detailLegalEntity.html;497528805;5;1439523302;|38288|325525
detailManagementFirm.html;1910467743;4;1439523302;|38289|325526
detailPortfolio.html;2803012477;5;1439523302;|38290|325527
detailPortfolioGroupRules.html;1438767352;6;1439523302;|38224|325528
detailPortfolioType.html;220686040;5;1439523302;|38904|325529
detailPosition.html;0;3;1439523303;|39133|321877
detailRating.html;0;3;1439523303;|39137|322212
detailStrategy.html;2133209375;5;1439523303;|38291|325531
detailStrategyGroup.html;2867845354;4;1439523303;|39134|325532
detailSubBusinessUnit.html;2084895021;2;1439523303;|39269|324011
detailSubIndustry.html;2350300281;3;1439523303;|39243|322180
detailTrader.html;4216334633;6;1439523303;|38222|325534
Holdings.tt;4123407090;3;1439523303;|39144|321878
ManagementEntities.tt;3979128125;4;1439523303;|39142|324385
Parties.tt;1769251334;8;1439523303;|38229|323282
Prices.tt;1917611607;5;1439523303;|38228|324014
Accounting.tt;1961861035;8;1439960212;|38237|326592
detailAccountingParameters.html;1907535810;5;1439960212;|38239|326593
detailAccountingView.html;3513828741;5;1439960212;|38240|326594
detailAccountSpecificType.html;3914723076;5;1439960212;|38241|326595
detailAccountSubType.html;3259255752;5;1439960212;|38242|326596
detailAdjustmentCategory.html;428912368;1;1439960212;|40525|326536
detailAmortization.html;94905731;5;1439960212;|38243|326597
detailAssetBacked.html;3361170530;4;1439960212;|38266|326598
detailAutomatedFreezepoint.html;3206773536;5;1439960212;|38244|326599
detailBond.html;1042639972;4;1439960212;|38267|326600
detailCash.html;2155644535;4;1439960212;|38268|326601
detailChartOfAccounts.html;653799317;5;1439960212;|38245|326602
detailCreditContract.html;2777154430;4;1439960212;|38257|326603
detailCreditDeal.html;3924318240;4;1439960212;|38258|326604
detailCreditDefaultSwap.html;3577585093;4;1439960212;|38211|326605
detailCreditDefaultSwapIndex.html;1764250150;4;1439960239;|38210|326606
detailCreditFacility.html;17585088;4;1439960239;|38259|326607
detailEquity.html;531930884;4;1439960239;|38269|326608
detailFinancialAccountClass.html;2855856097;4;1439960239;|39017|326609
detailFinancing.html;2436415703;4;1439960239;|38209|326610
detailForwardCash.html;4153424721;4;1439960239;|38270|326611
detailForwardFXContract.html;3225414500;4;1439960239;|38271|326612
detailFreezePoints.html;3345709321;5;1439960239;|38246|326613
detailFund.html;1159242841;4;1439960239;|38286|326614
detailFuture.html;1201837020;4;1439960239;|38272|326615
detailInventoryState.html;2947933614;5;1439960239;|38247|326616
detailLockdownPools.html;1458026079;5;1439960239;|38248|326617
detailSTIF.html;144806056;4;1439960239;|38274|326619
detailSwapInvestment.html;2428639247;4;1439960239;|38208|326620
detailTaxAccountType.html;520994951;5;1439960239;|38249|326621
detailTaxStatus.html;3329728790;5;1439960239;|38250|326622
detailWithholdingTaxType.html;1422296242;5;1439960239;|38251|326623
detailAllocationGroup.html;3272526305;5;1440127867;|38260|326897
detailClass.html;2739214212;5;1440127867;|38261|326898
detailInvestingFeeder.html;2586784212;5;1440127867;|38262|326899
detailSeries.html;1313381118;5;1440127867;|38263|326900
detailSubClass.html;696081988;5;1440127867;|38264|326901
detailAccountAdministrator.html;1981278870;7;1440558992;|38296|327503
detailAccountExcecutive.html;956527871;7;1440558992;|38297|327504
detailAgentBank.html;3209632798;7;1440558992;|38298|327505
detailAnalyst.html;2438265350;7;1440558992;|38299|327506
detailBroker.html;623138679;7;1440558992;|38284|327507
detailBrokerGroup.html;288601603;3;1440558992;|40026|327508
detailBrokerType.html;573732281;3;1440558992;|40025|327509
detailCustodian.html;3925355932;7;1440558992;|38285|327510
detailDeliveryAgent.html;3521868443;7;1440558992;|38301|327511
detailExchange.html;479918199;7;1440558992;|38302|327512
detailIssuer.html;1410852849;7;1440558992;|38303|327513
detailManager.html;282831060;7;1440558992;|38225|327514
detailRatingServices.html;4164029083;7;1440558992;|38223|327515
detailMediumOfExchange.html;517745177;5;1441772933;|38273|329343
detailSecurityXExternalMarketDataIdentifier.html;1033938374;2;1441976635;|40643|330123
detailSecurityXOther.html;2991528771;2;1441976635;|40627|330124
detailSecurityXIdentifier.html;211323948;1;1442202184;|40680|330173
detailSecurityXParty.html;3361117163;2;1442202184;|40652|330421
detailSecurityXSettlementDay.html;2372886635;2;1442202184;|40635|330422
detailMarketCapitalizationCategory.html;612461515;1;1442377208;|40717|330530
detailOrderAction.html;935330605;1;1442550706;|40736|331320
detailSecurityXInvestmentIdentifier.html;2540059071;1;1442550709;|40762|331560
detailOrderStatusGroup.html;3555773005;1;1442810714;|40770|331606
Instruments.tt;54693915;7;1443171345;|39143|331967
detailOrderStatus.html;1266869910;2;1443582764;|40792|332064
Commission.cs;42954251;1;1444040231;|40821|332200
detailCommissionCode.html;36334763;1;1444040231;|40820|332199
detailCommissionRate.html;1985840020;1;1444104394;|40835|332240
detailCommissionType.html;3488880201;1;1444104394;|40844|332265
Commission.tt;966270267;3;1444196494;|40819|332362
detailCommissionSplit.html;2326788895;1;1444196494;|40853|332316
MSPA.cs;42954251;1;1444395338;|40890|332487
detailOrderRequest.html;4020649206;2;1446003173;|40743|333134
detailOrderType.html;2266278759;2;1446003173;|40753|333135
detailMSPAFile.html;394714416;2;1447042463;|40891|335555
TradeOrder.cs;42954251;1;1446809606;|40716|330529
detailMSPAFileEvent.html;3213352843;2;1447819264;|40904|336115
detailTradingEventType.html;1764734503;1;1447819264;|40968|336018
detailMSPAFileEventType.html;1763119898;1;1447904935;|40978|336142
MSPA.tt;4022588623;3;1447904935;|40889|336203
detailOrderStatusType.html;3374853940;2;1448251997;|40779|336330
detailTxTradeInfo.html;2799612727;3;1448286781;|40561|330029
detailTransactionEvent.html;2105585823;4;1448286781;|39149|337164
detailTxInvestment.html;80605154;3;1448286781;|40556|330025
detailTxOther.html;3118644363;3;1448286781;|40557|330026
detailTxSettlementInfo.html;2880056011;3;1448286781;|40558|330027
detailTxTradeFigures.html;3208783834;4;1448286781;|40560|330028
ActivityAndOrders.cs;42954251;1;1448374031;|39148|315083
Classification.tt;1604964478;6;1449804325;|39145|338526
detailAssetType.html;2490674024;5;1449804325;|38283|338527
detailInvestmentType.html;2712579607;5;1449804325;|38287|338528
detailRecordType.html;704432367;2;1449804325;|40587|338529
detailSector.html;3254145038;6;1449804325;|38944|338530
detailSecurity.html;1886088355;3;1449804325;|40063|338531
detailSecurityClass.html;376633631;5;1449804325;|38924|338633
detailSecurityType.html;1003715120;3;1449804325;|40062|338533
detailSecurityTypeGroup.html;1488128413;3;1449804325;|40064|338534
TradeOrder.tt;2421923836;11;1451273572;|40718|339497
detailOrderItem.html;3917072493;5;1452055162;|40801|340373
detailTransactionEventBuy.html;1698896600;1;1491536851;|41785|357247
detailTransactionEventSell.html;3905903629;1;1491536851;|41792|357283
detailTxTradeAndSettleDates.html;3608458028;7;1491536851;|40559|357328
ActivityAndOrders.tt;1612160438;7;1491882994;|39147|357487
detailTransactionEventCoverShort.html;1366393424;1;1491882994;|41811|357380
detailTransactionEventSellShort.html;2451441561;1;1491882994;|41803|357361
