SCMBranch=USR-717
SCMRepository=User Interface/Task Time Tracker/Web/MA/ApplicationDevelopment/FunctionalityOwner/Controls
SCMMainlineUUID={6a359bb0-6131-417f-b48a-3113b3a22182}
SCMBranchRepositoryID=30766
Details.ascx;1936357201;1;1418613668;|32822|285400
Details.ascx.cs;1702736452;1;1418613668;|32825|285403
Details.ascx.designer.cs;1809823816;1;1418613668;|32824|285402
Generic.ascx;1076478654;1;1418613668;|32821|285399
Generic.ascx.designer.cs;3905853042;1;1418613668;|32815|285393
List.ascx;140196058;1;1418613668;|32820|285398
List.ascx.cs;3232235565;1;1418613668;|32816|285394
List.ascx.designer.cs;1607513419;1;1418613668;|32817|285395
SearchFilter.ascx;3208465175;1;1418613668;|32819|285397
SearchFilter.ascx.cs;899225680;1;1418613668;|32813|285391
SearchFilter.ascx.designer.cs;3145399571;1;1418613668;|32823|285401
Validation.xml;1739484463;1;1418613668;|32818|285396
Generic.ascx.cs;554390687;4;1469426635;|32814|352103
