SCMBranch=USR-717
SCMRepository=User Interface/Task Time Tracker/Web/Shared/Configuration/ThemeDetail
SCMMainlineUUID={6a359bb0-6131-417f-b48a-3113b3a22182}
SCMBranchRepositoryID=28309
Clone.aspx;3936987963;1;1415655841;|26180|275224
Clone.aspx.cs;3848212459;1;1415655841;|26181|275225
Clone.aspx.designer.cs;2935883370;1;1415655841;|26182|275226
CommonUpdate.aspx;451673399;1;1415655841;|26179|275223
CommonUpdate.aspx.cs;411341756;1;1415655841;|26183|275227
CommonUpdate.aspx.designer.cs;2749793532;1;1415655841;|26184|275228
Default.aspx;930168153;1;1415655842;|26171|275215
Default.aspx.cs;3096968792;1;1415655842;|26193|275237
Default.aspx.designer.cs;2247317627;1;1415655842;|26194|275238
Delete.aspx;1331130601;1;1415655842;|26172|275216
Delete.aspx.cs;2045324470;1;1415655842;|26195|275239
Delete.aspx.designer.cs;1900399732;1;1415655842;|26196|275240
Details.aspx;1054211156;1;1415655842;|26173|275217
Details.aspx.cs;789218574;1;1415655842;|26197|275241
Details.aspx.designer.cs;116913027;1;1415655842;|26192|275236
Export.aspx;3313437282;1;1415655842;|26174|275218
Export.aspx.cs;543506026;1;1415655842;|26191|275235
Export.aspx.designer.cs;2414886602;1;1415655842;|26190|275234
InlineUpdate.aspx;2355730332;1;1415655842;|26175|275219
InlineUpdate.aspx.cs;3427627798;1;1415655842;|26189|275275
InlineUpdate.aspx.designer.cs;3430220872;1;1415655842;|26187|275231
Insert.aspx;3984279743;1;1415655842;|26176|275220
Insert.aspx.cs;384813279;1;1415655842;|26186|275230
Insert.aspx.designer.cs;1550713266;1;1415655842;|26185|275229
Search.aspx;3904904471;1;1415655842;|26177|275221
Search.aspx.cs;3154669606;1;1415655842;|26170|275214
Search.aspx.designer.cs;4174673455;1;1415655842;|26169|275213
Update.aspx;2438279585;1;1415655842;|26178|275222
Update.aspx.cs;4002425389;1;1415655842;|26168|275212
Update.aspx.designer.cs;2139547000;1;1415655842;|26188|275232
