SCMBranch=USR-717
SCMRepository=User Interface/Task Time Tracker/Web/Shared/Configuration/MenuCategory
SCMMainlineUUID={6a359bb0-6131-417f-b48a-3113b3a22182}
SCMBranchRepositoryID=12568
Clone.aspx.cs;1934287424;7;1394430880;|7876|107908
Export.aspx;2400150222;2;1394430881;|7842|118907
Export.aspx.designer.cs;4091027273;2;1394430881;|7846|154971
Insert.aspx.cs;1985415045;8;1394430881;|7845|107909
Settings.aspx.designer.cs;2368040345;2;1394430881;|7923|156266
Settings.aspx;4054398125;4;1401678843;|7925|199315
CommonUpdate.aspx.cs;2425926065;16;1408591365;|7920|227831
Default.aspx.cs;2377718975;23;1408591365;|7854|229683
InlineUpdate.aspx.cs;3214549454;9;1408591365;|8039|227835
Default.aspx;2994571866;13;1408639052;|7840|233850
Clone.aspx;3784697641;5;1410146598;|7875|243161
Clone.aspx.designer.cs;206968971;3;1410146598;|7874|243162
CommonUpdate.aspx;1772855140;6;1410146598;|7922|243163
CommonUpdate.aspx.designer.cs;1603890311;3;1410146598;|7921|243164
Default.aspx.designer.cs;1512521175;9;1410146598;|7852|250806
Delete.aspx.designer.cs;955659248;2;1410146599;|9402|243166
Details.aspx;4260598102;7;1410146599;|7841|243167
Details.aspx.cs;1730671871;11;1410146599;|7851|248805
Details.aspx.designer.cs;414730283;4;1410146599;|7849|243168
Export.aspx.cs;3411722656;10;1410146599;|7848|245861
InlineUpdate.aspx;732027255;5;1410146599;|8041|243169
InlineUpdate.aspx.designer.cs;1695650477;3;1410146599;|8040|243170
Insert.aspx;1036140873;5;1410146599;|7843|243171
Insert.aspx.designer.cs;1876395544;3;1410146599;|7853|243172
Settings.aspx.cs;321959189;2;1410146599;|7924|248806
Update.aspx;2293191482;5;1410146599;|7844|243173
Update.aspx.cs;566252194;12;1410146599;|7850|238436
Update.aspx.designer.cs;4137198603;3;1410146599;|7847|243174
Delete.aspx;3968262066;6;1412882825;|9401|256560
Delete.aspx.cs;3732994347;15;1414437912;|9403|273843
