SCMBranch=USR-717
SCMRepository=User Interface/Task Time Tracker/Web/MasterPages
SCMMainlineUUID={6a359bb0-6131-417f-b48a-3113b3a22182}
SCMBranchRepositoryID=5460
Export.Master;1287786065;3;1413169732;|564|262030
Export.Master.cs;3135191050;4;1413169732;|562|262031
Export.Master.designer.cs;549904258;2;1413169732;|563|262032
ModuleSetup.cs;822882084;2;1413169732;|20880|262033
CommonRender.ascx.cs;60212458;1;1425060646;|35462|297082
CommonRender.ascx.designer.cs;596485485;1;1425060646;|35463|297083
CommonRender.ascx;1834694150;3;1425921075;|35461|297624
BootStrapDefault.Master.cs;271112703;8;1435115689;|17592|311075
TestBootStrap.Master.cs;3314295396;7;1435115689;|17599|311078
Default.Master.cs;73192179;15;1437450025;|17593|317662
Site.Master.cs;2099761616;16;1437450025;|17595|317664
BootStrapDefault.Master;2344452323;13;1437968840;|17597|320556
BootStrapDefault.Master.designer.cs;4203312272;4;1437968840;|17590|320557
Default.Master;353229629;47;1437968840;|17591|321230
Default.Master.designer.cs;3358407805;11;1437968840;|17594|320559
Site.Master;4042447061;40;1437968840;|17601|321241
Site.Master.designer.cs;3667019252;13;1437968840;|17600|320561
TestBootStrap.Master;209976077;9;1437968840;|17596|320562
TestBootStrap.Master.designer.cs;1873689065;4;1437968840;|17598|320563
