SCMBranch=USR-717
SCMRepository=User Interface/Task Time Tracker/Web/MS/EventMonitoring/ApplicationMonitoredEventEmail/Controls
SCMMainlineUUID={6a359bb0-6131-417f-b48a-3113b3a22182}
SCMBranchRepositoryID=30807
Details.ascx;195171513;1;1418613674;|33551|286129
Details.ascx.cs;2522055889;1;1418613674;|33552|286130
Details.ascx.designer.cs;3300012545;1;1418613674;|33546|286124
Generic.ascx;2793007337;1;1418613674;|33550|286128
Generic.ascx.designer.cs;74558815;1;1418613674;|33541|286119
List.ascx;3455793545;1;1418613674;|33549|286127
List.ascx.cs;3487219500;1;1418613674;|33542|286120
List.ascx.designer.cs;3886166057;1;1418613674;|33543|286121
SearchFilter.ascx.cs;2467193540;1;1418613674;|33544|286122
SearchFilter.ascx.designer.cs;4118150037;1;1418613674;|33545|286123
Validation.xml;779830525;1;1418613674;|33547|286125
SearchFilter.ascx;2957782314;2;1422882971;|33548|295756
Generic.ascx.cs;300818591;2;1469426650;|33540|352127
