SCMBranch=USR-717
SCMRepository=User Interface/Task Time Tracker/Web/Shared/QualityAssurance/FunctionalityImageInstance/Controls
SCMMainlineUUID={6a359bb0-6131-417f-b48a-3113b3a22182}
SCMBranchRepositoryID=20993
Details.ascx.designer.cs;1584090696;1;1397684276;|17889|187364
Generic.ascx.designer.cs;290957928;1;1397684276;|17896|187371
List.ascx.cs;708150905;1;1397684276;|17887|187362
List.ascx.designer.cs;3681440878;1;1397684276;|17886|187361
Validation.xml;3687457457;1;1397684276;|17895|187370
Generic.ascx;448490122;2;1401244948;|17892|193938
Generic.ascx.cs;2760506666;2;1401244948;|17888|190078
List.ascx;174835323;2;1401244948;|17893|193939
Details.ascx;3281826807;3;1401678846;|17891|200408
Details.ascx.cs;1538830854;2;1401678846;|17890|200409
SearchFilter.ascx;2281402765;3;1405544894;|17894|213221
SearchFilter.ascx.cs;1479307456;3;1405544894;|17884|213222
SearchFilter.ascx.designer.cs;4105588172;3;1405544894;|17885|213223
