SCMBranch=USR-717
SCMRepository=User Interface/Task Time Tracker/Web/Shared/Configuration/ThemeDetails/Controls
SCMMainlineUUID={6a359bb0-6131-417f-b48a-3113b3a22182}
SCMBranchRepositoryID=14798
Details.ascx.designer.cs;999391424;3;1394430884;|10564|154987
List.ascx.designer.cs;1796908239;2;1394430884;|10556|135384
List.ascx;1090157685;3;1401244936;|10559|193869
Details.ascx;2621707024;6;1401678844;|10561|200379
List.ascx.cs;649216484;7;1408591366;|10557|228515
Details.ascx.cs;2111470998;9;1410146600;|10566|247860
Generic.ascx.cs;2020150080;9;1415331270;|10563|275116
SearchFilter.ascx;3018137779;10;1415331270;|10558|275117
SearchFilter.ascx.cs;2876650615;10;1415331270;|10565|275118
SearchFilter.ascx.designer.cs;1192503536;4;1415331270;|10555|275119
Generic.ascx;3297720632;6;1415655846;|10560|275172
Generic.ascx.designer.cs;3630170208;3;1415655846;|10562|275173
