SCMBranch=USR-717
SCMRepository=User Interface/Task Time Tracker/Web/MA/ApplicationDevelopment/FunctionalityEntityStatus
SCMMainlineUUID={6a359bb0-6131-417f-b48a-3113b3a22182}
SCMBranchRepositoryID=30753
AllTabSettings.aspx;1168448893;1;1418613667;|32593|285171
AllTabSettings.aspx.designer.cs;2026714249;1;1418613667;|32589|285167
Clone.aspx.cs;2503886314;1;1418613667;|32590|285168
Clone.aspx.designer.cs;4016563988;1;1418613667;|32591|285169
CommonUpdate.aspx.designer.cs;1877207351;1;1418613667;|32606|285184
Default.aspx.designer.cs;1016626548;1;1418613667;|32598|285176
Delete.aspx.cs;2293622437;1;1418613667;|32599|285177
Delete.aspx.designer.cs;561386766;1;1418613667;|32600|285178
Details.aspx.cs;3927727934;1;1418613667;|32601|285179
Details.aspx.designer.cs;4106898589;1;1418613667;|32602|285180
EntityReport.aspx;3608363430;1;1418613667;|32620|285198
EntityReport.aspx.designer.cs;3849036409;1;1418613667;|32604|285182
Export.aspx;3333317807;1;1418613667;|32619|285197
Export.aspx.cs;682331363;1;1418613667;|32605|285183
Export.aspx.designer.cs;1113087221;1;1418613667;|32613|285191
InlineUpdate.aspx;1202669822;1;1418613667;|32618|285196
InlineUpdate.aspx.designer.cs;1998857468;1;1418613667;|32608|285186
Insert.aspx.cs;2822949093;1;1418613667;|32609|285187
Insert.aspx.designer.cs;2536819306;1;1418613667;|32610|285188
Settings.aspx;1566020324;1;1418613667;|32616|285194
Settings.aspx.cs;2139572438;1;1418613667;|32611|285189
Settings.aspx.designer.cs;2138717387;1;1418613667;|32612|285190
Update.aspx.designer.cs;1574043164;1;1418613667;|32614|285192
Clone.aspx;3795431716;3;1418752887;|32594|288977
Default.aspx;2023469818;3;1418752887;|32596|288978
Delete.aspx;2569068931;3;1418752887;|32622|288979
Insert.aspx;2277671256;3;1418752887;|32617|288980
Details.aspx;3608464986;2;1419542781;|32621|290781
Update.aspx;2372235211;5;1423151400;|32615|296077
CommonUpdate.aspx;42035079;2;1424142851;|32595|296436
UI_Pages.cs;1309701801;1;1462161185;|41514|346001
UI_Pages.tt;508543028;1;1462161185;|41515|346002
AllTabSettings.aspx.cs;2391327008;2;1469426631;|32588|352095
Default.aspx.cs;3888923304;2;1469426635;|32597|352096
Update.aspx.cs;2591168894;4;1469426635;|32587|353051
CommonUpdate.aspx.cs;2457050315;3;1493092262;|32592|357818
EntityReport.aspx.cs;1816984182;5;1493092262;|32603|357819
InlineUpdate.aspx.cs;115506085;4;1493092262;|32607|357820
