SCMBranch=USR-717
SCMRepository=User Interface/Task Time Tracker/Web/Content/glyphicons_free/glyphicons/png
SCMMainlineUUID={6a359bb0-6131-417f-b48a-3113b3a22182}
SCMBranchRepositoryID=22131
glyphicons_000_glass.png;2513035669;1;1401482543;|18248|195962
glyphicons_001_leaf.png;3052781072;1;1401482543;|18249|195963
glyphicons_002_dog.png;774799791;1;1401482543;|18250|195964
glyphicons_003_user.png;3333130126;1;1401482543;|18251|195965
glyphicons_004_girl.png;4014799023;1;1401482543;|18252|195966
glyphicons_005_car.png;1152569822;1;1401482543;|18253|195967
glyphicons_006_user_add.png;900688781;1;1401482543;|18254|195968
glyphicons_007_user_remove.png;2840478515;1;1401482543;|18255|195969
glyphicons_008_film.png;3468705531;1;1401482543;|18256|195970
glyphicons_009_magic.png;3655062000;1;1401482543;|18257|195971
glyphicons_010_envelope.png;820317729;1;1401482543;|18258|195972
glyphicons_011_camera.png;47460332;1;1401482543;|18259|195973
glyphicons_012_heart.png;1187877952;1;1401482543;|18260|195974
glyphicons_013_beach_umbrella.png;3034255803;1;1401482543;|18261|195975
glyphicons_014_train.png;3446539950;1;1401482543;|18262|195976
glyphicons_015_print.png;958109539;1;1401482543;|18263|195977
glyphicons_016_bin.png;1924681948;1;1401482543;|18264|195978
glyphicons_017_music.png;572815038;1;1401482543;|18265|195979
glyphicons_018_note.png;4272493250;1;1401482543;|18266|195980
glyphicons_019_heart_empty.png;3942009752;1;1401482543;|18267|195981
glyphicons_020_home.png;655629089;1;1401482543;|18268|195982
glyphicons_021_snowflake.png;95311128;1;1401482543;|18269|195983
glyphicons_022_fire.png;3335793732;1;1401482543;|18270|195984
glyphicons_023_magnet.png;829587502;1;1401482543;|18271|195985
glyphicons_024_parents.png;3670941017;1;1401482543;|18272|195986
glyphicons_025_binoculars.png;1713995911;1;1401482543;|18273|195987
glyphicons_026_road.png;3204301863;1;1401482543;|18274|195988
glyphicons_027_search.png;2354046463;1;1401482543;|18275|195989
glyphicons_028_cars.png;962593484;1;1401482543;|18276|195990
glyphicons_029_notes_2.png;999963364;1;1401482543;|18277|195991
glyphicons_030_pencil.png;365399642;1;1401482543;|18278|195992
glyphicons_031_bus.png;382654849;1;1401482543;|18279|195993
glyphicons_032_wifi_alt.png;2980547461;1;1401482543;|18280|195994
glyphicons_033_luggage.png;2253568667;1;1401482543;|18281|195995
glyphicons_034_old_man.png;3761038263;1;1401482543;|18282|195996
glyphicons_035_woman.png;3096438620;1;1401482543;|18283|195997
glyphicons_036_file.png;4067080470;1;1401482543;|18284|195998
glyphicons_037_coins.png;988259581;1;1401482543;|18285|195999
glyphicons_038_airplane.png;3227928398;1;1401482543;|18286|196000
glyphicons_039_notes.png;3287733901;1;1401482543;|18287|196001
glyphicons_040_stats.png;2477599100;1;1401482543;|18288|196002
glyphicons_041_charts.png;3735247886;1;1401482543;|18289|196003
glyphicons_042_pie_chart.png;4200159993;1;1401482543;|18290|196004
glyphicons_043_group.png;2582073829;1;1401482543;|18291|196005
glyphicons_044_keys.png;52334448;1;1401482543;|18292|196006
glyphicons_045_calendar.png;253853921;1;1401482543;|18293|196007
glyphicons_046_router.png;1215828636;1;1401482543;|18294|196008
glyphicons_047_camera_small.png;1170938814;1;1401482543;|18295|196009
glyphicons_048_dislikes.png;591998803;1;1401482543;|18296|196010
glyphicons_049_star.png;3485303905;1;1401482543;|18297|196011
glyphicons_050_link.png;1188520446;1;1401482543;|18298|196012
glyphicons_051_eye_open.png;2025115546;1;1401482543;|18299|196013
glyphicons_052_eye_close.png;3312910618;1;1401482543;|18300|196014
glyphicons_053_alarm.png;1363158422;1;1401482543;|18301|196015
glyphicons_054_clock.png;3547135597;1;1401482544;|18302|196016
glyphicons_055_stopwatch.png;651969346;1;1401482544;|18303|196017
glyphicons_056_projector.png;2445767540;1;1401482544;|18304|196018
glyphicons_057_history.png;2963603709;1;1401482544;|18305|196019
glyphicons_058_truck.png;1311420694;1;1401482544;|18306|196020
glyphicons_059_cargo.png;269673275;1;1401482544;|18307|196021
glyphicons_060_compass.png;856854831;1;1401482544;|18308|196022
glyphicons_061_keynote.png;1400386231;1;1401482544;|18309|196023
glyphicons_062_paperclip.png;2563365354;1;1401482544;|18310|196024
glyphicons_063_power.png;1987419756;1;1401482544;|18311|196025
glyphicons_064_lightbulb.png;3360003289;1;1401482544;|18312|196026
glyphicons_065_tag.png;535652479;1;1401482544;|18313|196027
glyphicons_066_tags.png;159790168;1;1401482544;|18314|196028
glyphicons_067_cleaning.png;4017332147;1;1401482544;|18315|196029
glyphicons_068_ruller.png;1109092017;1;1401482544;|18316|196030
glyphicons_069_gift.png;1046995531;1;1401482544;|18317|196031
glyphicons_070_umbrella.png;3381161618;1;1401482544;|18318|196032
glyphicons_071_book.png;3099101970;1;1401482544;|18319|196033
glyphicons_072_bookmark.png;4207073637;1;1401482544;|18320|196034
glyphicons_073_wifi.png;3925671744;1;1401482544;|18321|196035
glyphicons_074_cup.png;4034763102;1;1401482544;|18322|196036
glyphicons_075_stroller.png;2811697001;1;1401482544;|18323|196037
glyphicons_076_headphones.png;1287283012;1;1401482544;|18324|196038
glyphicons_077_headset.png;3054980586;1;1401482544;|18325|196039
glyphicons_078_warning_sign.png;2681734045;1;1401482544;|18326|196040
glyphicons_079_signal.png;3846969115;1;1401482544;|18327|196041
glyphicons_080_retweet.png;3263551456;1;1401482544;|18328|196042
glyphicons_081_refresh.png;3612878136;1;1401482544;|18329|196043
glyphicons_082_roundabout.png;3577745537;1;1401482544;|18330|196044
glyphicons_083_random.png;2743313256;1;1401482544;|18331|196045
glyphicons_084_heat.png;2434180528;1;1401482544;|18332|196046
glyphicons_085_repeat.png;1685753447;1;1401482544;|18333|196047
glyphicons_086_display.png;2691891773;1;1401482544;|18334|196048
glyphicons_087_log_book.png;1872367700;1;1401482544;|18335|196049
glyphicons_088_address_book.png;1554171651;1;1401482544;|18336|196050
glyphicons_089_building.png;3221245782;1;1401482544;|18337|196051
glyphicons_090_eyedropper.png;2294111447;1;1401482544;|18338|196052
glyphicons_091_adjust.png;396768758;1;1401482544;|18339|196053
glyphicons_092_tint.png;2708603098;1;1401482544;|18340|196054
glyphicons_093_crop.png;606050310;1;1401482544;|18341|196055
glyphicons_094_vector_path_square.png;3608987745;1;1401482544;|18342|196056
glyphicons_095_vector_path_circle.png;2372156533;1;1401482544;|18343|196057
glyphicons_096_vector_path_polygon.png;3659663064;1;1401482544;|18344|196058
glyphicons_097_vector_path_line.png;129789745;1;1401482544;|18345|196059
glyphicons_098_vector_path_curve.png;66027176;1;1401482544;|18346|196060
glyphicons_099_vector_path_all.png;4089127210;1;1401482544;|18347|196061
glyphicons_100_font.png;2464714872;1;1401482544;|18348|196062
glyphicons_101_italic.png;1487215665;1;1401482544;|18349|196063
glyphicons_102_bold.png;3700217261;1;1401482544;|18350|196064
glyphicons_103_text_underline.png;2714682286;1;1401482544;|18351|196065
glyphicons_104_text_strike.png;2453132068;1;1401482544;|18352|196066
glyphicons_105_text_height.png;233064448;1;1401482544;|18353|196067
glyphicons_106_text_width.png;1005051905;1;1401482544;|18354|196068
glyphicons_107_text_resize.png;522848590;1;1401482544;|18355|196069
glyphicons_108_left_indent.png;2234152990;1;1401482544;|18356|196070
glyphicons_109_right_indent.png;1793446913;1;1401482544;|18357|196071
glyphicons_110_align_left.png;2028143036;1;1401482544;|18358|196072
glyphicons_111_align_center.png;2808328830;1;1401482544;|18359|196073
glyphicons_112_align_right.png;1138750641;1;1401482544;|18360|196074
glyphicons_113_justify.png;3234169238;1;1401482544;|18361|196075
glyphicons_114_list.png;4181724172;1;1401482544;|18362|196076
glyphicons_115_text_smaller.png;571545117;1;1401482544;|18363|196077
glyphicons_116_text_bigger.png;754253727;1;1401482544;|18364|196078
glyphicons_117_embed.png;548825156;1;1401482544;|18365|196079
glyphicons_118_embed_close.png;1455225182;1;1401482544;|18366|196080
glyphicons_119_table.png;2542423430;1;1401482544;|18367|196081
glyphicons_120_message_full.png;1520960902;1;1401482544;|18368|196082
glyphicons_121_message_empty.png;1891016345;1;1401482544;|18369|196083
glyphicons_122_message_in.png;452734896;1;1401482544;|18370|196084
glyphicons_123_message_out.png;2072488041;1;1401482544;|18371|196085
glyphicons_124_message_plus.png;2437022922;1;1401482544;|18372|196086
glyphicons_125_message_minus.png;1204241982;1;1401482544;|18373|196087
glyphicons_126_message_ban.png;2839713880;1;1401482544;|18374|196088
glyphicons_127_message_flag.png;1101741255;1;1401482544;|18375|196089
glyphicons_128_message_lock.png;2332564164;1;1401482544;|18376|196090
glyphicons_129_message_new.png;3786613557;1;1401482544;|18377|196091
glyphicons_130_inbox.png;2457668859;1;1401482544;|18378|196092
glyphicons_131_inbox_plus.png;2464032926;1;1401482544;|18379|196093
glyphicons_132_inbox_minus.png;90879337;1;1401482544;|18380|196094
glyphicons_133_inbox_lock.png;966346643;1;1401482544;|18381|196095
glyphicons_134_inbox_in.png;2610435545;1;1401482544;|18382|196096
glyphicons_135_inbox_out.png;2089303501;1;1401482544;|18383|196097
glyphicons_136_cogwheel.png;3121529101;1;1401482544;|18384|196098
glyphicons_137_cogwheels.png;2432764361;1;1401482544;|18385|196099
glyphicons_138_picture.png;563795997;1;1401482544;|18386|196100
glyphicons_139_adjust_alt.png;3925471365;1;1401482544;|18387|196101
glyphicons_140_database_lock.png;236423010;1;1401482544;|18388|196102
glyphicons_141_database_plus.png;3771712289;1;1401482544;|18389|196103
glyphicons_142_database_minus.png;4000214910;1;1401482544;|18390|196104
glyphicons_143_database_ban.png;530442273;1;1401482544;|18391|196105
glyphicons_144_folder_open.png;485108071;1;1401482544;|18392|196106
glyphicons_145_folder_plus.png;1801391202;1;1401482544;|18393|196107
glyphicons_146_folder_minus.png;3814259129;1;1401482544;|18394|196108
glyphicons_147_folder_lock.png;123167902;1;1401482545;|18395|196109
glyphicons_148_folder_flag.png;3277531380;1;1401482545;|18396|196110
glyphicons_149_folder_new.png;1089446432;1;1401482545;|18397|196111
glyphicons_150_edit.png;4115821487;1;1401482545;|18398|196112
glyphicons_151_new_window.png;399223760;1;1401482545;|18399|196113
glyphicons_152_check.png;3373654721;1;1401482545;|18400|196114
glyphicons_153_unchecked.png;189208587;1;1401482545;|18401|196115
glyphicons_154_more_windows.png;460480310;1;1401482545;|18402|196116
glyphicons_155_show_big_thumbnails.png;2549036231;1;1401482545;|18403|196117
glyphicons_156_show_thumbnails.png;1440219908;1;1401482545;|18404|196118
glyphicons_157_show_thumbnails_with_lines.png;3244804648;1;1401482545;|18405|196119
glyphicons_158_show_lines.png;1581186194;1;1401482545;|18406|196120
glyphicons_159_playlist.png;1546154077;1;1401482545;|18407|196121
glyphicons_160_imac.png;1440817955;1;1401482545;|18408|196122
glyphicons_161_macbook.png;2606054766;1;1401482545;|18409|196123
glyphicons_162_ipad.png;487972757;1;1401482545;|18410|196124
glyphicons_163_iphone.png;2315431901;1;1401482545;|18411|196125
glyphicons_164_iphone_transfer.png;2532606013;1;1401482545;|18412|196126
glyphicons_165_iphone_exchange.png;597134116;1;1401482545;|18413|196127
glyphicons_166_ipod.png;1987526109;1;1401482545;|18414|196128
glyphicons_167_ipod_shuffle.png;1696787888;1;1401482545;|18415|196129
glyphicons_168_ear_plugs.png;3345488261;1;1401482545;|18416|196130
glyphicons_169_record.png;7124809;1;1401482545;|18417|196131
glyphicons_170_step_backward.png;2749669686;1;1401482545;|18418|196132
glyphicons_171_fast_backward.png;277132004;1;1401482545;|18419|196133
glyphicons_172_rewind.png;1444137896;1;1401482545;|18420|196134
glyphicons_173_play.png;1207812323;1;1401482545;|18421|196135
glyphicons_174_pause.png;133175784;1;1401482545;|18422|196136
glyphicons_175_stop.png;4136170766;1;1401482545;|18423|196137
glyphicons_176_forward.png;1202703480;1;1401482545;|18424|196138
glyphicons_177_fast_forward.png;3526398344;1;1401482545;|18425|196139
glyphicons_178_step_forward.png;2906070415;1;1401482545;|18426|196140
glyphicons_179_eject.png;2191480309;1;1401482545;|18427|196141
glyphicons_180_facetime_video.png;2594022780;1;1401482545;|18428|196142
glyphicons_181_download_alt.png;2947965443;1;1401482545;|18429|196143
glyphicons_182_mute.png;2453698348;1;1401482545;|18430|196144
glyphicons_183_volume_down.png;3877746958;1;1401482545;|18431|196145
glyphicons_184_volume_up.png;327504039;1;1401482545;|18432|196146
glyphicons_185_screenshot.png;831550630;1;1401482545;|18433|196147
glyphicons_186_move.png;1944042969;1;1401482545;|18434|196148
glyphicons_187_more.png;712435003;1;1401482545;|18435|196149
glyphicons_188_brightness_reduce.png;1801612199;1;1401482545;|18436|196150
glyphicons_189_brightness_increase.png;1073538752;1;1401482545;|18437|196151
glyphicons_190_circle_plus.png;3144715918;1;1401482545;|18438|196152
glyphicons_191_circle_minus.png;2793096616;1;1401482545;|18439|196153
glyphicons_192_circle_remove.png;1112129790;1;1401482545;|18440|196154
glyphicons_193_circle_ok.png;3886087065;1;1401482545;|18441|196155
glyphicons_194_circle_question_mark.png;1393326685;1;1401482545;|18442|196156
glyphicons_195_circle_info.png;702775308;1;1401482545;|18443|196157
glyphicons_196_circle_exclamation_mark.png;1316170496;1;1401482545;|18444|196158
glyphicons_197_remove.png;3879531008;1;1401482545;|18445|196159
glyphicons_198_ok.png;821543021;1;1401482545;|18446|196160
glyphicons_199_ban.png;2735045208;1;1401482545;|18447|196161
glyphicons_200_download.png;3899541762;1;1401482545;|18448|196162
glyphicons_201_upload.png;2309036494;1;1401482545;|18449|196163
glyphicons_202_shopping_cart.png;3801634945;1;1401482545;|18450|196164
glyphicons_203_lock.png;668018084;1;1401482545;|18451|196165
glyphicons_204_unlock.png;1651798136;1;1401482545;|18452|196166
glyphicons_205_electricity.png;1133825570;1;1401482545;|18453|196167
glyphicons_206_ok_2.png;1924949501;1;1401482545;|18454|196168
glyphicons_207_remove_2.png;806881682;1;1401482545;|18455|196169
glyphicons_208_cart_out.png;3774987654;1;1401482545;|18456|196170
glyphicons_209_cart_in.png;2724971737;1;1401482545;|18457|196171
glyphicons_210_left_arrow.png;911797737;1;1401482545;|18458|196172
glyphicons_211_right_arrow.png;105908558;1;1401482545;|18459|196173
glyphicons_212_down_arrow.png;3603511243;1;1401482545;|18460|196174
glyphicons_213_up_arrow.png;1958592975;1;1401482545;|18461|196175
glyphicons_214_resize_small.png;1810710719;1;1401482545;|18462|196176
glyphicons_215_resize_full.png;1721288759;1;1401482545;|18463|196177
glyphicons_216_circle_arrow_left.png;3727788058;1;1401482545;|18464|196178
glyphicons_217_circle_arrow_right.png;1726955470;1;1401482545;|18465|196179
glyphicons_218_circle_arrow_top.png;2243573044;1;1401482545;|18466|196180
glyphicons_219_circle_arrow_down.png;2658987915;1;1401482545;|18467|196181
glyphicons_220_play_button.png;1849838390;1;1401482545;|18468|196182
glyphicons_221_unshare.png;3432764568;1;1401482545;|18469|196183
glyphicons_222_share.png;1277525801;1;1401482545;|18470|196184
glyphicons_223_chevron-right.png;1400340439;1;1401482545;|18471|196185
glyphicons_224_chevron-left.png;1909413230;1;1401482545;|18472|196186
glyphicons_225_bluetooth.png;1239354755;1;1401482545;|18473|196187
glyphicons_226_euro.png;3032731392;1;1401482545;|18474|196188
glyphicons_227_usd.png;2816767322;1;1401482545;|18475|196189
glyphicons_228_gbp.png;1524764571;1;1401482545;|18476|196190
glyphicons_229_retweet_2.png;2892442038;1;1401482545;|18477|196191
glyphicons_230_moon.png;79310622;1;1401482545;|18478|196192
glyphicons_231_sun.png;610356990;1;1401482545;|18479|196193
glyphicons_232_cloud.png;3802536552;1;1401482545;|18480|196194
glyphicons_233_direction.png;4028497341;1;1401482545;|18481|196195
glyphicons_234_brush.png;441165064;1;1401482545;|18482|196196
glyphicons_235_pen.png;1782891188;1;1401482545;|18483|196197
glyphicons_236_zoom_in.png;706728760;1;1401482545;|18484|196198
glyphicons_237_zoom_out.png;4239914725;1;1401482545;|18485|196199
glyphicons_238_pin.png;3995259229;1;1401482545;|18486|196200
glyphicons_239_albums.png;1536396160;1;1401482545;|18487|196201
glyphicons_240_rotation_lock.png;1387450227;1;1401482545;|18488|196202
glyphicons_241_flash.png;3772263894;1;1401482545;|18489|196203
glyphicons_242_google_maps.png;2657613232;1;1401482545;|18490|196204
glyphicons_243_anchor.png;1054059910;1;1401482545;|18491|196205
glyphicons_244_conversation.png;3612083822;1;1401482545;|18492|196206
glyphicons_245_chat.png;2896525864;1;1401482545;|18493|196207
glyphicons_246_male.png;2807571837;1;1401482545;|18494|196208
glyphicons_247_female.png;3105810516;1;1401482545;|18495|196209
glyphicons_248_asterisk.png;3970604131;1;1401482545;|18496|196210
glyphicons_249_divide.png;1145677477;1;1401482545;|18497|196211
glyphicons_250_snorkel_diving.png;4109568662;1;1401482545;|18498|196212
glyphicons_251_scuba_diving.png;1417327270;1;1401482545;|18499|196213
glyphicons_252_oxygen_bottle.png;2272580480;1;1401482545;|18500|196214
glyphicons_253_fins.png;2295938915;1;1401482545;|18501|196215
glyphicons_254_fishes.png;3568678141;1;1401482545;|18502|196216
glyphicons_255_boat.png;306466559;1;1401482545;|18503|196217
glyphicons_256_delete.png;1774913024;1;1401482545;|18504|196218
glyphicons_257_sheriffs_star.png;598806058;1;1401482545;|18505|196219
glyphicons_258_qrcode.png;236981987;1;1401482545;|18506|196220
glyphicons_259_barcode.png;2476076476;1;1401482545;|18507|196221
glyphicons_260_pool.png;2529611422;1;1401482545;|18508|196222
glyphicons_261_buoy.png;1741111700;1;1401482545;|18509|196223
glyphicons_262_spade.png;1398625975;1;1401482545;|18510|196224
glyphicons_263_bank.png;1807561102;1;1401482545;|18511|196225
glyphicons_264_vcard.png;3994814265;1;1401482545;|18512|196226
glyphicons_265_electrical_plug.png;4102519938;1;1401482545;|18513|196227
glyphicons_266_flag.png;2162015520;1;1401482545;|18514|196228
glyphicons_267_credit_card.png;722506609;1;1401482545;|18515|196229
glyphicons_268_keyboard_wireless.png;696327279;1;1401482545;|18516|196230
glyphicons_269_keyboard_wireless.png;4185397773;1;1401482545;|18517|196231
glyphicons_270_shield.png;1988871135;1;1401482545;|18518|196232
glyphicons_271_ring.png;1437387954;1;1401482546;|18519|196233
glyphicons_272_cake.png;1051272184;1;1401482546;|18520|196234
glyphicons_273_drink.png;1873155365;1;1401482546;|18521|196235
glyphicons_274_beer.png;2346583353;1;1401482546;|18522|196236
glyphicons_275_fast_food.png;2472906267;1;1401482546;|18523|196237
glyphicons_276_cutlery.png;3891940604;1;1401482546;|18524|196238
glyphicons_277_pizza.png;1816887770;1;1401482546;|18525|196239
glyphicons_278_birthday_cake.png;949902090;1;1401482546;|18526|196240
glyphicons_279_tablet.png;3298883235;1;1401482546;|18527|196241
glyphicons_280_settings.png;3326654494;1;1401482546;|18528|196242
glyphicons_281_bullets.png;1498169045;1;1401482546;|18529|196243
glyphicons_282_cardio.png;2775631083;1;1401482546;|18530|196244
glyphicons_283_t-shirt.png;2961825920;1;1401482546;|18531|196245
glyphicons_284_pants.png;1159936476;1;1401482546;|18532|196246
glyphicons_285_sweater.png;341660020;1;1401482546;|18533|196247
glyphicons_286_fabric.png;413851712;1;1401482546;|18534|196248
glyphicons_287_leather.png;1263800323;1;1401482546;|18535|196249
glyphicons_288_scissors.png;4277163258;1;1401482546;|18536|196250
glyphicons_289_bomb.png;1088323052;1;1401482546;|18537|196251
glyphicons_290_skull.png;141197227;1;1401482546;|18538|196252
glyphicons_291_celebration.png;3180671410;1;1401482546;|18539|196253
glyphicons_292_tea_kettle.png;2086627267;1;1401482546;|18540|196254
glyphicons_293_french_press.png;2040955612;1;1401482546;|18541|196255
glyphicons_294_coffe_cup.png;1904381436;1;1401482546;|18542|196256
glyphicons_295_pot.png;752597656;1;1401482546;|18543|196257
glyphicons_296_grater.png;1191562393;1;1401482546;|18544|196258
glyphicons_297_kettle.png;3049774389;1;1401482546;|18545|196259
glyphicons_298_hospital.png;3152817176;1;1401482546;|18546|196260
glyphicons_299_hospital_h.png;2001708457;1;1401482546;|18547|196261
glyphicons_300_microphone.png;1658470392;1;1401482546;|18548|196262
glyphicons_301_webcam.png;809670290;1;1401482546;|18549|196263
glyphicons_302_temple_christianity_church.png;2740567008;1;1401482546;|18550|196264
glyphicons_303_temple_islam.png;146742349;1;1401482546;|18551|196265
glyphicons_304_temple_hindu.png;1273075771;1;1401482546;|18552|196266
glyphicons_305_temple_buddhist.png;382377027;1;1401482546;|18553|196267
glyphicons_306_bicycle.png;1526890817;1;1401482546;|18554|196268
glyphicons_307_life_preserver.png;387798083;1;1401482546;|18555|196269
glyphicons_308_share_alt.png;3580593012;1;1401482546;|18556|196270
glyphicons_309_comments.png;2116672171;1;1401482546;|18557|196271
glyphicons_310_flower.png;4061179008;1;1401482546;|18558|196272
glyphicons_311_baseball.png;1099385856;1;1401482546;|18559|196273
glyphicons_312_rugby.png;4190709590;1;1401482546;|18560|196274
glyphicons_313_ax.png;3680171402;1;1401482546;|18561|196275
glyphicons_314_table_tennis.png;849140454;1;1401482546;|18562|196276
glyphicons_315_bowling.png;3479947099;1;1401482546;|18563|196277
glyphicons_316_tree_conifer.png;3593765841;1;1401482546;|18564|196278
glyphicons_317_tree_deciduous.png;989254928;1;1401482546;|18565|196279
glyphicons_318_more_items.png;3747340393;1;1401482546;|18566|196280
glyphicons_319_sort.png;2073028201;1;1401482546;|18567|196281
glyphicons_320_filter.png;267295585;1;1401482546;|18568|196282
glyphicons_321_gamepad.png;2780701250;1;1401482546;|18569|196283
glyphicons_322_playing_dices.png;781409638;1;1401482546;|18570|196284
glyphicons_323_calculator.png;3677512977;1;1401482546;|18571|196285
glyphicons_324_tie.png;2682088655;1;1401482546;|18572|196286
glyphicons_325_wallet.png;3995677993;1;1401482546;|18573|196287
glyphicons_326_piano.png;2767677858;1;1401482546;|18574|196288
glyphicons_327_sampler.png;2430108127;1;1401482546;|18575|196289
glyphicons_328_podium.png;4047660640;1;1401482546;|18576|196290
glyphicons_329_soccer_ball.png;770967828;1;1401482546;|18577|196291
glyphicons_330_blog.png;4230730247;1;1401482546;|18578|196292
glyphicons_331_dashboard.png;3832161631;1;1401482546;|18579|196293
glyphicons_332_certificate.png;2282684887;1;1401482546;|18580|196294
glyphicons_333_bell.png;1613912648;1;1401482546;|18581|196295
glyphicons_334_candle.png;3991395196;1;1401482546;|18582|196296
glyphicons_335_pushpin.png;3875736912;1;1401482546;|18583|196297
glyphicons_336_iphone_shake.png;2316889122;1;1401482546;|18584|196298
glyphicons_337_pin_flag.png;2744172293;1;1401482546;|18585|196299
glyphicons_338_turtle.png;275502593;1;1401482546;|18586|196300
glyphicons_339_rabbit.png;3408562830;1;1401482546;|18587|196301
glyphicons_340_globe.png;460054828;1;1401482546;|18588|196302
glyphicons_341_briefcase.png;2592627175;1;1401482546;|18589|196303
glyphicons_342_hdd.png;4147563457;1;1401482546;|18590|196304
glyphicons_343_thumbs_up.png;1775204323;1;1401482546;|18591|196305
glyphicons_344_thumbs_down.png;1844237917;1;1401482546;|18592|196306
glyphicons_345_hand_right.png;183870919;1;1401482546;|18593|196307
glyphicons_346_hand_left.png;581276299;1;1401482546;|18594|196308
glyphicons_347_hand_up.png;147561513;1;1401482546;|18595|196309
glyphicons_348_hand_down.png;2883625722;1;1401482546;|18596|196310
glyphicons_349_fullscreen.png;2311143211;1;1401482546;|18597|196311
glyphicons_350_shopping_bag.png;2190692302;1;1401482546;|18598|196312
glyphicons_351_book_open.png;214117404;1;1401482546;|18599|196313
glyphicons_352_nameplate.png;2584606753;1;1401482546;|18600|196314
glyphicons_353_nameplate_alt.png;2345077733;1;1401482546;|18601|196315
glyphicons_354_vases.png;806691134;1;1401482546;|18602|196316
glyphicons_355_bullhorn.png;3002954818;1;1401482546;|18603|196317
glyphicons_356_dumbbell.png;1705824423;1;1401482546;|18604|196318
glyphicons_357_suitcase.png;404843144;1;1401482546;|18605|196319
glyphicons_358_file_import.png;2305746152;1;1401482546;|18606|196320
glyphicons_359_file_export.png;2044063233;1;1401482546;|18607|196321
glyphicons_360_bug.png;3520692403;1;1401482546;|18608|196322
glyphicons_361_crown.png;930872494;1;1401482546;|18609|196323
glyphicons_362_smoking.png;2098212624;1;1401482546;|18610|196324
glyphicons_363_cloud_upload.png;2030084633;1;1401482546;|18611|196325
glyphicons_364_cloud_download.png;2759879938;1;1401482547;|18612|196326
glyphicons_365_restart.png;4087949486;1;1401482547;|18613|196327
glyphicons_366_security_camera.png;1046956946;1;1401482547;|18614|196328
glyphicons_367_expand.png;1388575822;1;1401482547;|18615|196329
glyphicons_368_collapse.png;3780675075;1;1401482547;|18616|196330
glyphicons_369_collapse_top.png;1726153500;1;1401482547;|18617|196331
glyphicons_370_globe_af.png;3564546452;1;1401482547;|18618|196332
glyphicons_371_global.png;2696660432;1;1401482547;|18619|196333
glyphicons_372_spray.png;4272659004;1;1401482547;|18620|196334
glyphicons_373_nails.png;90676643;1;1401482547;|18621|196335
glyphicons_374_claw_hammer.png;19906415;1;1401482547;|18622|196336
glyphicons_375_classic_hammer.png;682844191;1;1401482547;|18623|196337
glyphicons_376_hand_saw.png;3233831165;1;1401482547;|18624|196338
glyphicons_377_riflescope.png;3654947835;1;1401482547;|18625|196339
glyphicons_378_electrical_socket_eu.png;2980964329;1;1401482547;|18626|196340
glyphicons_379_electrical_socket_us.png;4065756957;1;1401482547;|18627|196341
glyphicons_380_message_forward.png;2425474664;1;1401482547;|18628|196342
glyphicons_381_coat_hanger.png;487536510;1;1401482547;|18629|196343
glyphicons_382_dress.png;3561589359;1;1401482547;|18630|196344
glyphicons_383_bathrobe.png;2808153550;1;1401482547;|18631|196345
glyphicons_384_shirt.png;953862360;1;1401482547;|18632|196346
glyphicons_385_underwear.png;702176985;1;1401482547;|18633|196347
glyphicons_386_log_in.png;3163269715;1;1401482547;|18634|196348
glyphicons_387_log_out.png;2735986256;1;1401482547;|18635|196349
glyphicons_388_exit.png;3847051857;1;1401482547;|18636|196350
glyphicons_389_new_window_alt.png;2083895833;1;1401482547;|18637|196351
glyphicons_390_video_sd.png;2065247596;1;1401482547;|18638|196352
glyphicons_391_video_hd.png;765552621;1;1401482547;|18639|196353
glyphicons_392_subtitles.png;2504577465;1;1401482547;|18640|196354
glyphicons_393_sound_stereo.png;212497810;1;1401482547;|18641|196355
glyphicons_394_sound_dolby.png;962841054;1;1401482547;|18642|196356
glyphicons_395_sound_5_1.png;1098640839;1;1401482547;|18643|196357
glyphicons_396_sound_6_1.png;4118816318;1;1401482547;|18644|196358
glyphicons_397_sound_7_1.png;2183589652;1;1401482547;|18645|196359
glyphicons_398_copyright_mark.png;2131458692;1;1401482547;|18646|196360
glyphicons_399_registration_mark.png;2516342877;1;1401482547;|18647|196361
glyphicons_400_radar.png;2456383419;1;1401482547;|18648|196362
glyphicons_401_skateboard.png;3219125290;1;1401482547;|18649|196363
glyphicons_402_golf_course.png;281732768;1;1401482547;|18650|196364
glyphicons_403_sorting.png;3617607726;1;1401482547;|18651|196365
glyphicons_404_sort-by-alphabet.png;1873977626;1;1401482547;|18652|196366
glyphicons_405_sort-by-alphabet-alt.png;3411135632;1;1401482547;|18653|196367
glyphicons_406_sort-by-order.png;2645039535;1;1401482547;|18654|196368
glyphicons_407_sort-by-order-alt.png;360254893;1;1401482547;|18655|196369
glyphicons_408_sort-by-attributes.png;2694911353;1;1401482547;|18656|196370
glyphicons_409_sort-by-attributes-alt.png;1916133758;1;1401482547;|18657|196371
glyphicons_410_compressed.png;156762785;1;1401482547;|18658|196372
glyphicons_411_package.png;3025935803;1;1401482547;|18659|196373
glyphicons_412_cloud_plus.png;657693066;1;1401482547;|18660|196374
glyphicons_413_cloud_minus.png;841537624;1;1401482547;|18661|196375
glyphicons_414_disk_save.png;4267026129;1;1401482547;|18662|196376
glyphicons_415_disk_open.png;1967372327;1;1401482547;|18663|196377
glyphicons_416_disk_saved.png;3636914172;1;1401482547;|18664|196378
glyphicons_417_disk_remove.png;4043619537;1;1401482547;|18665|196379
glyphicons_418_disk_import.png;3507829963;1;1401482547;|18666|196380
glyphicons_419_disk_export.png;2937874930;1;1401482547;|18667|196381
glyphicons_420_tower.png;4117422501;1;1401482547;|18668|196382
glyphicons_421_send.png;3369062997;1;1401482547;|18669|196383
glyphicons_422_git_branch.png;173712400;1;1401482547;|18670|196384
glyphicons_423_git_create.png;2930587778;1;1401482547;|18671|196385
glyphicons_424_git_private.png;1393529680;1;1401482547;|18672|196386
glyphicons_425_git_delete.png;188807689;1;1401482547;|18673|196387
glyphicons_426_git_merge.png;2157876342;1;1401482547;|18674|196388
glyphicons_427_git_pull_request.png;762869222;1;1401482547;|18675|196389
glyphicons_428_git_compare.png;548596489;1;1401482547;|18676|196390
glyphicons_429_git_commit.png;4262845258;1;1401482547;|18677|196391
glyphicons_430_construction_cone.png;1908561123;1;1401482547;|18678|196392
glyphicons_431_shoe_steps.png;3266145955;1;1401482547;|18679|196393
glyphicons_432_plus.png;4213894268;1;1401482547;|18680|196394
glyphicons_433_minus.png;1587534131;1;1401482547;|18681|196395
glyphicons_434_redo.png;3382149004;1;1401482547;|18682|196396
glyphicons_435_undo.png;1725367398;1;1401482547;|18683|196397
glyphicons_436_golf.png;795963428;1;1401482547;|18684|196398
glyphicons_437_hockey.png;769789988;1;1401482547;|18685|196399
glyphicons_438_pipe.png;695441373;1;1401482547;|18686|196400
glyphicons_439_wrench.png;2409174415;1;1401482547;|18687|196401
glyphicons_440_folder_closed.png;3821819774;1;1401482547;|18688|196402
glyphicons_441_phone_alt.png;399650975;1;1401482547;|18689|196403
glyphicons_442_earphone.png;3804247181;1;1401482547;|18690|196404
glyphicons_443_floppy_disk.png;4003769819;1;1401482547;|18691|196405
glyphicons_444_floppy_saved.png;2070184136;1;1401482547;|18692|196406
glyphicons_445_floppy_remove.png;2102001944;1;1401482547;|18693|196407
glyphicons_446_floppy_save.png;589662054;1;1401482547;|18694|196408
glyphicons_447_floppy_open.png;1239623000;1;1401482547;|18695|196409
glyphicons_448_translate.png;1876210782;1;1401482547;|18696|196410
glyphicons_449_fax.png;2729012355;1;1401482547;|18697|196411
glyphicons_450_factory.png;3801970266;1;1401482547;|18698|196412
glyphicons_451_shop_window.png;365014028;1;1401482547;|18699|196413
glyphicons_452_shop.png;288215499;1;1401482547;|18700|196414
glyphicons_453_kiosk.png;3000848449;1;1401482547;|18701|196415
glyphicons_454_kiosk_wheels.png;925541394;1;1401482547;|18702|196416
glyphicons_455_kiosk_light.png;2907834653;1;1401482547;|18703|196417
glyphicons_456_kiosk_food.png;2004508341;1;1401482547;|18704|196418
glyphicons_457_transfer.png;793734266;1;1401482548;|18705|196419
glyphicons_458_money.png;2849830872;1;1401482548;|18706|196420
glyphicons_459_header.png;1355675971;1;1401482548;|18707|196421
glyphicons_460_blacksmith.png;247579920;1;1401482548;|18708|196422
glyphicons_461_saw_blade.png;1547527374;1;1401482548;|18709|196423
glyphicons_462_basketball.png;2863387440;1;1401482548;|18710|196424
glyphicons_463_server.png;2704802244;1;1401482548;|18711|196425
glyphicons_464_server_plus.png;2101629199;1;1401482548;|18712|196426
glyphicons_465_server_minus.png;695985412;1;1401482548;|18713|196427
glyphicons_466_server_ban.png;1058495435;1;1401482548;|18714|196428
glyphicons_467_server_flag.png;1971856964;1;1401482548;|18715|196429
glyphicons_468_server_lock.png;2790761551;1;1401482548;|18716|196430
glyphicons_469_server_new.png;3671283636;1;1401482548;|18717|196431
