SCMBranch=USR-717
SCMRepository=User Interface/Task Time Tracker/Web/Configuration/ThemeKey
SCMMainlineUUID={6a359bb0-6131-417f-b48a-3113b3a22182}
SCMBranchRepositoryID=29145
Clone.aspx.cs;2626811495;1;1417403881;|28542|279126
Clone.aspx.designer.cs;95346781;1;1417403881;|28543|279127
CommonUpdate.aspx;4063681862;1;1417403881;|28531|279115
CommonUpdate.aspx.designer.cs;440562145;1;1417403881;|28545|279129
Default.aspx.cs;601697743;1;1417403881;|28546|279130
Default.aspx.designer.cs;3081312556;1;1417403881;|28547|279131
Delete.aspx.cs;290403628;1;1417403881;|28548|279132
Delete.aspx.designer.cs;717291726;1;1417403881;|28549|279133
Details.aspx.cs;2807008467;1;1417403881;|28550|279134
Details.aspx.designer.cs;5022458;1;1417403881;|28551|279135
Export.aspx;2440434954;1;1417403881;|28537|279121
Export.aspx.cs;1172086985;1;1417403881;|28552|279136
Export.aspx.designer.cs;2352044620;1;1417403881;|28560|279144
InlineUpdate.aspx;1648455274;1;1417403881;|28538|279122
InlineUpdate.aspx.designer.cs;154774790;1;1417403881;|28553|279137
Insert.aspx.cs;3883567540;1;1417403881;|28554|279138
Insert.aspx.designer.cs;3802959978;1;1417403881;|28555|279139
Search.aspx;1716954162;1;1417403881;|28540|279124
Search.aspx.cs;4054274386;1;1417403881;|28556|279140
Search.aspx.designer.cs;2720633538;1;1417403881;|28557|279141
Update.aspx.cs;237853877;1;1417403881;|28558|279142
Clone.aspx;2018408922;2;1417540917;|28532|280336
Default.aspx;528311438;2;1417540917;|28534|280337
Delete.aspx;2523047286;2;1417540917;|28535|280338
Insert.aspx;846591555;2;1417540917;|28539|280339
Details.aspx;3496043577;2;1419542780;|28536|290755
Update.aspx;2958380733;4;1428633516;|28541|299829
Update.aspx.designer.cs;2181129723;2;1428633516;|28559|299830
UI_Pages.cs;1309701801;1;1462161184;|41551|346221
UI_Pages.tt;3714559462;1;1462161184;|41550|346220
InlineUpdate.aspx.cs;1848673162;2;1464838862;|28533|349188
CommonUpdate.aspx.cs;402637892;3;1493092258;|28544|357808
