SCMBranch=USR-717
SCMRepository=User Interface/Task Time Tracker/Web/Shared/ApplicationManagement/ReleaseNote/ReleaseLogDetail/Controls
SCMMainlineUUID={6a359bb0-6131-417f-b48a-3113b3a22182}
SCMBranchRepositoryID=23945
Details.ascx.designer.cs;2637430968;1;1407766913;|20789|224549
List.ascx;740750908;1;1407766913;|20785|224334
List.ascx.designer.cs;3525329062;1;1407766913;|20780|224329
SearchFilter.ascx;1347508296;1;1407766913;|20784|224333
Validation.xml;1818536887;1;1407766913;|20783|224332
SearchFilter.ascx.cs;3520300704;2;1408121764;|20791|225352
List.ascx.cs;2767212332;2;1408639049;|20781|231461
SearchFilter.ascx.designer.cs;2926158836;2;1413170140;|20779|263690
Details.ascx;427727330;3;1418155172;|20787|282912
Details.ascx.cs;3426853246;3;1418155172;|20790|282913
Generic.ascx;1481409764;18;1418189253;|20786|283371
Generic.ascx.designer.cs;3452426202;6;1418189253;|20782|283373
Generic.ascx.cs;3786043740;23;1469426679;|20788|352193
