SCMBranch=USR-717
SCMRepository=User Interface/Task Time Tracker/Web/Shared/AuthenticationAndAuthorization/ApplicationUserProfileImage
SCMMainlineUUID={6a359bb0-6131-417f-b48a-3113b3a22182}
SCMBranchRepositoryID=12511
Export.aspx;3070293043;2;1394430872;|7587|118899
Export.aspx.designer.cs;3352143010;2;1394430872;|7598|154939
ShowImage.aspx;3143892139;1;1394430872;|7589|26252
ShowImage.aspx.designer.cs;4056762710;1;1394430872;|7583|26246
Default.aspx.cs;545798456;18;1408591363;|7606|229645
ShowImage.aspx.cs;3209721068;6;1408591363;|7593|229650
Default.aspx;724429406;6;1408639050;|7584|233786
Clone.aspx;4272208223;5;1410146594;|7597|250656
Clone.aspx.designer.cs;216787088;3;1410146594;|7591|250657
Default.aspx.designer.cs;3074579917;5;1410146594;|7605|250660
Delete.aspx;1564502996;6;1410146594;|7585|250661
Delete.aspx.designer.cs;3024131238;3;1410146594;|7603|250663
Export.aspx.cs;226219863;12;1410146594;|7599|250667
Insert.aspx;524699684;5;1410146594;|7588|250668
Insert.aspx.designer.cs;815417004;3;1410146594;|7594|250669
Update.aspx;948862149;5;1410146594;|7590|250670
Update.aspx.designer.cs;3039710398;3;1410146594;|7592|250672
Clone.aspx.cs;2810556135;13;1414437907;|7596|273813
Delete.aspx.cs;1636279422;17;1414437907;|7604|273814
Details.aspx;1219468679;7;1414437907;|7586|273815
Details.aspx.cs;555874002;13;1414437907;|7602|273816
Details.aspx.designer.cs;3268273870;4;1414437907;|7601|273817
Insert.aspx.cs;3353936756;13;1414437907;|7595|273818
Update.aspx.cs;1385709263;19;1414437907;|7600|273819
