SCMBranch=USR-717
SCMRepository=User Interface/Task Time Tracker/Web/MA/ApplicationDevelopment/ModuleOwner
SCMMainlineUUID={6a359bb0-6131-417f-b48a-3113b3a22182}
SCMBranchRepositoryID=30777
Clone.aspx.cs;2762357654;1;1418613670;|33041|285619
Clone.aspx.designer.cs;3754223427;1;1418613670;|33042|285620
CommonUpdate.aspx;266436386;1;1418613670;|33046|285624
CommonUpdate.aspx.designer.cs;172123234;1;1418613670;|33044|285622
Default.aspx.cs;4192265792;1;1418613670;|33040|285618
Default.aspx.designer.cs;3714767144;1;1418613670;|33039|285617
Delete.aspx.cs;2587578341;1;1418613670;|33038|285616
Delete.aspx.designer.cs;640258164;1;1418613670;|33030|285608
Details.aspx.cs;2722560371;1;1418613670;|33028|285606
Details.aspx.designer.cs;3153283209;1;1418613670;|33029|285607
Export.aspx;1282734516;1;1418613670;|33052|285630
Export.aspx.cs;1670164451;1;1418613670;|33045|285623
Export.aspx.designer.cs;2146347847;1;1418613670;|33032|285610
InlineUpdate.aspx;1966312771;1;1418613670;|33051|285629
InlineUpdate.aspx.designer.cs;151762313;1;1418613670;|33034|285612
Insert.aspx.cs;383147119;1;1418613670;|33035|285613
Insert.aspx.designer.cs;1211502015;1;1418613670;|33036|285614
Update.aspx.cs;654242309;1;1418613670;|33048|285626
Update.aspx.designer.cs;1283505159;1;1418613670;|33047|285625
Clone.aspx;1459960331;3;1418752897;|33037|289031
Default.aspx;2308248359;3;1418752897;|33053|289032
Delete.aspx;1412652721;3;1418752897;|33033|289033
Insert.aspx;2273071756;3;1418752897;|33050|289034
Details.aspx;773295633;2;1419542783;|33031|290803
Update.aspx;1137263547;4;1419542783;|33049|290804
InlineUpdate.aspx.cs;4101922297;2;1464933980;|33054|349589
CommonUpdate.aspx.cs;17395455;3;1493092262;|33043|357825
