SCMBranch=USR-717
SCMRepository=User Interface/Task Time Tracker/Web/Prototype/Kendo/content/shared/styles/fonts
SCMMainlineUUID={6a359bb0-6131-417f-b48a-3113b3a22182}
SCMBranchRepositoryID=19065
DroidSansWeb.eot;1041369239;1;1394430812;|13358|158447
DroidSansWeb.ttf;2195009738;1;1394430812;|13360|158449
DroidSansWeb.woff;1264549299;1;1394430812;|13361|158450
Roboto-LightWeb.eot;1954200127;1;1394430812;|13362|158451
Roboto-LightWeb.svg;1970925890;1;1394430812;|13363|158452
Roboto-LightWeb.ttf;3549723857;1;1394430812;|13364|158453
Roboto-LightWeb.woff;1995379162;1;1394430812;|13368|158457
Roboto-Regular-Web.eot;1521446750;1;1394430812;|13367|158456
Roboto-Regular-Web.svg;2402337777;1;1394430812;|13366|158455
Roboto-Regular-Web.ttf;3692955910;1;1394430812;|13365|158454
Roboto-Regular-Web.woff;1420600670;1;1394430812;|13357|158446
DroidSansWeb.svg;945416660;3;1397530289;|13359|187104
