SCMBranch=USR-717
SCMRepository=User Interface/Task Time Tracker/Web/Shared/Admin/Country
SCMMainlineUUID={6a359bb0-6131-417f-b48a-3113b3a22182}
SCMBranchRepositoryID=5504
Clone.aspx.cs;481123351;8;1394430859;|1168|109662
Details.aspx.cs;3139767147;13;1394430859;|1171|120189
Export.aspx;974433704;2;1394430859;|1163|118792
Export.aspx.designer.cs;2488608761;2;1394430859;|1157|154620
Insert.aspx.cs;2933393428;13;1394430859;|1153|109664
Update.aspx.cs;2265978;14;1394430859;|1154|109665
CommonUpdate.aspx.cs;448806751;18;1408591356;|7087|227740
Default.aspx.cs;4181599970;24;1408591356;|1160|229460
InlineUpdate.aspx.cs;3588641639;14;1408591357;|7084|227741
Default.aspx;1187503439;7;1408639045;|1155|233498
Clone.aspx;18986908;7;1410146580;|1169|241396
Clone.aspx.designer.cs;3014313611;3;1410146580;|1172|241397
CommonUpdate.aspx;1235746541;7;1410146580;|7086|242557
CommonUpdate.aspx.designer.cs;15478164;4;1410146580;|7088|242558
Default.aspx.designer.cs;2002657860;5;1410146580;|1166|249916
Delete.aspx;404576836;8;1410146580;|1156|241398
Delete.aspx.designer.cs;3760143821;4;1410146580;|1170|241399
Details.aspx.designer.cs;3811474723;3;1410146580;|1159|241401
Export.aspx.cs;1902874825;11;1410146580;|1158|245665
InlineUpdate.aspx;3773446116;6;1410146580;|7085|242559
InlineUpdate.aspx.designer.cs;1609482038;3;1410146580;|7089|242560
Insert.aspx;1617424132;6;1410146580;|1164|241402
Insert.aspx.designer.cs;1615986348;3;1410146580;|1152|241403
Update.aspx.designer.cs;2805078027;3;1410146580;|1162|241405
Delete.aspx.cs;1803652677;18;1414005995;|1167|272704
Details.aspx;1644400872;8;1419542792;|1161|290573
Update.aspx;2913170558;7;1419542792;|1165|290574
UI_Pages.cs;1309701801;1;1462161225;|41562|346660
UI_Pages.tt;3930654790;1;1462161225;|41563|346661
