SCMBranch=USR-717
SCMRepository=User Interface/Task Time Tracker/Web/Prototype/Kendo/content/mobilethemebuilder/images/cities
SCMMainlineUUID={6a359bb0-6131-417f-b48a-3113b3a22182}
SCMBranchRepositoryID=19049
berlin.jpg;1283900535;1;1394430809;|13230|158319
bonn.jpg;2001783748;1;1394430809;|13231|158320
boston.jpg;796542145;1;1394430809;|13232|158321
cairo.jpg;1182338004;1;1394430809;|13233|158322
cancun.jpg;2254624365;1;1394430809;|13228|158317
cape-town.jpg;3093383309;1;1394430809;|13227|158316
liverpool.jpg;950144638;1;1394430809;|13226|158315
london.jpg;1252630411;1;1394430809;|13225|158314
melbourne.jpg;1730949603;1;1394430809;|13224|158313
new-delhi.jpg;1425872844;1;1394430809;|13223|158312
nice.jpg;2666325280;1;1394430809;|13222|158311
paris.jpg;3962652072;1;1394430809;|13221|158310
san-francisco.jpg;141206771;1;1394430809;|13220|158309
sydney.jpg;4241374910;1;1394430809;|13229|158318
