SCMBranch=USR-717
SCMRepository=User Interface/Task Time Tracker/Web/Shared/ApplicationManagement/ReleaseLog/Controls
SCMMainlineUUID={6a359bb0-6131-417f-b48a-3113b3a22182}
SCMBranchRepositoryID=5546
ReleaseNotesSearchFilter2.ascx;2209772743;1;1380640986;|10110|119263
ReleaseNotesSearchFilter2.ascx.designer.cs;3836033752;1;1380640986;|10109|119262
ReleaseNotesSearchFilter.ascx.designer.cs;3528132408;4;1380683686;|5326|119828
ReleaseNotesSearchFilter.ascx;3053608391;17;1386300578;|5327|150313
ReleaseNotesSearchFilter.ascx.cs;1631014123;31;1386662249;|5325|150523
Details.ascx.designer.cs;3825592922;7;1394430868;|1651|155162
Generic.ascx.designer.cs;417599124;7;1394430868;|1649|153210
List.ascx.designer.cs;4254889295;1;1394430868;|1643|1643
ReleaseNotesSearchFilter2.ascx.cs;3739163349;7;1394430868;|10108|148887
Validation.xml;3783051638;1;1394430868;|1644|1644
ReleaseNotesSearchControl.ascx.designer.cs;333199128;2;1397055663;|10115|186473
ReleaseNotesStatGrid.ascx.designer.cs;1743414430;4;1397747921;|17716|187467
ReleaseNotesSearchControl.ascx;1164069630;17;1399655847;|10117|188552
ReleaseNotesStatChart.ascx.cs;3661330790;4;1400034793;|17718|188709
ReleaseNotesStatChart.ascx.designer.cs;1630235422;2;1400034793;|17719|188710
ReleaseNotesStatChart.ascx;4120909471;4;1400209865;|17720|189208
ReleaseNoteStatistics.ascx;663036491;1;1400213470;|17958|189360
ReleaseNoteStatistics.ascx.cs;2541862877;1;1400213470;|17956|189358
ReleaseNoteStatistics.ascx.designer.cs;713161995;1;1400213470;|17957|189359
ReleaseNotesSearchControl.ascx.cs;896248187;40;1400469284;|10116|189501
ReleaseNotesStatGrid.ascx;4270234077;7;1400647505;|17717|189706
ReleaseNotesStatGrid.ascx.cs;1117823242;15;1400788062;|17715|189759
Generic.ascx;1325546731;11;1401244931;|1647|193442
List.ascx;2110914659;2;1401244931;|1646|193443
Details.ascx;3636220887;13;1401678840;|1648|201408
List.ascx.cs;2512319305;4;1404188024;|1641|209437
Details.ascx.cs;1871124838;18;1404187896;|1652|209438
Generic.ascx.cs;3133368234;28;1405911752;|1650|215476
SearchFilter.ascx;1682131105;18;1406649550;|1645|222754
SearchFilter.ascx.designer.cs;3776265676;10;1406649550;|1653|222756
SearchFilter.ascx.cs;3539249161;23;1407174385;|1642|223698
