SCMBranch=USR-717
SCMRepository=User Interface/Task Time Tracker/Web/ckeditor/plugins/devtools/lang
SCMMainlineUUID={6a359bb0-6131-417f-b48a-3113b3a22182}
SCMBranchRepositoryID=9783
_translationstatus.txt;2131320359;1;1394430780;|4467|11254
bg.js;2154346777;1;1394430780;|4458|11245
cs.js;787824233;1;1394430780;|4459|11246
cy.js;3202285405;1;1394430780;|4460|11247
da.js;1949031122;1;1394430780;|4461|11248
de.js;792842325;1;1394430780;|4462|11249
el.js;322703411;1;1394430780;|4463|11250
en.js;1548014645;1;1394430780;|4464|11251
eo.js;1795706492;1;1394430780;|4465|11252
et.js;2235302526;1;1394430780;|4466|11253
fa.js;3650192393;1;1394430780;|4484|11271
fi.js;2951490425;1;1394430780;|4468|11255
fr.js;880490877;1;1394430780;|4469|11256
gu.js;648102125;1;1394430780;|4470|11257
he.js;1387239039;1;1394430780;|4471|11258
hr.js;927887105;1;1394430780;|4472|11259
it.js;1446326572;1;1394430780;|4473|11260
nb.js;3436475677;1;1394430780;|4474|11261
nl.js;306706063;1;1394430780;|4475|11262
no.js;160002194;1;1394430780;|4476|11263
pl.js;372523502;1;1394430780;|4477|11264
pt-br.js;2388191081;1;1394430780;|4478|11265
tr.js;2577193730;1;1394430780;|4479|11266
ug.js;242891430;1;1394430780;|4480|11267
uk.js;1199811298;1;1394430780;|4481|11268
vi.js;494267795;1;1394430780;|4482|11269
zh-cn.js;2331087757;1;1394430780;|4483|11270
