SCMBranch=USR-717
SCMRepository=User Interface/Task Time Tracker/Web/Shared/ApplicationManagement/ReleaseNote/ReleaseIssueType
SCMMainlineUUID={6a359bb0-6131-417f-b48a-3113b3a22182}
SCMBranchRepositoryID=23940
Clone.aspx.cs;2387264980;1;1407766912;|20689|224238
Export.aspx;2316765238;1;1407766912;|20681|224230
Export.aspx.designer.cs;665618551;1;1407766912;|20696|224245
Insert.aspx.cs;3072645734;1;1407766912;|20686|224235
Default.aspx;916899293;3;1408639049;|20678|232636
Default.aspx.cs;4121194472;2;1408639049;|20701|231435
Clone.aspx;2446739930;3;1410146591;|20687|242909
Clone.aspx.designer.cs;3836345174;2;1410146591;|20690|242910
CommonUpdate.aspx;3088751099;2;1410146591;|20688|242911
CommonUpdate.aspx.designer.cs;1763376069;2;1410146592;|20692|242912
Default.aspx.designer.cs;499709498;2;1410146592;|20703|238762
Delete.aspx;1154967624;3;1410146592;|20679|242913
Delete.aspx.designer.cs;711007470;2;1410146592;|20702|242914
Export.aspx.cs;2592337036;3;1410146592;|20697|245835
InlineUpdate.aspx;2858266268;2;1410146592;|20682|242915
InlineUpdate.aspx.designer.cs;2627108412;2;1410146592;|20685|242916
Insert.aspx;4064080732;3;1410146592;|20683|242917
Insert.aspx.designer.cs;503503296;2;1410146592;|20693|242918
Update.aspx.designer.cs;737344834;2;1410146592;|20695|242920
Details.aspx.designer.cs;2425315652;3;1411401301;|20699|253476
Details.aspx;267276607;4;1419542800;|20680|290874
Update.aspx;4256644998;4;1419542800;|20684|290875
Delete.aspx.cs;2548183412;7;1447042509;|20704|335612
Details.aspx.cs;2839552327;6;1447042509;|20700|335321
Update.aspx.cs;1125904047;4;1447042509;|20694|335322
InlineUpdate.aspx.cs;3951791065;3;1464934164;|20698|349540
CommonUpdate.aspx.cs;783341728;4;1493092281;|20691|357869
