SCMBranch=USR-717
SCMRepository=User Interface/Task Time Tracker/Web/Styles/Kendo
SCMMainlineUUID={6a359bb0-6131-417f-b48a-3113b3a22182}
SCMBranchRepositoryID=19212
kendo.black.min.css;1021861218;1;1394430903;|16070|161159
kendo.blueopal.min.css;1056320736;1;1394430903;|16069|161158
kendo.bootstrap.min.css;2935037920;1;1394430903;|16068|161157
kendo.common-bootstrap.min.css;226034077;1;1394430903;|16067|161156
kendo.common.min.css;1010422628;1;1394430903;|16066|161155
kendo.dataviz.black.min.css;1436102277;1;1394430903;|16065|161154
kendo.dataviz.blueopal.min.css;1544713083;1;1394430903;|16064|161153
kendo.dataviz.bootstrap.min.css;3765361946;1;1394430903;|16063|161152
kendo.dataviz.default.min.css;446274508;1;1394430903;|16062|161151
kendo.dataviz.flat.min.css;289586447;1;1394430903;|16061|161150
kendo.dataviz.highcontrast.min.css;657541216;1;1394430903;|16060|161149
kendo.dataviz.metro.min.css;1192695971;1;1394430903;|16059|161148
kendo.dataviz.metroblack.min.css;2436393598;1;1394430903;|16058|161147
kendo.dataviz.min.css;3372257798;1;1394430903;|16057|161146
kendo.dataviz.moonlight.min.css;2790710882;1;1394430903;|16056|161145
kendo.dataviz.silver.min.css;1833295585;1;1394430903;|16055|161144
kendo.dataviz.uniform.min.css;3177259031;1;1394430903;|16054|161143
kendo.default.min.css;4194699777;1;1394430903;|16053|161142
kendo.flat.min.css;2629187607;1;1394430903;|16052|161141
kendo.highcontrast.min.css;3750634059;1;1394430903;|16051|161140
kendo.icenium.min.css;832725433;1;1394430903;|16050|161139
kendo.metro.min.css;761039972;1;1394430903;|16049|161138
kendo.metroblack.min.css;1257298045;1;1394430903;|16048|161137
kendo.mobile.all.min.css;816534302;1;1394430903;|16047|161136
kendo.mobile.android4.min.css;1167680299;1;1394430903;|16046|161135
kendo.mobile.blackberry.min.css;841205412;1;1394430903;|16045|161134
kendo.mobile.common.min.css;1596196404;1;1394430903;|16044|161133
kendo.mobile.flat.min.css;837876567;1;1394430903;|16043|161132
kendo.mobile.icenium.min.css;814425306;1;1394430903;|16042|161131
kendo.mobile.ios.min.css;2415572656;1;1394430903;|16041|161130
kendo.mobile.meego.min.css;1676066312;1;1394430903;|16040|161129
kendo.mobile.wp8.min.css;2126575440;1;1394430903;|16039|161128
kendo.moonlight.min.css;3684574307;1;1394430903;|16038|161127
kendo.rtl.min.css;4224743252;1;1394430904;|16037|161126
kendo.silver.min.css;2107969137;1;1394430904;|16036|161125
kendo.uniform.min.css;2781496698;1;1394430904;|16035|161124
