SCMBranch=USR-717
SCMRepository=User Interface/Task Time Tracker/Web/app/BM/DayCare/services
SCMMainlineUUID={6a359bb0-6131-417f-b48a-3113b3a22182}
SCMBranchRepositoryID=31518
scheduleStateService.js;1307312133;1;1419542772;|34114|290566
activityService.js;1086930471;1;1428690963;|35649|4294967295
applicationRoleService.js;2962759606;1;1428690961;|35650|4294967295
acivitySubTypeService.js;3519985326;2;1429073100;|35648|300657
accidentPlaceService.js;1997433935;2;1430706965;|35559|302436
accidentReportService.js;3220857380;2;1430706965;|35647|302664
activitySubTypeService.js;1302085545;2;1430706965;|35737|302665
activityTypeService.js;3698943733;4;1430706979;|35601|302666
bathRoomService.js;3664767851;3;1430706979;|35651|302667
commentService.js;1247051920;4;1430706979;|35652|302668
diaperStatusService.js;1547542690;5;1430706979;|35600|302669
discountService.js;2177947526;2;1430706979;|36048|302443
eventTypeService.js;4037835816;5;1430706979;|35598|302670
paymentMethodService.js;3277239006;2;1430706979;|36049|302450
eventSubTypeService.js;3114215922;1;1434339128;|38795|309058
mealDetailService.js;3648380054;4;1434428096;|35948|310281
mealService.js;3341509407;4;1434428096;|35947|310282
mealTypeService.js;2212536435;6;1434428096;|35602|310283
needItemService.js;4153773606;6;1434428096;|35599|310284
NonStdEntityServiceGenerator.cs;1566315191;2;1434428096;|38794|310174
sickReportService.js;3276271585;4;1434428096;|35945|310286
sleepService.js;1529796687;4;1434428096;|35949|310287
studentService.js;2449028108;4;1434428096;|35974|310288
teacherService.js;1684280989;4;1434428096;|35973|310289
tuitionService.js;1850785121;4;1434428096;|35946|310290
foodTypeService.js;951456377;7;1436761795;|35597|313797
courseService.js;3273005051;1;1437366654;|39217|317133
departmentService.js;2894492613;1;1437366654;|39207|317107
registrationService.js;2149755568;1;1437366654;|39218|317134
NonStdEntityServiceGenerator.tt;3893137808;5;1437968809;|38796|320389
scheduleService.js;645021936;1;1450840083;|40999|339046
ServiceGenerator.cs;1566315191;2;1450840083;|35560|339308
ServiceGenerator.tt;1110238588;11;1450840083;|35558|339329
