SCMBranch=USR-717
SCMRepository=User Interface/Task Time Tracker/Web/Scripts/ui-grid
SCMMainlineUUID={6a359bb0-6131-417f-b48a-3113b3a22182}
SCMBranchRepositoryID=32524
ui-grid.css;4155775078;1;1421818180;|35114|294917
ui-grid.eot;2403611080;1;1421818180;|35113|294916
ui-grid.js;2918680329;1;1421818180;|35115|294918
ui-grid.min.css;1258307663;1;1421818180;|35107|294910
ui-grid.min.js;3455523730;1;1421818180;|35108|294911
ui-grid.svg;4244578958;1;1421818180;|35109|294912
ui-grid.ttf;3842337083;1;1421818180;|35110|294913
ui-grid.woff;2514338355;1;1421818180;|35111|294914
verision.info;1308168992;1;1421818180;|35112|294915
