SCMBranch=USR-717
SCMRepository=User Interface/Task Time Tracker/Web/Prototype/Kendo/web/splitter
SCMMainlineUUID={6a359bb0-6131-417f-b48a-3113b3a22182}
SCMBranchRepositoryID=19198
ajax.html;3842707066;3;1406516551;|14265|221461
api.html;85731;3;1406516551;|14264|221462
events.html;2917365766;3;1406516551;|14259|221463
index.html;2566024089;3;1406516551;|14263|221464
mvvm.html;389455629;3;1406516551;|14262|221465
navigation.html;1563376642;3;1406516551;|14261|221466
rtl.html;2552252145;3;1406516551;|14260|221467
