SCMBranch=USR-717
SCMRepository=User Interface/Task Time Tracker/Web/MA/AuthenticationAndAuthorization/ApplicationUserTitle
SCMMainlineUUID={6a359bb0-6131-417f-b48a-3113b3a22182}
SCMBranchRepositoryID=30798
Clone.aspx.cs;811914648;1;1418613673;|33419|285997
Clone.aspx.designer.cs;47883502;1;1418613673;|33405|285983
Delete.aspx.cs;4134968996;1;1418613673;|33395|285973
Delete.aspx.designer.cs;1842038810;1;1418613673;|33396|285974
Export.aspx;2845628430;1;1418613673;|33418|285996
Export.aspx.cs;636986667;1;1418613673;|33408|285986
Export.aspx.designer.cs;3065729377;1;1418613673;|33410|285988
InlineUpdate.aspx;814205125;1;1418613673;|33391|285969
InlineUpdate.aspx.designer.cs;3084974722;1;1418613673;|33412|285990
Insert.aspx.cs;3836524598;1;1418613673;|33413|285991
Insert.aspx.designer.cs;1985736213;1;1418613673;|33414|285992
RenumberData.aspx;2133107908;1;1418613673;|33393|285971
RenumberData.aspx.designer.cs;523507779;1;1418613673;|33416|285994
Update.aspx.cs;174560695;1;1418613673;|33417|285995
Clone.aspx;2796629893;2;1418839025;|33407|289959
Delete.aspx;4200919682;2;1418839035;|33399|289961
Insert.aspx;1835524726;2;1418839035;|33392|289963
Update.aspx.designer.cs;2947415139;2;1428633518;|33409|299871
Details.aspx;3104814986;4;1440127915;|33390|327075
Details.aspx.cs;1336689219;2;1440127915;|33397|327076
Details.aspx.designer.cs;3440854878;2;1440127915;|33398|327077
Update.aspx;1744162392;5;1440127915;|33394|327078
CommonUpdate.aspx;714937375;2;1462161207;|33406|346136
CommonUpdate.aspx.cs;2028700940;2;1462161207;|33404|346137
CommonUpdate.aspx.designer.cs;3329699225;2;1462161207;|33403|346138
Default.aspx;4187960361;3;1462161207;|33400|346139
Default.aspx.cs;4135176571;2;1462161207;|33402|346140
Default.aspx.designer.cs;2941976441;2;1462161207;|33401|346141
UI_Pages.cs;1309701801;1;1462161207;|41525|346084
UI_Pages.tt;3284725452;1;1462161207;|41524|346083
InlineUpdate.aspx.cs;2200998323;2;1464838864;|33411|349215
RenumberData.aspx.cs;1457378673;7;1493092262;|33415|357832
