SCMBranch=USR-717
SCMRepository=User Interface/Task Time Tracker/Web/ckeditor/plugins/forms/dialogs
SCMMainlineUUID={6a359bb0-6131-417f-b48a-3113b3a22182}
SCMBranchRepositoryID=9795
button.js;4122208133;1;1394430780;|4492|11279
checkbox.js;460320453;1;1394430780;|4493|11280
form.js;2018331349;1;1394430780;|4494|11281
hiddenfield.js;3665028589;1;1394430780;|4495|11282
radio.js;2453619811;1;1394430780;|4496|11283
select.js;2781966765;1;1394430780;|4497|11284
textarea.js;2269781106;1;1394430780;|4498|11285
textfield.js;3408074977;1;1394430780;|4499|11286
