SCMBranch=USR-717
SCMRepository=User Interface/Task Time Tracker/Web/Shared/ApplicationManagement/HelpPageContext/Controls
SCMMainlineUUID={6a359bb0-6131-417f-b48a-3113b3a22182}
SCMBranchRepositoryID=10741
Details.ascx.designer.cs;1056457763;2;1394430867;|5272|154930
Generic.ascx.designer.cs;316505647;1;1394430867;|5274|15798
List.ascx.designer.cs;4204471757;1;1394430867;|5269|15793
SearchFilter.ascx.designer.cs;760347825;6;1394430867;|5267|80767
Validation.xml;3687457457;1;1394430868;|5279|15803
Generic.ascx;941752937;5;1401244931;|5276|193782
List.ascx;1578550692;2;1401244931;|5277|193783
Details.ascx;2683613377;6;1401678839;|5275|200341
SearchFilter.ascx;579817042;17;1406825965;|5278|223254
Generic.ascx.cs;2189885078;14;1408591362;|5271|227793
List.ascx.cs;2129231346;8;1408591362;|5270|227794
Details.ascx.cs;2887073188;12;1410146591;|5273|247847
SearchFilter.ascx.cs;1624067709;21;1410146591;|5268|250630
