SCMBranch=USR-717
SCMRepository=User Interface/Task Time Tracker/Web/Styles/Kendo/Default
SCMMainlineUUID={6a359bb0-6131-417f-b48a-3113b3a22182}
SCMBranchRepositoryID=19216
editor.png;282092632;1;1394430904;|16111|161200
imagebrowser.png;2271792989;1;1394430904;|16110|161199
indeterminate.gif;1927192935;1;1394430904;|16109|161198
loading-image.gif;4058128588;1;1394430904;|16108|161197
loading.gif;2248019969;1;1394430904;|16107|161196
loading_2x.gif;2614234483;1;1394430904;|16117|161206
markers.png;2343239309;1;1394430904;|16112|161201
markers_2x.png;3799705784;1;1394430904;|16113|161202
slider-h.gif;2013531871;1;1394430904;|16114|161203
slider-v.gif;1695425416;1;1394430904;|16118|161207
sprite.png;3707716892;1;1394430904;|16115|161204
sprite_2x.png;3580415314;1;1394430904;|16116|161205
