SCMBranch=USR-717
SCMRepository=User Interface/Task Time Tracker/Web/Shared/Configuration/ThemeKey
SCMMainlineUUID={6a359bb0-6131-417f-b48a-3113b3a22182}
SCMBranchRepositoryID=14799
Clone.aspx.cs;2626811495;2;1394430884;|10584|135389
Details.aspx.cs;2807008467;2;1394430884;|10577|135398
Export.aspx;2440434954;2;1394430884;|10588|135400
Export.aspx.designer.cs;2352044620;3;1394430884;|10569|154989
Insert.aspx.cs;3883567540;2;1394430884;|10575|135404
Search.aspx;1716954162;1;1394430884;|10586|134815
Search.aspx.cs;4054274386;1;1394430884;|10571|134800
Search.aspx.designer.cs;2720633538;1;1394430884;|10572|134801
Update.aspx.cs;237853877;2;1394430884;|10573|135407
Default.aspx.cs;601697743;7;1408591366;|10581|228517
Default.aspx;3435563904;4;1408639052;|10582|232662
Clone.aspx;3543654808;5;1410146600;|10576|243273
Clone.aspx.designer.cs;95346781;3;1410146600;|10583|243274
CommonUpdate.aspx;4063681862;3;1410146600;|17828|243275
CommonUpdate.aspx.designer.cs;440562145;2;1410146600;|17830|243276
Default.aspx.designer.cs;3081312556;3;1410146601;|10580|238789
Delete.aspx;309949552;6;1410146601;|10590|243277
Delete.aspx.designer.cs;717291726;3;1410146601;|10578|243278
Details.aspx;4156515634;5;1410146601;|10589|243279
Details.aspx.designer.cs;5022458;3;1410146601;|10568|243280
Export.aspx.cs;1172086985;10;1410146601;|10567|245867
InlineUpdate.aspx;1648455274;3;1410146601;|18055|243281
InlineUpdate.aspx.designer.cs;154774790;2;1410146601;|18054|243282
Update.aspx;2590742402;5;1410146601;|10585|243285
Update.aspx.designer.cs;3941139299;3;1410146601;|10574|243286
CommonUpdate.aspx.cs;3172568385;6;1415243834;|17829|275024
Delete.aspx.cs;290403628;9;1415243834;|10579|275026
InlineUpdate.aspx.cs;2953258164;6;1415243834;|18053|275027
Insert.aspx;91185170;6;1415243834;|10587|275028
Insert.aspx.designer.cs;3802959978;4;1415243834;|10570|275029
