SCMBranch=USR-717
SCMRepository=User Interface/Task Time Tracker/Web/app/core/views
SCMMainlineUUID={6a359bb0-6131-417f-b48a-3113b3a22182}
SCMBranchRepositoryID=27201
login.html;1796326400;1;1410186234;|22829|251166
logout.html;17864673;1;1410186234;|22828|251165
main.html;870551701;3;1411401271;|22827|253397
general-detail.html;437925457;2;1421818088;|26114|294932
general-save.html;3988335436;2;1421818088;|26115|294934
Nav.aspx.cs;2703027282;1;1421896841;|35164|295242
Nav.aspx.designer.cs;919682866;1;1421896841;|35165|295243
Nav.aspx;237367291;2;1422332779;|35166|295375
top-nav-btn.html;3052549732;1;1422882945;|35193|295832
nav-menu-language.html;761546811;1;1433221006;|36444|304532
nav-menu-location.html;287983728;1;1433221006;|36445|304533
nav-menu-user.html;3716957814;1;1433221006;|36446|304534
general-list-table.html;928260201;9;1435817298;|35191|312599
general-list.html;1437228231;7;1436422415;|26113|313293
application-list.html;2852509601;7;1437366654;|35214|317352
nav.html;2733410632;23;1471231071;|22830|354050
navAA.html;3105335168;3;1471231071;|38808|353896
