SCMBranch=USR-717
SCMRepository=User Interface/Task Time Tracker/Web/Shared/Configuration/ApplicationRoute
SCMMainlineUUID={6a359bb0-6131-417f-b48a-3113b3a22182}
SCMBranchRepositoryID=13153
Validation.xml;3687457457;1;1373426853;|9113|72279
Clone.aspx.cs;3473003017;5;1394430875;|9194|107389
Insert.aspx.cs;1472193100;6;1394430875;|9182|107390
Settings.aspx.designer.cs;3754725370;2;1394430875;|9173|156260
Settings.aspx;197332953;3;1401678841;|9179|199244
CommonUpdate.aspx.cs;3956037175;10;1408591364;|9192|227804
Default.aspx.cs;1679074754;11;1408591364;|9190|229671
InlineUpdate.aspx.cs;2661075191;10;1408591364;|9184|227807
Default.aspx;673103974;5;1408639051;|9174|233803
Clone.aspx;2621474813;4;1410146595;|9191|243031
Clone.aspx.designer.cs;1881394184;2;1410146595;|9193|243032
CommonUpdate.aspx;13519600;4;1410146595;|9195|243033
CommonUpdate.aspx.designer.cs;601123226;2;1410146595;|9189|243034
Default.aspx.designer.cs;2735840548;4;1410146595;|9172|250726
Delete.aspx;140147116;5;1410146595;|9175|243035
Delete.aspx.designer.cs;1754966590;2;1410146595;|9187|243036
Details.aspx;3218925992;5;1410146596;|9176|243037
Details.aspx.cs;4201362608;6;1410146596;|9186|248794
Details.aspx.designer.cs;3565448706;2;1410146596;|9185|243038
InlineUpdate.aspx.designer.cs;846811345;3;1410146596;|9183|243040
Insert.aspx;2458980964;4;1410146596;|9178|243041
Insert.aspx.designer.cs;346231871;2;1410146596;|9181|243042
Settings.aspx.cs;796941020;2;1410146596;|9180|248795
Update.aspx;2328606768;4;1410146596;|9128|243043
Update.aspx.cs;325960834;7;1410146596;|9126|238434
Update.aspx.designer.cs;4093480299;2;1410146596;|9127|243044
InlineUpdate.aspx;147501129;6;1413570716;|9177|272235
Delete.aspx.cs;2640276204;11;1414437912;|9188|273830
