SCMBranch=USR-717
SCMRepository=User Interface/Task Time Tracker/Web/Styles/Kendo/Flat
SCMMainlineUUID={6a359bb0-6131-417f-b48a-3113b3a22182}
SCMBranchRepositoryID=19217
editor.png;3050983162;1;1394430904;|16120|161209
imagebrowser.png;2453973480;1;1394430904;|16121|161210
indeterminate.gif;1855455558;1;1394430904;|16122|161211
loading-image.gif;881439572;1;1394430904;|16123|161212
loading.gif;180186954;1;1394430904;|16124|161213
loading_2x.gif;2625891727;1;1394430904;|16125|161214
markers.png;820356246;1;1394430904;|16126|161215
markers_2x.png;573722720;1;1394430904;|16119|161208
slider-h.gif;369607858;1;1394430904;|16130|161219
slider-v.gif;1533157761;1;1394430904;|16127|161216
sprite.png;2817580545;1;1394430904;|16128|161217
sprite_2x.png;3087098457;1;1394430905;|16129|161218
