SCMBranch=USR-717
SCMRepository=User Interface/Task Time Tracker/Web/Prototype/Kendo/dataviz/line-charts
SCMMainlineUUID={6a359bb0-6131-417f-b48a-3113b3a22182}
SCMBranchRepositoryID=19142
date-axis.html;1141103310;3;1406516546;|13943|221142
error-bars.html;1572079773;3;1406516546;|13944|221143
grouped-data.html;2813148721;3;1406516546;|13945|221144
index.html;1656576329;3;1406516546;|13946|221145
local-data.html;2095857510;3;1406516546;|13947|221146
multiple-axes.html;1418176524;3;1406516546;|13949|221147
mvvm.html;3775815660;3;1406516546;|13948|221148
notes.html;3553583010;3;1406516546;|13941|221149
remote-data.html;1465270905;3;1406516546;|13940|221150
smooth-line.html;2454914542;3;1406516546;|13939|221151
stacked-line.html;2728160678;3;1406516546;|13938|221152
step-line.html;1391856648;3;1406516546;|13942|221153
