SCMBranch=USR-717
SCMRepository=User Interface/Task Time Tracker/Web/Scripts
SCMMainlineUUID={6a359bb0-6131-417f-b48a-3113b3a22182}
SCMBranchRepositoryID=5488
jquery-1.4.1-vsdoc.js;3412930533;1;1358749072;|989|989
jquery-1.4.1.js;3181058336;1;1358749072;|986|986
jquery-1.4.1.min.js;2927556551;1;1358749072;|987|987
jquery-1.4.2.min.js;2178311832;1;1358749072;|985|985
jquery-1.7.1.min.js;2629310001;1;1376450363;|9553|78244
jquery-2.0.3.intellisense.js;3565611067;1;1384715733;|11477|143613
jquery-2.0.3.js;3926120970;1;1384715733;|11476|143612
jquery-2.0.3.min.js;1770364434;1;1384715733;|11475|143611
jquery-2.0.3.min.map;926364993;1;1384715733;|11474|143610
modernizr-2.6.2.js;252225471;1;1384715734;|11466|143602
jquery-ui-1.10.3.js;3302806538;1;1389132791;|14319|159408
jquery-ui-1.10.3.min.js;219713576;1;1389132791;|14320|159409
d3.v3.js;3134250280;1;1394430833;|16533|164952
d3.v3.min.js;2059710120;1;1394430833;|16532|164951
jquery-2.1.0.intellisense.js;3565611067;1;1394430833;|17210|166242
jquery-2.1.0.js;2428525238;1;1394430833;|17207|166239
jquery-2.1.0.min.js;1594395508;1;1394430833;|17211|166243
jquery-2.1.0.min.map;3582627558;1;1394430833;|17212|166244
jquery-ui-1.10.4.js;1052599846;1;1394430833;|17209|166241
jquery-ui-1.10.4.min.js;2809852646;1;1394430834;|17208|166240
jquery.fancybox.js;2491274806;1;1394430834;|8736|60578
jquery.fancybox.pack.js;3755773425;1;1394430834;|8735|60577
jquery.fixedMenu.js;3230512256;1;1394430834;|988|988
jquery.jcarousel.js;3580840715;1;1394430834;|11685|150991
jquery.signalR-2.0.2.js;549601757;2;1394430834;|16585|178749
jquery.signalR-2.0.2.min.js;3144448584;1;1394430834;|16584|165056
jquery.sortable.js;1261072636;1;1394430834;|11579|149498
jquery.sortable.min.js;786220351;1;1394430834;|11580|149499
modernizr-2.7.1.js;2042385569;1;1394430834;|14318|159407
ListControl.js;11254224;2;1398361588;|16301|187835
bootstrap.js;629751118;2;1404104697;|16543|206989
bootstrap.min.js;3456622613;2;1404104697;|16542|206990
d3.js;248510830;1;1404104698;|18821|206912
d3.min.js;3078106254;1;1404104698;|18820|206911
jquery-2.1.1.intellisense.js;3565611067;1;1404104698;|18819|206910
jquery-2.1.1.js;3710332957;1;1404104698;|18818|206909
jquery-2.1.1.min.js;2539289888;1;1404104698;|18817|206908
jquery-2.1.1.min.map;3106633626;1;1404104785;|18816|206907
modernizr-2.7.2.js;1578470940;1;1404104785;|18822|206913
jquery.unobtrusive-ajax.js;3435648775;3;1406516557;|11473|222027
jquery.unobtrusive-ajax.min.js;78830491;3;1406516557;|11472|222028
jquery.validate.unobtrusive.js;706863110;3;1406516557;|11468|222032
jquery.validate.unobtrusive.min.js;460753133;3;1406516557;|11467|222033
jquery-ui-1.11.1.js;2737214366;1;1410146567;|20914|243745
jquery-ui.min-1.11.1.js;2127943353;1;1410146567;|20915|243746
jquery.signalR-2.1.1.js;3277933892;1;1410146567;|20916|243747
jquery.signalR-2.1.1.min.js;1444305120;1;1410146567;|20917|243748
modernizr-2.8.3.js;4248633860;1;1410146567;|20913|243744
underscore.js;3104202517;1;1410186246;|22884|251221
underscore.min.js;4244661113;1;1410186246;|22885|251222
underscore.min.map;401274257;1;1410186246;|22883|251220
angular-markdown.js;795610397;1;1410795667;|24259|252753
json2.js;785847805;1;1410795667;|24199|252619
ng-grid.js;3265437347;1;1410795667;|24200|252620
ng-grid.min.js;272608916;1;1410795667;|24201|252621
numeral.filter.js;2125494179;1;1410795667;|24202|252622
numeral.js;838883958;1;1410795667;|24198|252618
numeral.min.js;1996462319;1;1410795667;|24197|252617
select2.js;4000567021;1;1410795667;|24203|252623
select2.min.js;3780709117;1;1410795667;|24195|252615
select2.ui.js;4110744695;1;1410795667;|24196|252616
sortable.js;1952164194;1;1410795667;|24194|252614
DateScript.js;530285855;2;1413170137;|9810|263644
angular-animate.js;3629738765;6;1420426975;|16644|292557
angular-animate.min.js;2513180286;6;1420426976;|16643|292558
angular-animate.min.js.map;616726957;4;1420426976;|16645|292559
angular-aria.js;1235889342;1;1420426976;|34123|291765
angular-aria.min.js;3352867581;1;1420426976;|34124|291766
angular-aria.min.js.map;3944609852;1;1420426976;|34125|291767
angular-cookies.js;240639701;6;1420426976;|16618|292560
angular-cookies.min.js;373376577;6;1420426976;|16619|292561
angular-cookies.min.js.map;3669780712;3;1420426976;|16620|292562
angular-csp.css;2020608243;4;1420426976;|16621|292563
angular-loader.js;2560186166;6;1420426976;|16622|292564
angular-loader.min.js;803970764;6;1420426976;|16623|292565
angular-loader.min.js.map;1661292404;5;1420426976;|16624|292566
angular-messages.js;2614105848;1;1420426976;|34126|291768
angular-messages.min.js;3246601426;1;1420426976;|34127|291769
angular-messages.min.js.map;3197040407;1;1420426976;|34128|291770
angular-mocks.js;1481333585;6;1420426976;|16625|292567
angular-resource.js;2640280009;6;1420426976;|16626|292568
angular-resource.min.js;2902375989;6;1420426976;|16627|292569
angular-resource.min.js.map;149743378;6;1420426976;|16628|292570
angular-route.js;440116174;6;1420426976;|16629|292571
angular-route.min.js;703022074;6;1420426976;|16630|292572
angular-route.min.js.map;2280722396;6;1420426976;|16631|292573
angular-sanitize.js;1312005689;6;1420426976;|16632|292574
angular-sanitize.min.js;1332285209;6;1420426976;|16633|292575
angular-sanitize.min.js.map;3582230968;5;1420426976;|16634|292576
angular-scenario.js;2659362591;6;1420426976;|16635|292577
angular-touch.js;2391824830;6;1420426976;|16636|292578
angular-touch.min.js;2952726787;6;1420426976;|16637|292579
angular-touch.min.js.map;549001539;3;1420426976;|16638|292580
angular.js;3166237360;6;1420426977;|16639|292581
angular.min.js;4037820780;6;1420426977;|16640|292582
angular.min.js.map;2677394470;6;1420426983;|16641|292583
errors.json;3013192894;6;1420426983;|16642|292584
jquery-2.1.3.intellisense.js;3565611067;1;1420426983;|34134|291984
jquery-2.1.3.js;3010068744;1;1420426983;|34135|291985
jquery-2.1.3.min.js;163504655;1;1420426983;|34136|291986
jquery-2.1.3.min.map;2312149083;1;1420426983;|34137|291987
jquery-ui-1.11.2.js;1010147250;1;1420426983;|34138|291988
jquery-ui-1.11.2.min.js;3974160953;1;1420426983;|34139|291989
jquery.validate-vsdoc.js;3940833960;4;1420426983;|11471|293309
jquery.validate.js;3877765450;4;1420426983;|11470|293310
jquery.validate.min.js;748536130;4;1420426983;|11469|293311
moment-with-locales.js;2324496255;3;1420426983;|22557|293312
moment-with-locales.min.js;625429429;3;1420426983;|22558|293313
moment.js;2044748401;3;1420426983;|22560|293314
moment.min.js;568561602;3;1420426983;|22559|293315
version.json;63539802;5;1420426983;|17586|293316
jquery-2.1.4.intellisense.js;3565611067;1;1437968853;|39378|320480
jquery-2.1.4.js;2612618215;1;1437968853;|39380|320482
jquery-2.1.4.min.js;4183198562;1;1437968853;|39379|320481
jquery-2.1.4.min.map;2205083594;1;1437968853;|39377|320479
jquery.signalR-2.2.0.js;998134229;1;1437968853;|39376|320478
jquery.signalR-2.2.0.min.js;745518133;1;1437968853;|39375|320477
SearchControl.js;997151972;6;1470648814;|17791|353788
DetailTab.js;4132079237;5;1473996522;|20045|355594
