SCMBranch=USR-717
SCMRepository=User Interface/Task Time Tracker/Web/Shared/Admin/FileType/Controls
SCMMainlineUUID={6a359bb0-6131-417f-b48a-3113b3a22182}
SCMBranchRepositoryID=5507
Details.ascx.designer.cs;264182869;3;1394430859;|1208|154623
Generic.ascx.designer.cs;2574039807;4;1394430859;|1210|132049
List.ascx.designer.cs;2316419239;1;1394430859;|1213|7412
Validation.xml;3009378932;1;1394430860;|1216|1216
Generic.ascx;1682002953;7;1401244929;|1212|193386
List.ascx;1044547750;2;1401244929;|1219|193387
Details.ascx;2570570588;5;1401678838;|1214|200139
SearchFilter.ascx;1216004860;15;1406178031;|1215|220124
SearchFilter.ascx.cs;3405417550;15;1407174379;|1218|223696
List.ascx.cs;4266190672;6;1409070498;|1211|234549
Details.ascx.cs;1580411279;12;1413170137;|1207|260978
SearchFilter.ascx.designer.cs;448706424;11;1413170137;|1217|266360
Generic.ascx.cs;2030427610;15;1469426662;|1209|351679
