SCMBranch=USR-717
SCMRepository=User Interface/Task Time Tracker/Web/Shared/Admin/TimeZone/Controls
SCMMainlineUUID={6a359bb0-6131-417f-b48a-3113b3a22182}
SCMBranchRepositoryID=5528
Details.ascx.designer.cs;1951582252;3;1394430864;|1492|154645
Generic.ascx.designer.cs;4154068209;2;1394430864;|1494|10357
List.ascx.designer.cs;225991622;1;1394430864;|1496|1496
SearchFilter.ascx.designer.cs;2154186439;7;1394430864;|1498|80726
Validation.xml;1176971660;1;1394430864;|1490|1490
Generic.ascx;2299669997;6;1401244930;|1499|193427
List.ascx;1183475238;2;1401244930;|1488|193428
Details.ascx;1953257465;7;1401678839;|1487|200153
SearchFilter.ascx.cs;2973755705;14;1405911744;|1497|215472
SearchFilter.ascx;1506320630;15;1406825965;|1489|223245
Details.ascx.cs;2358868004;10;1408591358;|1491|228434
List.ascx.cs;4220512650;6;1408591361;|1495|228436
Generic.ascx.cs;1185239778;14;1446697356;|1493|334436
