SCMBranch=USR-717
SCMRepository=User Interface/Task Time Tracker/Web/MS/TasksAndWorkflow/TaskEntity/Controls
SCMMainlineUUID={6a359bb0-6131-417f-b48a-3113b3a22182}
SCMBranchRepositoryID=30826
Details.ascx;2776504498;1;1418613676;|33891|286469
Details.ascx.cs;829765735;1;1418613676;|33901|286479
Details.ascx.designer.cs;1752323205;1;1418613676;|33900|286478
Generic.ascx;3486206651;1;1418613676;|33892|286470
Generic.ascx.designer.cs;2037569444;1;1418613676;|33898|286476
List.ascx;948093751;1;1418613676;|33893|286471
List.ascx.cs;1137581143;1;1418613676;|33897|286475
List.ascx.designer.cs;3482897494;1;1418613676;|33896|286474
SearchFilter.ascx.designer.cs;2940958851;1;1418613676;|33890|286468
Validation.xml;3270313033;1;1418613676;|33895|286473
SearchFilter.ascx;2361760039;2;1422882971;|33894|295761
Generic.ascx.cs;297006263;3;1469426650;|33899|352136
SearchFilter.ascx.cs;178686090;2;1469426650;|33902|352137
