SCMBranch=USR-717
SCMRepository=User Interface/Task Time Tracker/Web/Shared/QualityAssurance/ModuleOwner
SCMMainlineUUID={6a359bb0-6131-417f-b48a-3113b3a22182}
SCMBranchRepositoryID=12142
Clone.aspx.cs;3048857495;6;1394430901;|6859|107971
Clone.aspx.designer.cs;538721199;2;1394430901;|6858|58899
CommonUpdate.aspx.designer.cs;440358916;1;1394430901;|9353|73457
Delete.aspx.designer.cs;2147700916;2;1394430902;|6868|58905
Details.aspx.cs;122871211;8;1394430902;|6867|120272
Details.aspx.designer.cs;488771814;3;1394430902;|6866|108144
Export.aspx;723223209;2;1394430902;|6878|118939
Export.aspx.cs;821411588;5;1394430902;|6865|155062
Export.aspx.designer.cs;1445672547;2;1394430902;|6872|155063
InlineUpdate.aspx.designer.cs;990132071;1;1394430902;|9355|73459
Insert.aspx.cs;1152360243;6;1394430902;|6874|107972
Insert.aspx.designer.cs;1702310376;2;1394430902;|6875|58911
Update.aspx.cs;1880583941;12;1394430902;|6876|107973
Update.aspx.designer.cs;3632677180;2;1394430902;|6877|58914
CommonUpdate.aspx.cs;3599498800;8;1395688974;|9352|184020
InlineUpdate.aspx.cs;3900832890;7;1400086236;|9354|188941
Default.aspx.designer.cs;607778144;7;1400469284;|6861|189475
Clone.aspx;3946972695;4;1401678847;|6864|199514
CommonUpdate.aspx;3990851679;3;1401678847;|9357|199515
Delete.aspx;626955681;5;1401678847;|6871|199516
Details.aspx;2731138694;5;1401678847;|6873|199517
InlineUpdate.aspx;1047707106;3;1401678847;|9356|199518
Insert.aspx;579068417;4;1401678847;|6863|199519
Update.aspx;163464095;4;1401678849;|6862|199520
Default.aspx;776631466;15;1403281457;|6870|204591
Default.aspx.cs;3111386702;26;1404236648;|6860|209704
Delete.aspx.cs;3358153599;9;1404236648;|6869|209342
