SCMBranch=USR-717
SCMRepository=User Interface/Task Time Tracker/Web/Prototype/Kendo/dataviz/scatter-charts
SCMMainlineUUID={6a359bb0-6131-417f-b48a-3113b3a22182}
SCMBranchRepositoryID=19150
date-axis.html;1978637492;3;1406516546;|13984|221187
grouped-data.html;4245753833;3;1406516546;|13985|221188
index.html;4187323312;3;1406516546;|13986|221189
local-data.html;753638840;3;1406516546;|13991|221190
multiple-axes.html;320878792;3;1406516546;|13990|221191
mvvm.html;2699905486;3;1406516546;|13989|221192
pan-and-zoom.html;4232475234;3;1406516546;|13988|221193
remote-data.html;3687028638;3;1406516546;|13987|221194
scatter-line.html;3785462989;3;1406516546;|13983|221195
smooth-scatter-line.html;1870957487;3;1406516546;|13992|221196
