SCMBranch=USR-717
SCMRepository=User Interface/Task Time Tracker/Web/Shared/Configuration/FieldConfigurationMode/Controls
SCMMainlineUUID={6a359bb0-6131-417f-b48a-3113b3a22182}
SCMBranchRepositoryID=12655
DynSearchFilter.ascx.designer.cs;1503837161;2;1377055532;|9576|80293
DynSearchFilter.ascx;3159039311;3;1377487295;|9578|81337
DynSearchFilter.ascx.cs;226112350;4;1379586525;|9577|103969
Details.ascx.designer.cs;2525093920;2;1394430877;|8165|155238
List.ascx.designer.cs;4207450452;1;1394430877;|8169|28631
Validation.xml;2130932709;1;1394430877;|8172|28634
List.ascx;1463289742;2;1401244934;|8162|195550
Details.ascx;3266214246;5;1401678842;|8173|201785
SearchFilter.ascx;4183607347;16;1406172427;|8163|219866
Generic.ascx.cs;1810252571;11;1409070503;|8166|237519
List.ascx.cs;3227652275;8;1410146597;|8168|250773
Generic.ascx;2409898922;5;1412565124;|8161|256072
Generic.ascx.designer.cs;1078319114;2;1412565124;|8167|256073
Details.ascx.cs;2055740408;12;1413170142;|8164|267351
SearchFilter.ascx.cs;4000729793;15;1413170142;|8170|267352
SearchFilter.ascx.designer.cs;1878251059;9;1413170142;|8171|267353
