SCMBranch=USR-717
SCMRepository=User Interface/Task Time Tracker/Web/Shared/ApplicationDevelopment/FunctionalityImageAttribute
SCMMainlineUUID={6a359bb0-6131-417f-b48a-3113b3a22182}
SCMBranchRepositoryID=22782
Clone.aspx.cs;144837545;2;1406094028;|19645|219232
Details.aspx.cs;1053502288;2;1406094028;|19638|219244
Insert.aspx.cs;2633295969;2;1406094028;|19654|219250
Update.aspx.cs;173350563;2;1406094028;|19656|219253
CommonUpdate.aspx.cs;3141131198;3;1408379788;|19647|225997
Default.aspx.cs;1345475514;4;1408379788;|19644|225998
InlineUpdate.aspx.cs;10126684;3;1408379788;|19652|226000
Default.aspx;3401974303;4;1408639048;|19640|232622
Default.aspx.designer.cs;2968140480;3;1408639048;|19643|232623
Clone.aspx;1256854163;3;1410146588;|19649|242787
Clone.aspx.designer.cs;1044718657;3;1410146588;|19658|242788
CommonUpdate.aspx;2436631899;3;1410146588;|19648|242789
CommonUpdate.aspx.designer.cs;2593125712;3;1410146588;|19646|242790
Delete.aspx;327679595;3;1410146588;|19639|242791
Delete.aspx.designer.cs;868922711;3;1410146588;|19641|242792
Details.aspx;3134183901;3;1410146588;|19635|242793
Details.aspx.designer.cs;3153635108;3;1410146588;|19651|242794
InlineUpdate.aspx;2049582125;3;1410146588;|19636|242795
InlineUpdate.aspx.designer.cs;1458589541;3;1410146588;|19653|242796
Insert.aspx;2028545313;3;1410146588;|19637|242797
Insert.aspx.designer.cs;3120473269;3;1410146588;|19655|242798
Update.aspx;2394308050;3;1410146588;|19650|242799
Update.aspx.designer.cs;867954038;3;1410146588;|19657|242800
Delete.aspx.cs;1214149276;5;1414376796;|19642|273365
