SCMBranch=USR-717
SCMRepository=User Interface/Task Time Tracker/Web/Configuration/SystemForeignRelationshipDatabase
SCMMainlineUUID={6a359bb0-6131-417f-b48a-3113b3a22182}
SCMBranchRepositoryID=29131
Clone.aspx.cs;489194953;1;1417403879;|28256|278840
Clone.aspx.designer.cs;3677615028;1;1417403879;|28255|278839
CommonUpdate.aspx;4108655571;1;1417403879;|28275|278859
CommonUpdate.aspx.designer.cs;114949881;1;1417403879;|28253|278837
Default.aspx.cs;1767643389;1;1417403879;|28257|278841
Default.aspx.designer.cs;1648806651;1;1417403879;|28258|278842
Delete.aspx.cs;4107569440;1;1417403879;|28259|278843
Delete.aspx.designer.cs;4279643830;1;1417403879;|28260|278844
Details.aspx;3393705056;1;1417403879;|28271|278855
Details.aspx.cs;49946002;1;1417403879;|28261|278845
Details.aspx.designer.cs;928104873;1;1417403879;|28262|278846
InlineUpdate.aspx;2200215657;1;1417403879;|28270|278854
InlineUpdate.aspx.designer.cs;1596432681;1;1417403879;|28264|278848
Insert.aspx.cs;1598060703;1;1417403879;|28265|278849
Insert.aspx.designer.cs;41553509;1;1417403879;|28274|278858
Update.aspx.cs;1716916944;1;1417403879;|28266|278850
Clone.aspx;2669081593;2;1417540916;|28263|280299
Default.aspx;776150374;2;1417540916;|28273|280300
Delete.aspx;3123983833;2;1417540916;|28272|280301
Insert.aspx;152039509;2;1417540916;|28269|280302
Update.aspx;1920587290;4;1428633516;|28268|299802
Update.aspx.designer.cs;3257409422;2;1428633516;|28267|299803
InlineUpdate.aspx.cs;3212723695;2;1464838855;|28276|349181
CommonUpdate.aspx.cs;433372952;3;1493092258;|28254|357803
