SCMBranch=USR-717
SCMRepository=User Interface/Task Time Tracker/Web/Prototype/Kendo/content/integration/sushi/images/200
SCMMainlineUUID={6a359bb0-6131-417f-b48a-3113b3a22182}
SCMBranchRepositoryID=19036
california-rolls.jpg;3135330480;1;1394430807;|13105|158194
chicken-teriyaki.jpg;2884853124;1;1394430807;|13104|158193
chirashi-sushi.jpg;3786988159;1;1394430807;|13103|158192
ebi-rolls.jpg;2018918928;1;1394430807;|13102|158191
edamame.jpg;2368586168;1;1394430807;|13113|158202
gohan.jpg;1549321575;1;1394430807;|13100|158189
hosomaki-mix.jpg;2312176201;1;1394430807;|13099|158188
maguro.jpg;4145558798;1;1394430807;|13097|158186
miso-soup.jpg;1607452429;1;1394430807;|13114|158203
salmon-teriyaki.jpg;1105495947;1;1394430807;|13112|158201
sashimi-salad.jpg;1146293688;1;1394430807;|13111|158200
seattle-rolls.jpg;4166534793;1;1394430807;|13110|158199
seaweed-salad.jpg;4250607400;1;1394430807;|13109|158198
shake.jpg;3165522173;1;1394430807;|13108|158197
shiromi.jpg;4110493548;1;1394430807;|13107|158196
spicytuna-rolls.jpg;2439550040;1;1394430807;|13101|158190
tekka-maki.jpg;473384297;1;1394430807;|13096|158185
tori-katsu.jpg;280004579;1;1394430807;|13106|158195
yaki-udon.jpg;1620293902;1;1394430807;|13098|158187
