SCMBranch=USR-717
SCMRepository=User Interface/Task Time Tracker/Web/Shared/Admin/BatchFileStatus
SCMMainlineUUID={6a359bb0-6131-417f-b48a-3113b3a22182}
SCMBranchRepositoryID=5502
Clone.aspx.cs;3495541341;7;1394430858;|1130|109657
Details.aspx.cs;2331645141;13;1394430858;|1120|120188
Export.aspx;982504377;2;1394430858;|1136|118791
Export.aspx.designer.cs;1163345294;2;1394430858;|1123|154617
Insert.aspx.cs;981564458;12;1394430858;|1124|109659
Update.aspx.cs;3207306539;13;1394430858;|1126|109660
Default.aspx;3508658590;9;1408639045;|1133|233495
Default.aspx.cs;3731693997;22;1409070497;|1128|237272
Clone.aspx;1169545894;6;1410146579;|1132|241386
Clone.aspx.designer.cs;2291878989;3;1410146579;|1129|241387
CommonUpdate.aspx;3030226984;4;1410146579;|8748|242537
CommonUpdate.aspx.designer.cs;2631060550;2;1410146579;|8745|242538
Default.aspx.designer.cs;182308099;5;1410146579;|1118|249915
Delete.aspx;495694006;8;1410146579;|1134|241388
Delete.aspx.designer.cs;2983911156;3;1410146579;|1119|241389
Details.aspx.designer.cs;776714721;3;1410146579;|1121|241391
Export.aspx.cs;4119894275;8;1410146579;|1122|245664
InlineUpdate.aspx;706243290;4;1410146579;|8743|242539
InlineUpdate.aspx.designer.cs;2459263852;2;1410146579;|8747|242540
Insert.aspx;706308875;7;1410146579;|1137|241392
Insert.aspx.designer.cs;539694707;3;1410146579;|1125|241393
Update.aspx.designer.cs;1952587258;3;1410146579;|1127|241395
Delete.aspx.cs;3977737176;16;1414005995;|1131|272703
Details.aspx;4091315413;9;1419542792;|1135|290571
Update.aspx;635912727;7;1419542792;|1138|290572
UI_Pages.cs;1309701801;1;1462161225;|41560|346658
UI_Pages.tt;1520453595;1;1462161225;|41561|346659
CommonUpdate.aspx.cs;888367242;11;1493092281;|8744|357854
InlineUpdate.aspx.cs;3203807473;14;1493092281;|8746|357855
