SCMBranch=USR-717
SCMRepository=User Interface/Task Time Tracker/Web/MS/TasksAndWorkflow/TaskRun
SCMMainlineUUID={6a359bb0-6131-417f-b48a-3113b3a22182}
SCMBranchRepositoryID=30829
CommonUpdate.aspx;1721770384;1;1418613677;|33955|286533
CommonUpdate.aspx.designer.cs;651040004;1;1418613677;|33957|286535
Export.aspx;742397747;1;1418613677;|33966|286544
Export.aspx.cs;587165114;1;1418613677;|33949|286527
Export.aspx.designer.cs;4111837879;1;1418613677;|33948|286526
InlineUpdate.aspx;1892125142;1;1418613677;|33965|286543
InlineUpdate.aspx.designer.cs;647978372;1;1418613677;|33946|286524
Settings.aspx;1855517489;1;1418613677;|33963|286541
Settings.aspx.cs;3710380706;1;1418613677;|33970|286548
Settings.aspx.designer.cs;710614463;1;1418613677;|33971|286549
Insert.aspx.designer.cs;1699932480;1;1418613677;|33975|286553
Update.aspx.designer.cs;629455921;1;1418613677;|33972|286550
Update.aspx.cs;1480279237;1;1418613677;|33974|286552
Insert.aspx.cs;1946262302;1;1418613677;|33953|286531
Details.aspx.designer.cs;945231395;1;1418613677;|33950|286528
Details.aspx.cs;2988009943;1;1418613677;|33951|286529
Delete.aspx.designer.cs;259540640;1;1418613677;|33952|286530
Delete.aspx.cs;3079011226;1;1418613677;|33973|286551
Default.aspx.designer.cs;2363405672;1;1418613677;|33954|286532
Default.aspx.cs;92895607;1;1418613677;|33956|286534
Clone.aspx.designer.cs;2557718792;1;1418613677;|33959|286537
Clone.aspx.cs;3239853427;1;1418613677;|33960|286538
Insert.aspx;211115595;2;1418760582;|33964|289208
Delete.aspx;1048831960;2;1418760563;|33968|289210
Default.aspx;916008971;2;1418760552;|33969|289211
Clone.aspx;3650249020;2;1418760544;|33961|289212
Details.aspx;1991946322;3;1419542792;|33967|290979
Update.aspx;3107222904;3;1419542792;|33962|290980
InlineUpdate.aspx.cs;2564199486;2;1464933980;|33947|349530
CommonUpdate.aspx.cs;501304251;3;1493092262;|33958|357843
