SCMBranch=USR-717
SCMRepository=User Interface/Task Time Tracker/Web/app/BM/DayCare/controllers/Gen/Detail
SCMMainlineUUID={6a359bb0-6131-417f-b48a-3113b3a22182}
SCMBranchRepositoryID=35726
detailScheduleCtrl.js;1445565849;1;1439350565;|40093|324804
WorkSchedules.cs;1566315191;1;1439350565;|40089|324800
detailCourseCtrl.js;462648863;1;1439869185;|40253|325817
detailDepartmentCtrl.js;2700533916;1;1439869185;|40254|325818
detailFoodTypeCtrl.js;1476446935;1;1439869185;|40246|325810
ReferenceData.cs;1566315191;1;1439869185;|40244|325808
Core.cs;1566315191;1;1450840082;|41004|339110
Core.tt;3879286491;1;1450840082;|41003|339109
detailScheduleDetailActivityCategoryCtrl.js;2375029269;2;1450840082;|40092|339088
detailScheduleDetailCtrl.js;3553951003;2;1450840082;|40091|339089
detailScheduleStateCtrl.js;3817363631;2;1450840082;|40090|339090
detailRegistrationCtrl.js;4002230256;2;1451535585;|40243|339931
Enrollment.cs;1566315191;1;1451535585;|41110|339854
detailVacationPlanCtrl.js;2467128590;1;1454649028;|41148|341884
VacationPlan.cs;1566315191;1;1454649028;|41149|341885
VacationPlan.tt;2094476464;1;1454649028;|41147|341883
WorkSchedules.tt;1813967444;3;1454667562;|40088|341982
Classes.cs;1566315191;1;1457064384;|41244|342874
detailClassInstanceCtrl.js;665399113;1;1457064384;|41246|342876
Classes.tt;2093449842;2;1457323678;|41245|342983
detailCourseInstanceCtrl.js;349555189;1;1457323678;|41268|342957
detailSubjectMatterCtrl.js;2648484912;1;1457323678;|41267|342956
detailAccidentPlaceCtrl.js;1969249324;2;1473219469;|41005|355184
detailAccidentReportCtrl.js;1782228063;2;1473219469;|41006|355185
detailactivitySubTypeCtrl.js;2570211261;4;1473219469;|40251|355186
detailactivityTypeCtrl.js;225785034;4;1473219469;|40252|355187
detailBathRoomCtrl.js;3440259407;2;1473219469;|41007|355188
detailCommentCtrl.js;3132581818;2;1473219469;|41015|355189
detaildiaperStatusCtrl.js;518656444;4;1473219469;|40249|355190
detaildiscountCtrl.js;2869415156;3;1473219469;|40248|355191
detaileventTypeCtrl.js;2254964099;3;1473219469;|40247|355192
detailMealCtrl.js;4272347210;2;1473219469;|41014|355193
detailMealDetailCtrl.js;996332939;2;1473219469;|41013|355194
detailmealTypeCtrl.js;575227325;4;1473219469;|40245|355195
detailneedItemCtrl.js;3494321118;3;1473219469;|40242|355196
detailpaymentMethodCtrl.js;855549021;3;1473219469;|40241|355197
detailSickReportCtrl.js;1631956599;2;1473219469;|41012|355198
detailSleepCtrl.js;1606984729;2;1473219469;|41011|355199
detailStudentCtrl.js;3139081135;2;1473219469;|41010|355200
detailTeacherCtrl.js;1815192985;2;1473219469;|41009|355201
detailTuitionCtrl.js;1996894448;2;1473219469;|41008|355202
Enrollment.tt;2875228718;2;1473219469;|41109|355203
ReferenceData.tt;3485485366;4;1473219469;|40250|355204
Users.cs;1566315191;1;1473219469;|41724|355060
Users.tt;3961382984;1;1473219469;|41723|355059
