SCMBranch=USR-717
SCMRepository=User Interface/Task Time Tracker/Web/Controls/EntityDateRangeStateType
SCMMainlineUUID={6a359bb0-6131-417f-b48a-3113b3a22182}
SCMBranchRepositoryID=29160
Details.aspx;2740350837;1;1417403885;|28792|279376
Details.aspx.cs;227901137;1;1417403885;|28803|279387
Details.aspx.designer.cs;2386640188;1;1417403885;|28800|279384
InlineUpdate.aspx;52856111;1;1417403886;|28793|279377
InlineUpdate.aspx.designer.cs;445173416;1;1417403886;|28812|279396
Delete.aspx;3461756205;2;1419578854;|28789|291153
Clone.aspx;2187330996;2;1419578845;|28801|291155
Insert.aspx;3664457231;2;1419578871;|28794|291156
Clone.aspx.cs;1082459060;1;1417403885;|28804|279388
Clone.aspx.designer.cs;571855416;1;1417403885;|28805|279389
Delete.aspx.cs;1011159833;1;1417403885;|28809|279393
Delete.aspx.designer.cs;3801120559;1;1417403885;|28808|279392
Insert.aspx.cs;4104673235;1;1417403886;|28799|279383
Insert.aspx.designer.cs;3187070123;1;1417403886;|28798|279382
Update.aspx.cs;3530700512;1;1417403886;|28797|279381
Update.aspx;3466592108;4;1428633518;|28795|299910
Update.aspx.designer.cs;661987970;2;1428633518;|28796|299847
CommonUpdate.aspx;3220851040;2;1462161184;|28802|346287
CommonUpdate.aspx.cs;1225517427;2;1462161184;|28806|346288
CommonUpdate.aspx.designer.cs;747918736;2;1462161184;|28807|346289
Default.aspx;3675193142;3;1462161184;|28790|346980
Default.aspx.cs;1093492968;2;1462161184;|28811|346291
Default.aspx.designer.cs;3146807336;2;1462161184;|28810|346292
UI_Pages.cs;1309701801;1;1462161184;|41553|346223
UI_Pages.tt;306784299;1;1462161184;|41552|346222
InlineUpdate.aspx.cs;3213349950;2;1464759288;|28791|348456
