SCMBranch=USR-717
SCMRepository=User Interface/Task Time Tracker/Web/MS/EventMonitoring/ApplicationMonitoredEvent
SCMMainlineUUID={6a359bb0-6131-417f-b48a-3113b3a22182}
SCMBranchRepositoryID=30804
Export.aspx;2911797795;1;1418613673;|33482|286060
Export.aspx.designer.cs;394956210;1;1418613673;|33489|286067
Settings.aspx;923966327;1;1418613673;|33484|286062
Settings.aspx.cs;487946136;1;1418613673;|33492|286070
Settings.aspx.designer.cs;4160414224;1;1418613673;|33493|286071
Clone.aspx;3699352480;2;1418759307;|33473|289070
Default.aspx;1006303396;2;1418759321;|33479|289071
Delete.aspx;1481125513;2;1418759332;|33480|289072
Insert.aspx;3261144977;2;1418759359;|33483|289074
Update.aspx.cs;258609739;1;1418613673;|33494|286072
Insert.aspx.designer.cs;2213286496;1;1418613673;|33491|286069
Insert.aspx.cs;176478563;1;1418613673;|33490|286068
Details.aspx.designer.cs;2021155106;1;1418613673;|33487|286065
Details.aspx.cs;1737617086;1;1418613673;|33486|286064
Delete.aspx.designer.cs;2018503678;1;1418613673;|33478|286056
Default.aspx.designer.cs;730055951;1;1418613673;|33476|286054
Default.aspx.cs;2749363265;1;1418613673;|33475|286053
Clone.aspx.designer.cs;371858043;1;1418613673;|33474|286052
Clone.aspx.cs;524052489;1;1418613673;|33496|286074
Update.aspx.designer.cs;3624639301;1;1418613673;|33495|286073
Details.aspx;1488902908;3;1419542783;|33481|290957
Update.aspx;873949862;3;1419542783;|33485|290958
Delete.aspx.cs;3079507131;2;1447042489;|33477|335289
Export.aspx.cs;3313355255;2;1447042489;|33488|335290
