SCMBranch=USR-717
SCMRepository=User Interface/Task Time Tracker/Web/Prototype/Kendo/content/web/overview
SCMMainlineUUID={6a359bb0-6131-417f-b48a-3113b3a22182}
SCMBranchRepositoryID=19111
aeroviewr-dash.gif;311930897;1;1394430816;|13785|158874
aeroviewr.png;426990397;1;1394430816;|13801|158890
autocomplete.png;2212737477;1;1394430816;|13795|158884
bootstrap-dash.gif;3005696278;1;1394430816;|13798|158887
calendar.png;1848520734;1;1394430816;|13799|158888
colorpicker.png;2607002660;1;1394430816;|13800|158889
combobox.png;1675746605;1;1394430816;|13797|158886
datasource.png;690217251;1;1394430816;|13784|158873
datepicker.png;1485996324;1;1394430816;|13796|158885
editor.png;2803209737;1;1394430816;|13792|158881
grid.png;1789028864;1;1394430816;|13793|158882
listview.png;2973561709;1;1394430816;|13791|158880
menu.png;2091803557;1;1394430816;|13790|158879
mvvm.png;794034107;1;1394430816;|13787|158876
panelbar.png;889229293;1;1394430816;|13789|158878
scheduler.png;920141695;1;1394430816;|13783|158872
slider.png;3916474852;1;1394430816;|13788|158877
websushi-dash.gif;4175417815;1;1394430816;|13786|158875
websushi.png;2504966063;1;1394430816;|13782|158871
window.png;1428391918;1;1394430816;|13794|158883
