SCMBranch=USR-717
SCMRepository=User Interface/Task Time Tracker/Web/Shared/Configuration/Language
SCMMainlineUUID={6a359bb0-6131-417f-b48a-3113b3a22182}
SCMBranchRepositoryID=11908
Clone.aspx.cs;2587333317;7;1394430879;|6056|122013
Export.aspx;3046189993;2;1394430880;|6046|118905
Export.aspx.designer.cs;2266153243;2;1394430880;|6053|154968
Insert.aspx.cs;1292173370;10;1394430880;|6052|122014
Settings.aspx.designer.cs;2485761616;2;1394430880;|8946|156265
Update.aspx.cs;1588427851;13;1394430880;|6050|122015
Settings.aspx;3879801365;3;1401678843;|8940|199305
CommonUpdate.aspx.cs;3704099303;12;1408591365;|8941|227820
InlineUpdate.aspx.cs;3210758489;9;1408591365;|8943|227825
Default.aspx;4014704031;8;1408639051;|6049|233849
Clone.aspx;2152911187;5;1410146598;|6055|243143
Clone.aspx.designer.cs;1492019228;3;1410146598;|6057|243144
CommonUpdate.aspx;1048991293;4;1410146598;|8938|243145
CommonUpdate.aspx.designer.cs;4169732220;2;1410146598;|8942|243146
Default.aspx.designer.cs;3947295623;5;1410146598;|6063|250804
Delete.aspx.designer.cs;2327424368;3;1410146598;|6061|243148
Export.aspx.cs;3010355890;11;1410146598;|6054|245859
InlineUpdate.aspx;3896174198;4;1410146598;|8939|243151
InlineUpdate.aspx.designer.cs;2630606697;2;1410146598;|8944|243152
Insert.aspx;410085476;5;1410146598;|6045|243153
Insert.aspx.designer.cs;2736541942;3;1410146598;|6051|243154
Settings.aspx.cs;1536438568;2;1410146598;|8945|248804
Update.aspx;2669257766;5;1410146598;|6044|243155
Update.aspx.designer.cs;2396521755;3;1410146598;|6060|243156
Default.aspx.cs;1047260826;18;1412824577;|6064|256439
Delete.aspx;1251533833;7;1412882825;|6048|256554
Details.aspx;3480177853;7;1412882825;|6047|256556
Details.aspx.cs;3590337585;14;1412882825;|6059|256557
Details.aspx.designer.cs;3105609970;4;1412882825;|6058|256558
Delete.aspx.cs;2960095761;18;1414437912;|6062|273841
