SCMBranch=USR-717
SCMRepository=User Interface/Task Time Tracker/Web/Shared/Admin/SystemIntegrity/SearchKeyDetail
SCMMainlineUUID={6a359bb0-6131-417f-b48a-3113b3a22182}
SCMBranchRepositoryID=13098
Clone.aspx.cs;1847083593;6;1394430862;|8893|110255
Insert.aspx.cs;2012663995;7;1394430862;|8885|110254
Update.aspx.cs;459117480;9;1394430862;|8883|110253
Default.aspx.cs;1715394282;9;1408591358;|8900|229612
Default.aspx;4061253872;4;1408639046;|8892|233761
Clone.aspx;685939789;4;1410146582;|8897|250574
Clone.aspx.designer.cs;3496373499;2;1410146582;|8894|250575
Default.aspx.designer.cs;471712632;3;1410146582;|8899|250576
Delete.aspx;180686078;5;1410146582;|8888|250577
Delete.aspx.designer.cs;2793461791;2;1410146582;|8896|250578
Details.aspx.designer.cs;2141992203;2;1410146582;|8886|250580
Insert.aspx;4078822297;4;1410146582;|8890|250581
Insert.aspx.designer.cs;2618074917;2;1410146582;|8884|250582
Update.aspx.designer.cs;4167894687;2;1410146582;|8887|250584
Delete.aspx.cs;2307939268;10;1414376793;|8898|273355
Details.aspx.cs;1001391547;7;1414376793;|8895|273356
Details.aspx;2758955353;7;1419542792;|8889|290988
Update.aspx;605372719;5;1419542792;|8891|290989
