SCMBranch=USR-717
SCMRepository=User Interface/Task Time Tracker/Web/Configuration/SystemForeignRelationship/Controls
SCMMainlineUUID={6a359bb0-6131-417f-b48a-3113b3a22182}
SCMBranchRepositoryID=29130
Details.ascx;836090819;1;1417403879;|28244|278828
Details.ascx.cs;3785371647;1;1417403879;|28252|278836
Details.ascx.designer.cs;3723261425;1;1417403879;|28251|278835
Generic.ascx;885799225;1;1417403879;|28243|278827
Generic.ascx.designer.cs;302600489;1;1417403879;|28249|278833
List.ascx.cs;3581188675;1;1417403879;|28248|278832
List.ascx.designer.cs;2963035332;1;1417403879;|28247|278831
SearchFilter.ascx.cs;556904481;1;1417403879;|28246|278830
Validation.xml;3687457457;1;1417403879;|28241|278825
List.ascx;3986975229;2;1417540916;|28250|280298
SearchFilter.ascx;2562990683;2;1422882945;|28242|295743
SearchFilter.ascx.designer.cs;1526245820;2;1422882945;|28245|295744
Generic.ascx.cs;1203077868;2;1469426631;|28240|352066
