SCMBranch=USR-717
SCMRepository=User Interface/Task Time Tracker/Web/Prototype/Kendo/content/web/Employees
SCMMainlineUUID={6a359bb0-6131-417f-b48a-3113b3a22182}
SCMBranchRepositoryID=19097
1.jpg;292025132;1;1394430815;|13646|158735
2.jpg;2114217215;1;1394430815;|13647|158736
3.jpg;794658442;1;1394430815;|13648|158737
4.jpg;914285541;1;1394430815;|13649|158738
5.jpg;1225800695;1;1394430815;|13650|158739
6.jpg;1581887185;1;1394430815;|13654|158743
7.jpg;661421265;1;1394430815;|13652|158741
8.jpg;79318984;1;1394430815;|13651|158740
9.jpg;3760475199;1;1394430815;|13653|158742
