SCMBranch=USR-717
SCMRepository=User Interface/Task Time Tracker/Web/Shared/ApplicationManagement/HelpPage/Controls
SCMMainlineUUID={6a359bb0-6131-417f-b48a-3113b3a22182}
SCMBranchRepositoryID=5544
Details.ascx.designer.cs;4214258964;3;1394430867;|1608|154654
Generic.ascx.designer.cs;2853111469;5;1394430867;|1610|18520
List.ascx.designer.cs;3153179729;1;1394430867;|1612|1612
SearchFilter.ascx.designer.cs;1411772757;5;1394430867;|1616|68553
Validation.xml;1843144429;2;1394430867;|1617|15890
Generic.ascx;3124857959;9;1401244931;|1607|193435
List.ascx;4219957773;2;1401244931;|1615|193436
Details.ascx;4000455678;5;1401678839;|1614|200157
SearchFilter.ascx;4073439266;10;1405544887;|1618|213277
Details.ascx.cs;3135236792;9;1408591361;|1619|227662
Generic.ascx.cs;1387441088;19;1408591362;|1609|228437
List.ascx.cs;1798251580;7;1408591362;|1611|227664
SearchFilter.ascx.cs;92239120;18;1408591362;|1613|229484
