SCMBranch=USR-717
SCMRepository=User Interface/Task Time Tracker/Web/Content/bootstrap
SCMMainlineUUID={6a359bb0-6131-417f-b48a-3113b3a22182}
SCMBranchRepositoryID=32686
alerts.less;722620683;1;1424201796;|35258|296190
badges.less;982831457;1;1424201796;|35241|296173
bootstrap.less;739877589;1;1424201796;|35240|296172
breadcrumbs.less;267116755;1;1424201796;|35232|296164
button-groups.less;3369540481;1;1424201796;|35225|296157
buttons.less;81496094;1;1424201796;|35226|296158
carousel.less;241268332;1;1424201796;|35227|296159
close.less;3391768637;1;1424201796;|35228|296160
code.less;2611116122;1;1424201796;|35229|296161
component-animations.less;2003613593;1;1424201796;|35230|296162
dropdowns.less;2973580162;1;1424201796;|35231|296163
forms.less;1445690227;1;1424201796;|35242|296174
glyphicons.less;615163356;1;1424201796;|35233|296165
grid.less;3283935243;1;1424201796;|35234|296166
input-groups.less;3849174638;1;1424201796;|35235|296167
jumbotron.less;3163144217;1;1424201796;|35236|296168
labels.less;100048661;1;1424201796;|35237|296169
list-group.less;1185600048;1;1424201796;|35238|296170
media.less;4171991217;1;1424201796;|35239|296171
mixins.less;1506137724;1;1424201796;|35265|296197
modals.less;3251073751;1;1424201796;|35264|296196
navbar.less;291210584;1;1424201796;|35263|296195
navs.less;1891243985;1;1424201796;|35262|296194
normalize.less;3724557980;1;1424201796;|35261|296193
pager.less;795263625;1;1424201796;|35260|296192
pagination.less;3721071072;1;1424201796;|35259|296191
panels.less;1845265152;1;1424201796;|35257|296189
popovers.less;636683920;1;1424201796;|35256|296188
print.less;703350513;1;1424201796;|35255|296187
progress-bars.less;3750826476;1;1424201796;|35254|296186
responsive-embed.less;30938964;1;1424201796;|35253|296185
responsive-utilities.less;2519475559;1;1424201796;|35252|296184
scaffolding.less;1685080672;1;1424201796;|35251|296183
tables.less;3792149899;1;1424201796;|35250|296182
theme.less;1865887848;1;1424201796;|35249|296181
thumbnails.less;1756083371;1;1424201796;|35248|296180
tooltip.less;1152936596;1;1424201796;|35247|296179
type.less;1262907936;1;1424201796;|35246|296178
utilities.less;2004209762;1;1424201796;|35245|296177
variables.less;1817896728;1;1424201796;|35244|296176
wells.less;4137554852;1;1424201796;|35243|296175
