SCMBranch=USR-717
SCMRepository=User Interface/Task Time Tracker/Web/Shared/ApplicationManagement/ReleaseNote/ReleaseLog
SCMMainlineUUID={6a359bb0-6131-417f-b48a-3113b3a22182}
SCMBranchRepositoryID=23942
Clone.aspx.cs;3347551040;1;1407766912;|20718|224267
Export.aspx;636267356;1;1407766913;|20732|224281
Export.aspx.designer.cs;4265737328;1;1407766913;|20728|224277
Insert.aspx.cs;716418253;1;1407766913;|20729|224278
Default.aspx;180568629;3;1408639049;|20735|232637
Default.aspx.cs;259218991;2;1408639049;|20721|231445
Clone.aspx;3609402551;3;1410146592;|20740|242921
Clone.aspx.designer.cs;378254724;2;1410146592;|20741|242922
CommonUpdate.aspx;3757976891;2;1410146592;|20739|242923
CommonUpdate.aspx.designer.cs;1035428030;2;1410146592;|20719|242924
Default.aspx.designer.cs;4221903555;2;1410146592;|20722|238763
Delete.aspx;3703445458;3;1410146592;|20734|242925
Delete.aspx.designer.cs;2781645342;2;1410146592;|20724|242926
Details.aspx;787244474;3;1410146592;|20733|242927
Details.aspx.designer.cs;167999438;2;1410146592;|20726|242928
Export.aspx.cs;3740437994;3;1410146592;|20727|245838
Insert.aspx;4129424065;3;1410146592;|20731|242929
Insert.aspx.designer.cs;5197446;2;1410146592;|20736|242930
Update.aspx.cs;619016662;3;1410146592;|20737|245839
Update.aspx.designer.cs;4049156563;2;1410146592;|20738|242932
Delete.aspx.cs;1265872110;5;1414437907;|20723|273809
Update.aspx;3597516193;4;1419542800;|20730|290876
Details.aspx.cs;3680167228;4;1447042509;|20725|335323
CommonUpdate.aspx.cs;2788583679;4;1493092281;|20720|357870
