SCMBranch=USR-717
SCMRepository=User Interface/Task Time Tracker/Web/Content
SCMMainlineUUID={6a359bb0-6131-417f-b48a-3113b3a22182}
SCMBranchRepositoryID=16156
bootstrap-theme.css;2897624840;2;1404104697;|16537|206976
bootstrap-theme.css.map;1657505219;2;1404104697;|16552|206977
bootstrap-theme.min.css;958133703;2;1404104697;|16534|206978
bootstrap.css.map;3927758333;2;1404104697;|16553|206980
bootstrap.min.css;607912975;2;1404104697;|16536|206981
bootstrap.css;3762147966;3;1405911732;|16535|215165
font-awesome.css;2635555569;1;1410146529;|22550|248572
font-awesome.min.css;966526190;1;1410146529;|22551|248573
ng-grid.css;4188044398;1;1412824577;|25647|256325
app.css;3621247831;2;1424055871;|29267|296415
Site.css;1267101556;2;1456985378;|36144|342804
none.styles.css;4019559400;6;1497933793;|24258|359418
