SCMBranch=USR-717
SCMRepository=User Interface/Task Time Tracker/Web/Styles/Kendo/HighContrast
SCMMainlineUUID={6a359bb0-6131-417f-b48a-3113b3a22182}
SCMBranchRepositoryID=19218
editor.png;3050983162;1;1394430905;|16135|161224
imagebrowser.png;3276459510;1;1394430905;|16134|161223
indeterminate.gif;1660777198;1;1394430905;|16142|161231
loading-image.gif;4262883188;1;1394430905;|16132|161221
loading.gif;1345307865;1;1394430905;|16131|161220
loading_2x.gif;4262883188;1;1394430905;|16133|161222
markers.png;2153174683;1;1394430905;|16136|161225
markers_2x.png;1063593445;1;1394430905;|16137|161226
slider-h.gif;443996474;1;1394430905;|16138|161227
slider-v.gif;3455234650;1;1394430905;|16139|161228
sprite.png;3480684676;1;1394430905;|16140|161229
sprite_2x.png;1526411835;1;1394430905;|16141|161230
