SCMBranch=USR-717
SCMRepository=User Interface/Task Time Tracker/Web/Shared/Admin/TimeZone
SCMMainlineUUID={6a359bb0-6131-417f-b48a-3113b3a22182}
SCMBranchRepositoryID=5527
Clone.aspx.cs;1363507024;8;1394430864;|1466|109672
Details.aspx.cs;456311484;10;1394430864;|1472|120408
Export.aspx;3079877160;2;1394430864;|1478|118802
Export.aspx.designer.cs;2414869273;2;1394430864;|1482|154644
Insert.aspx.cs;330658595;12;1394430864;|1483|109674
Settings.aspx.designer.cs;3787513638;2;1394430864;|8723|156257
Update.aspx.cs;3913413991;13;1394430864;|1485|110050
Settings.aspx;440899406;3;1401678839;|8724|199161
CommonUpdate.aspx.cs;3589328546;14;1408591358;|7107|228455
Default.aspx.cs;2215517092;20;1408591358;|1468|229481
InlineUpdate.aspx.cs;271495579;12;1408591358;|7106|228456
Default.aspx;3288213917;7;1408639047;|1481|233514
Clone.aspx;691477876;6;1410146584;|1473|241480
Clone.aspx.designer.cs;645210614;3;1410146584;|1467|241481
CommonUpdate.aspx;590097969;6;1410146584;|7103|242617
CommonUpdate.aspx.designer.cs;2474955996;4;1410146584;|7105|242618
Default.aspx.designer.cs;3506168834;5;1410146584;|1469|249926
Delete.aspx;1213495294;7;1410146584;|1480|241482
Delete.aspx.designer.cs;1348513411;3;1410146584;|1486|241483
Details.aspx.designer.cs;142270484;3;1410146584;|1474|241485
Export.aspx.cs;3040411446;10;1410146584;|1475|245673
InlineUpdate.aspx;3229791432;5;1410146584;|7104|242619
InlineUpdate.aspx.designer.cs;951756055;3;1410146584;|7102|242620
Insert.aspx;660971271;6;1410146584;|1477|241486
Insert.aspx.designer.cs;1554651525;3;1410146584;|1484|241487
Settings.aspx.cs;3874029890;2;1410146584;|8722|248753
Update.aspx.designer.cs;317806605;3;1410146584;|1471|241489
Delete.aspx.cs;773483758;16;1414376796;|1470|273339
Details.aspx;2790885461;8;1419542792;|1479|290590
Update.aspx;1546273739;7;1419542792;|1476|290591
UI_Pages.cs;1309701801;1;1462161225;|41497|345908
UI_Pages.tt;229041302;1;1462161225;|41498|345909
