SCMBranch=USR-717
SCMRepository=User Interface/Task Time Tracker/Web/Shared/Configuration/UserPreferenceCategory/Controls
SCMMainlineUUID={6a359bb0-6131-417f-b48a-3113b3a22182}
SCMBranchRepositoryID=5575
DynSearchFilter.ascx.designer.cs;1186826417;2;1377055532;|9584|80307
DynSearchFilter.ascx;4275080328;3;1377487295;|9582|81347
DynSearchFilter.ascx.cs;1395600286;4;1379563474;|9583|99646
Details.ascx.designer.cs;3643969633;3;1394430886;|2110|154698
Generic.ascx.designer.cs;2666387944;2;1394430886;|2117|18237
List.ascx.designer.cs;4036860291;1;1394430886;|2118|2118
Validation.xml;3635689946;1;1394430886;|2115|2115
List.ascx;3323923310;2;1401244936;|2113|193486
Details.ascx;3245730710;5;1401678844;|2111|200180
SearchFilter.ascx;4226649131;14;1406172427;|2114|219700
Generic.ascx.cs;1953714046;14;1409070504;|2116|234590
List.ascx.cs;2269454353;6;1409070504;|2109|234591
Details.ascx.cs;1111944084;13;1410146601;|2120|247748
Generic.ascx;920253109;6;1412565131;|2112|255070
SearchFilter.ascx.designer.cs;3470961822;7;1413170147;|2121|260992
SearchFilter.ascx.cs;216058271;19;1414437923;|2119|273637
