SCMBranch=USR-717
SCMRepository=User Interface/Task Time Tracker/Web/Shared/QualityAssurance/Functionality
SCMMainlineUUID={6a359bb0-6131-417f-b48a-3113b3a22182}
SCMBranchRepositoryID=10376
Clone.aspx.cs;3243855370;9;1394430895;|4827|107932
Clone.aspx.designer.cs;2108423325;2;1394430895;|4826|58881
CommonUpdate.aspx.designer.cs;3221228842;1;1394430895;|8975|70499
Default.aspx;1762249188;9;1394430895;|4825|172602
Default.aspx.designer.cs;2854547036;6;1394430895;|4823|112625
Delete.aspx.designer.cs;3961995807;2;1394430895;|4821|58884
Details.aspx.cs;470700244;15;1394430895;|4833|155251
Details.aspx.designer.cs;1933996883;3;1394430895;|4819|108111
Export.aspx;2065267467;2;1394430895;|4815|118919
Export.aspx.cs;961318596;6;1394430895;|4818|155022
Export.aspx.designer.cs;1146549952;2;1394430895;|4828|155023
InlineUpdate.aspx.designer.cs;561690754;1;1394430895;|8977|70501
Insert.aspx.cs;1088744631;11;1394430895;|4829|107933
Insert.aspx.designer.cs;1662622447;2;1394430895;|4830|58890
Update.aspx.designer.cs;3887794721;2;1394430895;|4832|58893
InlineUpdate.aspx.cs;3226623860;8;1400086236;|8976|188994
CommonUpdate.aspx.cs;2415218588;9;1400470429;|8974|189522
Clone.aspx;158422258;5;1401678846;|4834|199427
CommonUpdate.aspx;2258840536;3;1401678846;|8979|201850
Delete.aspx;112622242;6;1401678846;|4820|199429
Details.aspx;1014696527;8;1401678846;|4814|201851
InlineUpdate.aspx;1160655832;3;1401678846;|8978|201852
Insert.aspx;860680598;5;1401678846;|4816|199432
Update.aspx;519306865;10;1401678846;|4817|201853
Update.aspx.cs;3208422296;34;1402454364;|4831|203849
Delete.aspx.cs;178401278;12;1404236648;|4822|209330
Default.aspx.cs;319840881;21;1405544893;|4824|213404
