SCMBranch=USR-717
SCMRepository=User Interface/Task Time Tracker/Web/Shared/ApplicationDevelopment/Module/Controls
SCMMainlineUUID={6a359bb0-6131-417f-b48a-3113b3a22182}
SCMBranchRepositoryID=22797
Validation.xml;3687457457;1;1405911751;|19937|214371
Details.ascx;1863072584;2;1406094032;|19939|219524
Details.ascx.designer.cs;1186981601;2;1406094032;|19941|219526
List.ascx;3021525249;2;1406094032;|19935|219530
List.ascx.designer.cs;2304193804;2;1406094032;|19945|219532
SearchFilter.ascx;765308499;3;1406172425;|19936|219761
SearchFilter.ascx.cs;2780630924;6;1407952799;|19946|225070
List.ascx.cs;1698667702;3;1408465052;|19944|226811
Details.ascx.cs;510794045;4;1410146590;|19940|247845
Generic.ascx;1113351195;3;1412634007;|19938|256218
Generic.ascx.cs;2137585968;4;1412634007;|19942|256219
Generic.ascx.designer.cs;1674546552;3;1412634007;|19943|256220
SearchFilter.ascx.designer.cs;1080816619;4;1413170140;|19947|263682
