SCMBranch=USR-717
SCMRepository=User Interface/Task Time Tracker/Web/Shared/Configuration/SystemForeignRelationship
SCMMainlineUUID={6a359bb0-6131-417f-b48a-3113b3a22182}
SCMBranchRepositoryID=14827
Clone.aspx.cs;2211692849;1;1394430881;|10652|135074
Details.aspx.cs;3414615294;1;1394430881;|10657|135079
Insert.aspx.cs;3932706923;1;1394430881;|10640|135062
Update.aspx.cs;491835659;1;1394430881;|10639|135061
CommonUpdate.aspx.cs;1753002802;6;1408591365;|10654|229685
Default.aspx.cs;963427483;6;1408591365;|10661|229690
InlineUpdate.aspx.cs;1870562257;6;1408591365;|10642|229692
Default.aspx;1730860776;3;1408639052;|10644|233851
Clone.aspx;2389732508;5;1410146599;|10656|250808
Clone.aspx.designer.cs;3972946210;2;1410146599;|10653|250809
CommonUpdate.aspx;2960038018;4;1410146599;|10651|250810
CommonUpdate.aspx.designer.cs;3029344082;2;1410146599;|10655|250811
Default.aspx.designer.cs;2724504173;2;1410146599;|10660|250812
Delete.aspx;2873965286;5;1410146599;|10645|250813
Delete.aspx.designer.cs;1474686282;2;1410146599;|10658|250814
Details.aspx;1041823004;5;1410146599;|10646|250815
Details.aspx.designer.cs;3136544316;2;1410146599;|10643|250816
InlineUpdate.aspx;4255939207;4;1410146599;|10647|250817
InlineUpdate.aspx.designer.cs;3576089049;2;1410146599;|10641|250818
Insert.aspx;1103309668;4;1410146599;|10648|250819
Insert.aspx.designer.cs;1977600478;2;1410146599;|10662|250820
Update.aspx;3823675068;4;1410146599;|10649|250821
Update.aspx.designer.cs;3924970721;2;1410146599;|10650|250822
Delete.aspx.cs;791000277;6;1414437912;|10659|273845
