SCMBranch=USR-717
SCMRepository=User Interface/Task Time Tracker/Web/Shared/TasksAndWorkflow/TaskRun/Controls
SCMMainlineUUID={6a359bb0-6131-417f-b48a-3113b3a22182}
SCMBranchRepositoryID=29209
Details.ascx;788065889;1;1417403915;|27554|278120
Details.ascx.cs;2606724921;1;1417403915;|27556|278122
Details.ascx.designer.cs;1353450171;1;1417403915;|27555|278121
Generic.ascx;3520315170;1;1417403915;|27545|278111
Generic.ascx.cs;2438409640;1;1417403915;|27544|278110
Generic.ascx.designer.cs;4063092628;1;1417403915;|27553|278119
List.ascx;3156855740;1;1417403915;|27546|278112
List.ascx.cs;4171160831;1;1417403915;|27552|278118
List.ascx.designer.cs;1027036046;1;1417403915;|27551|278117
SearchFilter.ascx;3449830096;1;1417403915;|27547|278113
SearchFilter.ascx.cs;2157688029;1;1417403915;|27550|278116
SearchFilter.ascx.designer.cs;2131330442;1;1417403915;|27549|278115
Validation.xml;4278891070;1;1417403915;|27548|278114
