SCMBranch=USR-717
SCMRepository=User Interface/Task Time Tracker/Web/Shared/Configuration/ApplicationRouteParameter
SCMMainlineUUID={6a359bb0-6131-417f-b48a-3113b3a22182}
SCMBranchRepositoryID=13181
Clone.aspx.cs;154879623;5;1394430875;|9215|107393
Insert.aspx.cs;143733610;6;1394430876;|9199|107394
Settings.aspx.designer.cs;3945954164;2;1394430876;|9201|156261
Update.aspx.cs;3950763859;6;1394430876;|9202|107395
Settings.aspx;2593673665;3;1401678842;|9203|199252
CommonUpdate.aspx.cs;140985325;10;1408591364;|9232|227811
Default.aspx.cs;3930153355;12;1408591364;|9217|229673
InlineUpdate.aspx.cs;2695509834;8;1408591364;|9234|227814
Default.aspx;3933731109;5;1408639051;|9207|233804
Clone.aspx;2804689356;4;1410146596;|9213|243045
Clone.aspx.designer.cs;2440184064;2;1410146596;|9216|243046
CommonUpdate.aspx;2202323539;4;1410146596;|9231|243047
CommonUpdate.aspx.designer.cs;535321535;2;1410146596;|9233|243048
Default.aspx.designer.cs;3668599413;4;1410146596;|9212|250727
Delete.aspx;3088584707;5;1410146596;|9206|243049
Delete.aspx.designer.cs;825097374;2;1410146596;|9210|243050
Details.aspx;2391378964;5;1410146596;|9205|243051
Details.aspx.cs;1658327039;6;1410146596;|9209|248796
Details.aspx.designer.cs;3891243054;2;1410146596;|9208|243052
InlineUpdate.aspx;2999392450;4;1410146596;|9236|243053
InlineUpdate.aspx.designer.cs;3814776192;2;1410146596;|9235|243054
Insert.aspx;76102664;4;1410146596;|9214|243055
Insert.aspx.designer.cs;1285719119;2;1410146596;|9198|243056
Settings.aspx.cs;591190406;2;1410146596;|9197|248797
Update.aspx;1749729748;5;1410146596;|9200|243057
Update.aspx.designer.cs;2843622241;2;1410146596;|9204|243058
Delete.aspx.cs;132305930;11;1414437912;|9211|273832
