SCMBranch=USR-717
SCMRepository=User Interface/Task Time Tracker/Web/Shared/Admin/SystemIntegrity/SearchKeyDetail/Controls
SCMMainlineUUID={6a359bb0-6131-417f-b48a-3113b3a22182}
SCMBranchRepositoryID=13099
Details.ascx.designer.cs;268578054;4;1394430862;|8906|155219
Generic.ascx.designer.cs;3329286270;3;1394430862;|8905|110257
List.ascx.designer.cs;2622505725;1;1394430862;|8903|70096
SearchFilter.ascx.designer.cs;3108549023;2;1394430862;|8902|105771
Validation.xml;4038462337;1;1394430862;|8908|70101
Generic.ascx;2523252930;6;1401244929;|8911|195504
List.ascx;3202838352;2;1401244929;|8910|195505
Details.ascx;762732690;7;1401678838;|8912|201706
SearchFilter.ascx;3831046470;8;1406774006;|8909|223065
List.ascx.cs;886693716;6;1408591358;|8904|229610
Details.ascx.cs;2012203098;10;1413170137;|8907|267338
Generic.ascx.cs;4050379173;15;1469426664;|8913|353435
SearchFilter.ascx.cs;1316810612;12;1469426664;|8901|353436
