SCMBranch=USR-717
SCMRepository=User Interface/Task Time Tracker/Web/Content/Images
SCMMainlineUUID={6a359bb0-6131-417f-b48a-3113b3a22182}
SCMBranchRepositoryID=22759
calendar_icon1.png;1173341431;1;1405911732;|19994|214428
collapse.jpg;4048101082;1;1405911732;|19995|214429
collapse_blue.jpg;383664987;1;1405911732;|19996|214430
cross_icon_normal.png;1819245275;1;1405911732;|19997|214431
downarrow.png;4230937794;1;1405911732;|19998|214432
expand.jpg;1547864408;1;1405911734;|19999|214433
expand_blue.jpg;2092611554;1;1405911734;|20000|214434
left.png;2371079287;1;1405911734;|20001|214435
left_Menu.png;760075998;1;1405911734;|20002|214436
LOOKUP.png;3395517044;1;1405911734;|20003|214437
NAV_tabBG-selected.gif;777768965;1;1405911734;|20004|214438
right.png;4017775755;1;1405911734;|20008|214442
settings.png;4061660081;1;1405911734;|20009|214443
tabs.gif;3971459912;1;1405911734;|20010|214444
titlebar_bg.jpg;3010494030;1;1405911734;|20011|214445
uparrow.png;2871510882;1;1405911734;|20012|214446
user_male_go.png;2337109666;1;1405911734;|20007|214441
ProfileImage.aspx;563839635;2;1413169720;|20005|261334
ProfileImage.aspx.designer.cs;4005237271;2;1413169720;|20013|261336
ProfileImage.aspx.cs;2404290735;4;1425402149;|20006|297367
