SCMBranch=USR-717
SCMRepository=User Interface/Task Time Tracker/Web/MA/AuthenticationAndAuthorization/ApplicationRole
SCMMainlineUUID={6a359bb0-6131-417f-b48a-3113b3a22182}
SCMBranchRepositoryID=30788
Clone.aspx.cs;4051899908;1;1418613671;|33202|285780
Clone.aspx.designer.cs;2039542421;1;1418613671;|33201|285779
Delete.aspx;2396409399;1;1418613671;|33204|285782
Delete.aspx.cs;1833613869;1;1418613671;|33225|285803
Delete.aspx.designer.cs;736061775;1;1418613671;|33208|285786
Export.aspx;3283568674;1;1418613671;|33226|285804
Export.aspx.cs;2668061097;1;1418613671;|33216|285794
Export.aspx.designer.cs;138964449;1;1418613671;|33217|285795
InlineUpdate.aspx;3744004375;1;1418613671;|33215|285793
InlineUpdate.aspx.designer.cs;4128724387;1;1418613671;|33219|285797
Insert.aspx.cs;1774029050;1;1418613671;|33220|285798
Insert.aspx.designer.cs;3943294059;1;1418613671;|33221|285799
Settings.aspx;97189807;1;1418613671;|33213|285791
Settings.aspx.cs;3177105798;1;1418613671;|33222|285800
Settings.aspx.designer.cs;1827789744;1;1418613671;|33223|285801
Clone.aspx;2719603383;2;1418839025;|33212|289938
Insert.aspx;2463384298;2;1418839025;|33214|289940
Update.aspx.designer.cs;3669087215;2;1418839025;|33206|289943
Update.aspx;2576333995;3;1419542783;|33207|290812
Details.aspx;3079332076;4;1440127881;|33205|327066
Details.aspx.cs;3378655421;2;1440127881;|33209|327067
Details.aspx.designer.cs;2677118958;2;1440127881;|33210|327068
Update.aspx.cs;2978394570;3;1447042489;|33224|335278
CommonUpdate.aspx;1937542543;2;1462161186;|33211|345938
CommonUpdate.aspx.cs;2216206275;2;1462161186;|33200|345939
CommonUpdate.aspx.designer.cs;740282734;2;1462161186;|33199|345940
Default.aspx;206719077;2;1462161186;|33203|345941
Default.aspx.cs;1060060779;2;1462161186;|33197|345942
Default.aspx.designer.cs;2820056828;2;1462161186;|33198|345943
UI_Pages.cs;1309701801;1;1462161186;|41494|345905
UI_Pages.tt;2697678611;1;1462161186;|41493|346135
InlineUpdate.aspx.cs;1259327549;2;1464838864;|33218|349203
