SCMBranch=USR-717
SCMRepository=User Interface/Task Time Tracker/Web/Shared/AuthenticationAndAuthorization/ApplicationUserProfileImageMaster
SCMMainlineUUID={6a359bb0-6131-417f-b48a-3113b3a22182}
SCMBranchRepositoryID=12513
Export.aspx;1162228522;2;1394430872;|7646|118900
Export.aspx.designer.cs;3213345970;2;1394430872;|7656|154942
ShowImage.aspx;1787374324;1;1394430872;|7648|26380
ShowImage.aspx.designer.cs;4129180507;1;1394430872;|7641|26373
ShowImage.aspx.cs;306853756;6;1408591363;|7642|229664
Default.aspx;2672514755;6;1408639050;|7643|233788
Clone.aspx;1859553953;5;1410146594;|7655|250673
Clone.aspx.designer.cs;1984724306;3;1410146594;|7650|250674
CommonUpdate.aspx;4266468302;4;1410146594;|9838|250675
CommonUpdate.aspx.designer.cs;3382348600;2;1410146594;|9834|250676
Default.aspx.designer.cs;2957838796;5;1410146594;|7663|250679
Delete.aspx;2617793317;6;1410146594;|7644|250680
Delete.aspx.designer.cs;758127398;3;1410146594;|7661|250682
Export.aspx.cs;822133263;12;1410146594;|7657|250686
InlineUpdate.aspx;1418081423;4;1410146594;|9837|250687
InlineUpdate.aspx.designer.cs;2741296490;2;1410146594;|9836|250688
Insert.aspx;3366907283;5;1410146594;|7647|250689
Insert.aspx.designer.cs;3572201245;3;1410146594;|7652|250690
Update.aspx;2014528024;5;1410146594;|7649|250691
Update.aspx.designer.cs;115188846;3;1410146594;|7651|250693
Default.aspx.cs;1119022048;17;1413948757;|7664|272478
Clone.aspx.cs;3441037769;12;1414376796;|7654|273367
Details.aspx;1620909357;7;1414376796;|7645|273370
Details.aspx.designer.cs;1575830069;4;1414376796;|7659|273372
Insert.aspx.cs;914234201;12;1414376796;|7653|273373
CommonUpdate.aspx.cs;1985300394;14;1414437907;|9833|273823
Delete.aspx.cs;2670287450;17;1414437907;|7662|273824
Details.aspx.cs;1352848013;14;1414437907;|7660|273825
InlineUpdate.aspx.cs;1532266724;11;1414437907;|9835|273826
Update.aspx.cs;2407876771;20;1414437912;|7658|273827
