SCMBranch=USR-717
SCMRepository=User Interface/Task Time Tracker/Web/MA/ApplicationDevelopment/WorkTicket
SCMMainlineUUID={6a359bb0-6131-417f-b48a-3113b3a22182}
SCMBranchRepositoryID=35767
Clone.aspx.designer.cs;1721680651;1;1439523337;|40183|325231
CommonUpdate.aspx.designer.cs;2198624212;1;1439523337;|40185|325233
Default.aspx.designer.cs;3137791352;1;1439523337;|40194|325242
Delete.aspx.designer.cs;3082839556;1;1439523337;|40191|325239
Details.aspx.cs;1206198677;1;1439523337;|40190|325238
Details.aspx.designer.cs;434966604;1;1439523337;|40189|325237
Export.aspx;2508532824;1;1439523337;|40178|325226
Export.aspx.designer.cs;893734200;1;1439523337;|40186|325234
InlineUpdate.aspx.designer.cs;797541622;1;1439523337;|40173|325221
Insert.aspx.designer.cs;3982016561;1;1439523337;|40171|325219
Update.aspx.cs;3373949579;1;1439523337;|40170|325218
Update.aspx.designer.cs;329454141;1;1439523337;|40187|325235
Clone.aspx;511184264;2;1445829593;|40168|332819
Clone.aspx.cs;2959948876;2;1445829593;|40182|332820
CommonUpdate.aspx;506467021;2;1445829593;|40169|332821
Default.aspx;3009249057;2;1445829593;|40175|332898
Default.aspx.cs;2666303154;2;1445829593;|40193|332899
Delete.aspx;1441451227;2;1445829593;|40176|332825
Delete.aspx.cs;3040226306;2;1445829593;|40192|332826
Details.aspx;1194116716;2;1445829593;|40177|332827
Export.aspx.cs;831150744;2;1445829593;|40188|332828
InlineUpdate.aspx;3712249069;2;1445829593;|40179|332829
Insert.aspx;395850802;2;1445829593;|40180|332831
Insert.aspx.cs;589380106;2;1445829593;|40172|332832
Update.aspx;2011512086;2;1445829593;|40181|332833
InlineUpdate.aspx.cs;2944917558;3;1464933980;|40174|349591
CommonUpdate.aspx.cs;4140046372;4;1493092262;|40184|357826
