SCMBranch=USR-717
SCMRepository=User Interface/Task Time Tracker/Web/Prototype/Kendo/content/web/32x32
SCMMainlineUUID={6a359bb0-6131-417f-b48a-3113b3a22182}
SCMBranchRepositoryID=19082
Chart.png;1576167893;1;1394430813;|13489|158578
ComboBox.png;4172589464;1;1394430813;|13488|158577
Grid.png;1827066537;1;1394430813;|13487|158576
Menu.png;3513278123;1;1394430813;|13486|158575
PanelBar.png;373268286;1;1394430813;|13485|158574
Slider.png;2758699607;1;1394430813;|13484|158573
Splitter.png;1629623547;1;1394430813;|13494|158583
TabStrip.png;2251619723;1;1394430813;|13490|158579
Thumbs.db;2238104577;1;1394430813;|13491|158580
TreeView.png;4121035687;1;1394430813;|13492|158581
Upload.png;4285423841;1;1394430813;|13493|158582
