SCMBranch=USR-717
SCMRepository=User Interface/Task Time Tracker/Web/MS/TasksAndWorkflow/TaskScheduleType
SCMMainlineUUID={6a359bb0-6131-417f-b48a-3113b3a22182}
SCMBranchRepositoryID=30833
CommonUpdate.aspx;456765096;1;1418613677;|34033|286611
CommonUpdate.aspx.designer.cs;1768737620;1;1418613677;|34050|286628
Export.aspx;3212420203;1;1418613677;|34042|286620
Export.aspx.cs;2240223789;1;1418613677;|34054|286632
Export.aspx.designer.cs;2456714489;1;1418613677;|34053|286631
InlineUpdate.aspx;1079341497;1;1418613677;|34043|286621
InlineUpdate.aspx.designer.cs;3595536081;1;1418613677;|34051|286629
Settings.aspx;2518741331;1;1418613677;|34045|286623
Settings.aspx.designer.cs;32447667;1;1418613677;|34037|286615
Delete.aspx;1766037532;2;1418760693;|34040|289220
Default.aspx;3221979069;2;1418760686;|34039|289221
Clone.aspx;1261104645;2;1418760678;|34032|289222
Insert.aspx;2639741142;2;1418760707;|34044|289224
Clone.aspx.cs;1148884311;1;1418613677;|34047|286625
Clone.aspx.designer.cs;2860733396;1;1418613677;|34048|286626
Default.aspx.cs;2717037556;1;1418613677;|34059|286637
Default.aspx.designer.cs;4214297195;1;1418613677;|34060|286638
Delete.aspx.cs;2596183;1;1418613677;|34058|286636
Delete.aspx.designer.cs;3038203981;1;1418613677;|34057|286635
Details.aspx.cs;2307174586;1;1418613677;|34056|286634
Details.aspx.designer.cs;3233209430;1;1418613677;|34055|286633
Insert.aspx.cs;3275270515;1;1418613677;|34034|286612
Insert.aspx.designer.cs;1284390608;1;1418613677;|34035|286613
Update.aspx.cs;2316073812;1;1418613677;|34038|286616
Update.aspx.designer.cs;1094358938;1;1418613677;|34061|286639
Details.aspx;827543743;3;1419542792;|34041|290983
Update.aspx;814305472;3;1419542792;|34046|290984
InlineUpdate.aspx.cs;804112948;2;1464933980;|34052|349532
Settings.aspx.cs;4221415971;3;1465193331;|34036|349961
CommonUpdate.aspx.cs;3620676600;3;1493092281;|34049|357846
