SCMBranch=USR-717
SCMRepository=User Interface/Task Time Tracker/Web/Shared/Admin/SystemEntityCategory/Controls
SCMMainlineUUID={6a359bb0-6131-417f-b48a-3113b3a22182}
SCMBranchRepositoryID=5511
DynSearchFilter.ascx.designer.cs;3237563373;1;1376538278;|9567|78955
DynSearchFilter.ascx;3371861118;2;1378697782;|9568|84179
DynSearchFilter.ascx.cs;1442972844;5;1379649961;|9569|105894
Details.ascx.designer.cs;375640188;3;1394430860;|1279|154630
Generic.ascx.designer.cs;1509753204;2;1394430860;|1277|10339
List.ascx.designer.cs;3677874486;1;1394430860;|1275|1275
SearchFilter.ascx.designer.cs;2553185898;5;1394430860;|1281|112550
Validation.xml;3687457457;1;1394430860;|1286|1286
Generic.ascx;3708432733;6;1401244929;|1283|193394
List.ascx;1664866112;2;1401244929;|1284|193395
Details.ascx;3910528238;7;1401678838;|1282|200143
List.ascx.cs;2828389744;6;1408591357;|1276|227618
Details.ascx.cs;259259810;13;1413170137;|1280|266361
SearchFilter.ascx;125748581;14;1417403914;|1285|279853
Generic.ascx.cs;3172550069;18;1469426664;|1278|353321
SearchFilter.ascx.cs;3169643517;17;1469426664;|1287|353322
