SCMBranch=USR-717
SCMRepository=User Interface/Task Time Tracker/Web/Shared/Configuration/FieldConfiguration/Controls
SCMMainlineUUID={6a359bb0-6131-417f-b48a-3113b3a22182}
SCMBranchRepositoryID=12653
DynSearchFilter.ascx.designer.cs;2273999620;2;1376934139;|9573|79990
DynSearchFilter.ascx;1428536324;4;1377487295;|9575|81336
DynSearchFilter.ascx.cs;3358112259;4;1379586525;|9574|103967
FieldConfigurationDisplayName.ascx.designer.cs;567255241;1;1394430877;|8993|70611
List.ascx.designer.cs;2299783357;1;1394430877;|8124|28586
Validation.xml;3366001984;2;1394430877;|8121|149236
List.ascx;4188424084;2;1401244934;|8119|195545
FieldConfigurationDisplayName.ascx;109993921;3;1401678842;|8992|200356
SearchFilter.ascx.designer.cs;3817141362;5;1405544890;|8122|213360
SearchFilter.ascx;1327883742;13;1406825965;|8120|223258
Details.ascx;3619494085;7;1407908470;|8130|224910
Details.ascx.designer.cs;2998192399;4;1407908470;|8128|224912
Generic.ascx;4035153830;8;1407908477;|8118|224913
Generic.ascx.designer.cs;1260785160;5;1407908477;|8126|224915
FieldConfigurationDisplayName.ascx.cs;3673548674;9;1408639051;|8994|231507
SearchFilter.ascx.cs;234522344;28;1408639051;|8123|233817
Generic.ascx.cs;4240003567;23;1409070502;|8127|237513
List.ascx.cs;3281621705;8;1410146597;|8125|250752
Details.ascx.cs;2218621981;13;1413170142;|8129|267350
