SCMBranch=USR-717
SCMRepository=User Interface/Task Time Tracker/Web/Shared/QualityAssurance/FunctionalityImage
SCMMainlineUUID={6a359bb0-6131-417f-b48a-3113b3a22182}
SCMBranchRepositoryID=13006
Clone.aspx.cs;2729440130;7;1394430897;|8599|108985
Clone.aspx.designer.cs;3185316918;2;1394430897;|8600|52979
CommonUpdate.aspx.designer.cs;4123389632;1;1394430897;|8659|55565
Default.aspx;150061129;5;1394430897;|8593|172620
Default.aspx.designer.cs;1161414750;4;1394430897;|8606|98375
Delete.aspx.designer.cs;321847697;2;1394430897;|8603|52983
Details.aspx.cs;3613408005;7;1394430897;|8602|120461
Details.aspx.designer.cs;1173151782;3;1394430897;|8601|108988
InlineUpdate.aspx.designer.cs;1981833447;1;1394430897;|8662|55568
Insert.aspx.cs;2670860180;7;1394430897;|8592|108989
Insert.aspx.designer.cs;1336367144;2;1394430897;|8591|52987
ShowImage.aspx;882925181;1;1394430897;|8597|52932
ShowImage.aspx.cs;2839212872;4;1394430897;|8590|147019
ShowImage.aspx.designer.cs;107748989;1;1394430897;|8589|52924
Update.aspx.cs;1196707097;10;1394430897;|8588|108990
Update.aspx.designer.cs;1165236005;2;1394430897;|8604|52989
CommonUpdate.aspx.cs;3952429664;8;1395688974;|8658|184094
InlineUpdate.aspx.cs;1244130382;7;1400086236;|8661|188995
Clone.aspx;3008235434;4;1401678846;|8587|201862
CommonUpdate.aspx;2330833163;3;1401678846;|8660|201863
Delete.aspx;166467963;7;1401678846;|8594|201864
Details.aspx;2439659408;5;1401678846;|8595|201865
InlineUpdate.aspx;1115776849;3;1401678846;|8663|201866
Insert.aspx;2120583545;4;1401678846;|8596|201867
Update.aspx;2481556544;4;1401678846;|8598|201868
Delete.aspx.cs;1564459220;8;1404236648;|8605|209702
Default.aspx.cs;233841313;14;1405544894;|8607|213416
