SCMBranch=USR-717
SCMRepository=User Interface/Task Time Tracker/Web/Prototype/Kendo/web/treeview
SCMMainlineUUID={6a359bb0-6131-417f-b48a-3113b3a22182}
SCMBranchRepositoryID=19204
animation.html;1929514701;3;1406516551;|14305|221495
api.html;2887682473;3;1406516551;|14304|221496
checkboxes.html;631934368;3;1406516551;|14303|221497
dragdrop.html;1460982012;3;1406516551;|14302|221498
events.html;3641182724;3;1406516551;|14301|221499
images.html;4281253031;3;1406516551;|14300|221500
index.html;1048151292;3;1406516551;|14298|221501
local-data.html;3465787236;3;1406516551;|14297|221502
mvvm.html;3997485298;3;1406516551;|14293|221503
navigation.html;4225148466;3;1406516551;|14306|221504
odata-binding.html;4132614485;3;1406516551;|14299|221505
remote-data.html;198405602;3;1406516551;|14294|221506
rtl.html;808175978;3;1406516551;|14295|221507
templates.html;5319680;3;1406516551;|14296|221508
