SCMBranch=USR-717
SCMRepository=User Interface/Task Time Tracker/Web/Shared/Configuration/DateRangeTitle
SCMMainlineUUID={6a359bb0-6131-417f-b48a-3113b3a22182}
SCMBranchRepositoryID=13631
Clone.aspx.cs;3511323730;6;1394430876;|9606|109535
Details.aspx.cs;1159282547;7;1394430876;|9613|120451
Insert.aspx.cs;1945760803;7;1394430876;|9597|109534
Update.aspx.cs;465769221;7;1394430876;|9595|109533
Default.aspx;3411134200;5;1408639051;|9605|233809
InlineUpdate.aspx.cs;555889583;10;1409070502;|9610|237504
Clone.aspx;2473117071;5;1410146596;|9611|250728
Clone.aspx.designer.cs;1792385696;2;1410146596;|9607|250729
CommonUpdate.aspx;4144285868;4;1410146596;|9599|250730
CommonUpdate.aspx.cs;3241829701;12;1410146596;|9608|250731
CommonUpdate.aspx.designer.cs;1792016062;2;1410146596;|9609|250732
Default.aspx.cs;3864624001;12;1410146596;|9617|250735
Default.aspx.designer.cs;3513288230;3;1410146596;|9616|250736
Delete.aspx;2912416644;5;1410146596;|9600|250737
Delete.aspx.designer.cs;105757475;2;1410146596;|9614|250738
Details.aspx;3245016712;5;1410146596;|9601|250739
Details.aspx.designer.cs;1343775158;3;1410146596;|9612|250740
InlineUpdate.aspx;3986707461;4;1410146596;|9602|250741
InlineUpdate.aspx.designer.cs;3530080637;2;1410146596;|9598|250742
Insert.aspx;2444246509;4;1410146596;|9603|250743
Insert.aspx.designer.cs;674786469;2;1410146596;|9596|250744
Update.aspx;3747467238;4;1410146596;|9604|250745
Update.aspx.designer.cs;3502213012;2;1410146596;|9594|250746
Delete.aspx.cs;114897618;11;1414437912;|9615|273833
