SCMBranch=USR-717
SCMRepository=User Interface/Task Time Tracker/Web/app/BM/CapitalMarkets/controllers/Gen/Save
SCMMainlineUUID={6a359bb0-6131-417f-b48a-3113b3a22182}
SCMBranchRepositoryID=35046
Calculator.cs;546881451;1;1433220975;|38069|306787
Calculator.tt;1607720191;1;1433220975;|38053|306771
CreditInstrument.cs;546881451;1;1433220975;|38073|306791
CreditInstrument.tt;3447463428;1;1433220975;|38052|306770
FundStructure.cs;546881451;1;1433220975;|38077|306795
FundStructure.tt;1894357434;1;1433220975;|38051|306769
Investment.cs;546881451;1;1433220975;|38083|306801
OptionInstrument.cs;546881451;1;1433220975;|38030|306748
OptionInstrument.tt;2324702903;1;1433220975;|38047|306765
SwapInvestment.cs;546881451;1;1433220976;|38000|306718
SwapInvestment.tt;2039410935;1;1433220976;|38044|306762
TWRPerformance.cs;546881451;1;1433220976;|38071|306789
TWRPerformance.tt;3720214442;1;1433220976;|38043|306761
listTableAssetBackedCtrl.js;87249759;2;1434339001;|38084|309308
listTableBondCtrl.js;3272807304;2;1434339001;|38085|309309
listTableCashCtrl.js;1551109550;2;1434339001;|38086|309310
listTableEquityCtrl.js;3809038040;2;1434339001;|38087|309311
listTableForwardCashCtrl.js;1597299610;2;1434339001;|38088|309312
listTableForwardFXContractCtrl.js;3699093160;2;1434339001;|38089|309313
listTableFundCtrl.js;3984265860;2;1434339001;|38090|309314
listTableFutureCtrl.js;421969221;2;1434339001;|38091|309315
listTableMediumOfExchangeCtrl.js;707042782;2;1434339001;|38092|309316
listTableSTIFCtrl.js;2731788080;2;1434339002;|38093|309317
Menu.cs;546881451;2;1435806089;|38040|312449
Menu.tt;2349390409;4;1435806089;|38048|312477
Investment.tt;4292064015;2;1436151887;|38050|312662
Accounting.cs;1566315191;2;1437366647;|38055|315532
Holdings.cs;1566315191;1;1437366647;|39106|314765
ManagementEntities.cs;1566315191;1;1437366647;|39103|314761
Parties.cs;1566315191;3;1437366647;|38027|315534
Rating.cs;1566315191;1;1437366647;|39100|314758
saveRatingServiceCtrl.js;0;1;1437366648;|39098|314756
savePerformanceKeyCtrl.js;3244448622;3;1437454838;|37999|318369
savePerformanceParametersCtrl.js;3828598779;3;1437454838;|37998|318370
saveTWRBatchProcessingCtrl.js;4239724311;3;1437454838;|37997|318394
saveTWRSetCtrl.js;4246132587;3;1437454838;|37996|318395
Core.tt;41567799;1;1438581000;|40002|322268
Core.cs;1566315191;1;1438581000;|40001|322267
Special.cs;1566315191;1;1439350564;|40037|322998
Special.tt;1020044301;1;1439350564;|40038|322999
Calendar.cs;1285525959;2;1439523301;|39108|322858
Calendar.tt;4275306432;4;1439523301;|39117|324579
Classification.cs;1285525959;2;1439523301;|39107|322860
Holdings.tt;3746554834;3;1439523301;|39119|322019
ManagementEntities.tt;3757622892;4;1439523301;|39121|324331
OptionInstruments.cs;1285525959;2;1439523301;|39253|322862
OptionInstruments.tt;2360806429;3;1439523301;|39252|322863
Parties.tt;26449648;8;1439523301;|38046|323277
Performance.cs;1285525959;2;1439523301;|39101|322865
Performance.tt;3758096190;3;1439523301;|39122|322866
Prices.cs;1285525959;3;1439523301;|38014|322867
Prices.tt;2391429639;5;1439523301;|38045|322868
Rating.tt;1035662496;5;1439523301;|39123|322500
saveAccountingCalenderCtrl.js;3744920436;4;1439523301;|38070|324580
saveAnnotationsCtrl.js;224649531;4;1439523301;|38013|323978
saveBusinessCalenderCtrl.js;2510587601;4;1439523301;|37995|324581
saveBusinessUnitCtrl.js;472271136;2;1439523301;|39265|323979
saveCompanyDealTypeCtrl.js;2508631257;5;1439523301;|38914|324341
saveCustodianAccountCtrl.js;1060373679;6;1439523301;|38022|325519
saveFiscalCalenderCtrl.js;165733049;4;1439523301;|38072|324582
saveFundPricesCtrl.js;1531066403;4;1439523301;|38012|323982
saveIndustryCtrl.js;4173061705;3;1439523301;|39237|322414
saveInvestmentPricesCtrl.js;1275174458;4;1439523301;|38011|323984
saveInvestmentThemeCtrl.js;2475643254;3;1439523301;|39239|322415
saveLegalEntityCtrl.js;551604570;5;1439523301;|38034|324346
saveManagementFirmCtrl.js;2335658362;7;1439523301;|38033|324348
saveOptionCtrl.js;4071628866;4;1439523301;|38029|322869
savePortfolioCtrl.js;3081316705;5;1439523301;|38032|324349
savePortfolioGroupRulesCtrl.js;1687538780;5;1439523301;|38017|324350
savePortfolioTypeCtrl.js;3554942359;5;1439523301;|38902|324351
savePriceListCtrl.js;1386008581;4;1439523301;|38010|323990
savePriceMarketCtrl.js;1435965186;4;1439523301;|38009|323991
savePriceProviderCtrl.js;3017940355;4;1439523301;|38008|323992
savePriceScheduleCtrl.js;1472166604;4;1439523301;|38007|323993
savePriceSourceCtrl.js;2432897427;4;1439523301;|38006|323994
savePriceTypeCtrl.js;3743673342;4;1439523301;|38005|323995
saveRatingCtrl.js;3206356326;3;1439523301;|39099|322416
saveRightCtrl.js;1274436862;4;1439523301;|38028|322870
saveStrategyCtrl.js;3936312131;5;1439523301;|38031|324353
saveStrategyGroupCtrl.js;2145198300;4;1439523301;|39102|324354
saveSubBusinessUnitCtrl.js;3564361495;2;1439523301;|39264|323999
saveSubIndustryCtrl.js;161909819;3;1439523301;|39238|322417
saveTraderCtrl.js;4145609877;5;1439523301;|38015|324358
saveTransactionTypeCtrl.js;391252059;2;1439523302;|40000|323041
Accounting.tt;1413706041;11;1439960212;|38054|326590
saveAllocationGroupCtrl.js;2770892476;6;1440558965;|38078|327481
saveClassCtrl.js;1497520940;6;1440558965;|38079|327485
saveInvestingFeederCtrl.js;2474059427;5;1440558992;|38080|327497
saveSeriesCtrl.js;2993794006;6;1440558992;|38081|327499
saveSubClassCtrl.js;617653802;6;1440558992;|38082|327501
Instruments.cs;1285525959;2;1441772932;|39104|329757
saveAssetBackedCtrl.js;2341731582;5;1441772932;|38696|329394
saveBondCtrl.js;102652502;5;1441772932;|38695|329395
saveCashCtrl.js;3298669191;5;1441772932;|38694|329396
saveCreditContractCtrl.js;2213233952;5;1441772933;|38074|329397
saveCreditDealCtrl.js;2357488436;5;1441772933;|38075|329398
saveCreditDefaultSwapCtrl.js;1729383501;5;1441772933;|38004|329399
saveCreditDefaultSwapIndexCtrl.js;346358294;5;1441772933;|38003|329400
saveCreditFacilityCtrl.js;1653832762;5;1441772933;|38076|329401
saveEquityCtrl.js;1834766602;5;1441772933;|38693|329402
saveFinancingCtrl.js;1246043213;5;1441772933;|38002|329403
saveForwardCashCtrl.js;2368317136;5;1441772933;|38692|329404
saveForwardFXContractCtrl.js;356753110;5;1441772933;|38691|329405
saveFundCtrl.js;1325946158;7;1441772933;|38036|329406
saveFutureCtrl.js;1531756754;5;1441772933;|38690|329407
saveMediumOfExchangeCtrl.js;1081664368;5;1441772933;|38689|329408
saveSTIFCtrl.js;4274724491;5;1441772933;|38688|329409
saveSwapInvestmentCtrl.js;1749181677;5;1441772933;|38001|329410
saveSecurityXExternalMarketDataIdentifierCtrl.js;2147453847;2;1441976635;|40641|330121
saveSecurityXOtherCtrl.js;2434120344;2;1441976635;|40622|330122
saveSecurityXIdentifierCtrl.js;3791598476;1;1442202182;|40678|330277
saveSecurityXPartyCtrl.js;1563977697;2;1442202182;|40650|330416
saveSecurityXSettlementDayCtrl.js;3100567547;2;1442202182;|40634|330417
TradeOrder.cs;1285525959;1;1442377208;|40712|330525
saveSecurityXInvestmentIdentifierCtrl.js;1819580633;1;1442550706;|40760|331425
Instruments.tt;3992881540;6;1443171345;|39120|331966
Commission.cs;1285525959;1;1444040231;|40815|332194
saveCommissionCodeCtrl.js;130312968;1;1444040231;|40814|332193
saveCommissionRateCtrl.js;1106258809;1;1444104394;|40833|332238
saveCommissionTypeCtrl.js;4264561797;1;1444104394;|40842|332263
Commission.tt;1171231715;3;1444196494;|40813|332359
saveCommissionSplitCtrl.js;731440779;1;1444196494;|40851|332314
MSPA.cs;1285525959;1;1444395338;|40885|332482
saveMSPAFileCtrl.js;450464766;1;1444395338;|40884|332481
saveAccountingParametersCtrl.js;184265926;7;1445829429;|38056|332782
saveAccountingViewCtrl.js;4202696415;7;1445829429;|38057|332783
saveAccountSpecificTypeCtrl.js;449280198;7;1445829429;|38058|332784
saveAccountSubTypeCtrl.js;3666203567;7;1445829429;|38059|332785
saveAdjustmentCategoryCtrl.js;2510264651;2;1445829429;|40523|332786
saveAmortizationCtrl.js;1765513668;7;1445829429;|38060|332787
saveAutomatedFreezepointCtrl.js;680535841;7;1445829590;|38061|332788
saveChartOfAccountsCtrl.js;4061497795;7;1445829590;|38062|332789
saveFinancialAccountClassCtrl.js;921628585;7;1445829590;|39015|332790
saveFreezePointsCtrl.js;3363480588;7;1445829590;|38063|332791
saveInventoryStateCtrl.js;4035558891;7;1445829590;|38064|332792
saveLockdownPoolsCtrl.js;716122474;7;1445829590;|38065|332793
saveTaxAccountTypeCtrl.js;3970216930;7;1445829590;|38066|332794
saveTaxStatusCtrl.js;1069830245;7;1445829590;|38067|332795
saveWithholdingTaxTypeCtrl.js;1388073581;7;1445829591;|38068|332796
saveMSPAFileEventCtrl.js;1224187268;2;1447819264;|40902|336112
saveTradingEventTypeCtrl.js;2973129744;1;1447819264;|40966|336016
MSPA.tt;2721867597;3;1447904935;|40883|336196
saveMSPAFileEventTypeCtrl.js;2333406028;1;1447904935;|40976|336140
Classification.tt;1038810822;7;1449804325;|39118|338516
saveAssetTypeCtrl.js;939919323;6;1449804325;|38039|338517
saveInvestmentTypeCtrl.js;1043830679;6;1449804325;|38035|338518
saveRecordTypeCtrl.js;3632612551;2;1449804325;|40585|338519
saveSectorCtrl.js;3225664528;6;1449804325;|38942|338520
saveSecurityClassCtrl.js;3407847183;6;1449804325;|38922|338632
saveSecurityCtrl.js;2205777962;3;1449804325;|40058|338522
saveSecurityTypeCtrl.js;3836315204;3;1449804325;|40057|338523
saveSecurityTypeGroupCtrl.js;3095543800;3;1449804325;|40056|338524
TradeOrder.tt;4131430975;11;1451273572;|40711|339495
ActivityAndOrders.cs;387001192;3;1451568077;|39110|330017
saveTransactionEventCtrl.js;1276066889;12;1452485410;|39109|340653
saveTxInvestmentCtrl.js;2233591562;10;1452485410;|40549|340654
saveTxOtherCtrl.js;3920246245;10;1452485410;|40548|340655
saveTxSettlementInfoCtrl.js;1107069354;10;1452485410;|40544|340656
saveTxTradeAndSettleDatesCtrl.js;1197422119;9;1452485410;|40545|340657
saveTxTradeFiguresCtrl.js;611836544;10;1452485410;|40546|340658
saveTxTradeInfoCtrl.js;496170991;10;1452485410;|40547|340659
saveAccountAdministratorCtrl.js;679010855;6;1452598534;|38026|340829
saveAccountExcecutiveCtrl.js;3118594546;6;1452598534;|38025|340830
saveAgentBankCtrl.js;1696161182;6;1452598534;|38024|340831
saveAnalystCtrl.js;2480775420;6;1452598534;|38023|340832
saveBrokerCtrl.js;677510840;6;1452598534;|38038|340833
saveBrokerGroupCtrl.js;922362013;4;1452598534;|40020|340834
saveBrokerTypeCtrl.js;2816053867;4;1452598534;|40019|340835
saveCustodianCtrl.js;714635942;6;1452598534;|38037|340836
saveDeliveryAgentCtrl.js;3261582479;6;1452598534;|38021|340837
saveExchangeCtrl.js;1913746765;6;1452598534;|38020|340838
saveIssuerCtrl.js;911166813;6;1452598534;|38019|340839
saveManagerCtrl.js;556643361;6;1452598534;|38018|340840
saveRatingServicesCtrl.js;1689226158;6;1452598534;|38016|340841
saveMarketCapitalizationCategoryCtrl.js;407506266;5;1454298081;|40710|341572
saveOrderActionCtrl.js;579044274;5;1454298081;|40734|341573
saveOrderItemCtrl.js;477115652;6;1454298081;|40799|341574
saveOrderRequestCtrl.js;1913358690;6;1454298081;|40741|341575
saveOrderStatusCtrl.js;2218334630;6;1454298081;|40790|341576
saveOrderStatusGroupCtrl.js;2464302665;5;1454298081;|40768|341577
saveOrderStatusTypeCtrl.js;56848262;6;1454298081;|40777|341578
saveOrderTypeCtrl.js;665966679;5;1454298081;|40751|341579
saveTransactionEventBuyCtrl.js;2432245235;1;1491536851;|41790|357281
saveTransactionEventSellCtrl.js;3541925528;1;1491536851;|41789|357280
ActivityAndOrders.tt;795428576;8;1491882994;|39111|357486
saveTransactionEventCoverShortCtrl.js;4042801765;1;1491882994;|41809|357378
saveTransactionEventSellShortCtrl.js;285103529;1;1491882994;|41801|357359
saveFinancialAccountTypeCtrl.js;3042994991;4;1493092232;|38966|358077
savePositionCtrl.js;267608259;4;1493092232;|39105|358078
