SCMBranch=USR-717
SCMRepository=User Interface/Task Time Tracker/Web/Styles/Kendo/BlueOpal
SCMMainlineUUID={6a359bb0-6131-417f-b48a-3113b3a22182}
SCMBranchRepositoryID=19214
editor.png;3488544970;1;1394430904;|16086|161175
imagebrowser.png;1242563737;1;1394430904;|16087|161176
indeterminate.gif;705117755;1;1394430904;|16088|161177
loading-image.gif;1382622054;1;1394430904;|16089|161178
loading.gif;2355955302;1;1394430904;|16090|161179
loading_2x.gif;516983364;1;1394430904;|16091|161180
markers.png;1041385755;1;1394430904;|16092|161181
markers_2x.png;905334237;1;1394430904;|16093|161182
slider-h.gif;450801156;1;1394430904;|16094|161183
slider-v.gif;1182221443;1;1394430904;|16085|161174
sprite.png;3987365701;1;1394430904;|16084|161173
sprite_2x.png;2982454194;1;1394430904;|16083|161172
