SCMBranch=USR-717
SCMRepository=User Interface/Task Time Tracker/Web/MA/ApplicationDevelopment/FeatureOwnerStatus/Controls
SCMMainlineUUID={6a359bb0-6131-417f-b48a-3113b3a22182}
SCMBranchRepositoryID=30748
Details.ascx.cs;2329433783;1;1418613666;|32495|285073
Generic.ascx.designer.cs;3159875082;1;1418613666;|32498|285076
List.ascx;25328050;1;1418613666;|32492|285070
List.ascx.cs;1508429093;1;1418613666;|32502|285080
List.ascx.designer.cs;3468730893;1;1418613666;|32501|285079
SearchFilter.ascx;1379966087;1;1418613666;|32493|285071
SearchFilter.ascx.cs;340788149;1;1418613666;|32500|285078
SearchFilter.ascx.designer.cs;769280195;1;1418613666;|32499|285077
Validation.xml;3687457457;1;1418613666;|32494|285072
Details.ascx;1650957744;2;1428633518;|32491|299852
Details.ascx.designer.cs;1559481444;2;1428633518;|32496|299853
Generic.ascx;1325578183;2;1428633518;|32503|299854
Generic.ascx.cs;3462711516;3;1469426631;|32497|352092
