SCMBranch=USR-717
SCMRepository=User Interface/Task Time Tracker/Web/ckeditor/skins/kama/images
SCMMainlineUUID={6a359bb0-6131-417f-b48a-3113b3a22182}
SCMBranchRepositoryID=9850
dialog_sides.gif;2069200009;1;1394430782;|4662|11449
dialog_sides.png;114469331;1;1394430782;|4663|11450
dialog_sides_rtl.png;1824166544;1;1394430782;|4656|11443
mini.gif;2160920334;1;1394430782;|4657|11444
noimage.png;1809478944;1;1394430782;|4658|11445
sprites.png;1869467294;1;1394430782;|4659|11446
sprites_ie6.png;343951262;1;1394430782;|4660|11447
toolbar_start.gif;391375238;1;1394430782;|4661|11448
