SCMBranch=USR-717
SCMRepository=User Interface/Task Time Tracker/Web/Prototype/Kendo/web/datetimepicker
SCMMainlineUUID={6a359bb0-6131-417f-b48a-3113b3a22182}
SCMBranchRepositoryID=19181
api.html;1875843254;3;1406516548;|14111|221312
events.html;874974955;3;1406516548;|14112|221313
index.html;2951392327;3;1406516548;|14113|221314
mvvm.html;2823836066;3;1406516548;|14110|221315
navigation.html;545586013;3;1406516548;|14115|221316
rangeselection.html;90828617;3;1406516548;|14116|221317
rtl.html;799888438;3;1406516548;|14117|221318
template.html;2473704821;3;1406516548;|14114|221319
