SCMBranch=USR-717
SCMRepository=User Interface/Task Time Tracker/Web/Scripts/ace-editor/demo
SCMMainlineUUID={6a359bb0-6131-417f-b48a-3113b3a22182}
SCMBranchRepositoryID=27221
autocompletion.html;1953003105;1;1410186246;|22905|251242
autoresize.html;1332590901;1;1410186246;|22897|251234
chromevox.html;3486002532;1;1410186247;|22892|251229
emmet.html;1818780155;1;1410186247;|22893|251230
ie7.html;1310913643;1;1410186247;|22894|251231
iframe.html;2445020004;1;1410186247;|22895|251232
keyboard_shortcuts.html;3704268041;1;1410186247;|22896|251233
modelist.html;2484174055;1;1410186247;|22904|251241
r.js;107111440;1;1410186247;|22903|251240
scrollable-page.html;4115578122;1;1410186247;|22902|251239
settings_menu.html;781427169;1;1410186247;|22901|251238
show_own_source.js;2047737187;1;1410186247;|22900|251237
static-highlighter.html;3502647947;1;1410186247;|22899|251236
statusbar.html;3096620381;1;1410186247;|22898|251235
