SCMBranch=USR-717
SCMRepository=User Interface/Task Time Tracker/Web/Shared/Admin/SystemIntegrity/QuickPaginationRun/Controls
SCMMainlineUUID={6a359bb0-6131-417f-b48a-3113b3a22182}
SCMBranchRepositoryID=11907
Details.ascx.designer.cs;3178561552;2;1394430861;|6043|154914
Generic.ascx.designer.cs;3187443354;1;1394430861;|6039|22052
List.ascx.designer.cs;2326882121;1;1394430861;|6041|22054
Validation.xml;3621318048;1;1394430861;|6033|22046
Generic.ascx;947142724;3;1401244929;|6031|193748
List.ascx;744380271;2;1401244929;|6037|193749
Details.ascx;2414147471;3;1401678838;|6032|200325
List.ascx.cs;3373400685;6;1408591358;|6040|227756
SearchFilter.ascx.cs;4110375088;19;1428639560;|6042|300173
SearchFilter.ascx.designer.cs;1368135947;6;1428638232;|6036|300174
SearchFilter.ascx;1555715199;11;1428638305;|6034|300175
Details.ascx.cs;256766623;10;1469426664;|6035|352175
Generic.ascx.cs;2789846099;15;1469426664;|6038|353432
