SCMBranch=USR-717
SCMRepository=User Interface/Task Time Tracker/Web/Configuration/FieldConfigurationModeXApplicationRole/V1
SCMMainlineUUID={6a359bb0-6131-417f-b48a-3113b3a22182}
SCMBranchRepositoryID=29119
Clone.aspx.cs;332891760;1;1417403878;|28049|278633
Clone.aspx.designer.cs;1263222017;1;1417403878;|28068|278652
CommonUpdate.aspx;3496519098;1;1417403878;|28061|278645
CommonUpdate.aspx.designer.cs;400319172;1;1417403878;|28045|278629
Default.aspx.cs;3246928386;1;1417403878;|28044|278628
Default.aspx.designer.cs;3363269027;1;1417403878;|28047|278631
Delete.aspx.cs;1518305228;1;1417403878;|28043|278627
Delete.aspx.designer.cs;1921819189;1;1417403878;|28048|278632
Details.aspx.cs;3016568754;1;1417403878;|28041|278625
Details.aspx.designer.cs;2693258155;1;1417403878;|28042|278626
Export.aspx;2091186018;1;1417403878;|28065|278649
Export.aspx.cs;1102050894;1;1417403878;|28051|278635
Export.aspx.designer.cs;3251361967;1;1417403878;|28052|278636
InlineUpdate.aspx;2025637207;1;1417403878;|28066|278650
InlineUpdate.aspx.designer.cs;2940246643;1;1417403878;|28054|278638
Insert.aspx.cs;4246459516;1;1417403878;|28055|278639
Insert.aspx.designer.cs;346556020;1;1417403878;|28056|278640
Settings.aspx;4017917596;1;1417403878;|28069|278653
Settings.aspx.designer.cs;1703047756;1;1417403878;|28058|278642
Update.aspx.cs;3388023291;1;1417403878;|28059|278643
Update.aspx.designer.cs;3607866143;1;1417403878;|28060|278644
Clone.aspx;513619929;2;1417540916;|28050|280270
Default.aspx;2647289072;2;1417540916;|28062|280271
Delete.aspx;67184575;2;1417540916;|28063|280272
Insert.aspx;2661481033;2;1417540916;|28067|280274
Settings.aspx.cs;2732952680;2;1417540916;|28057|280275
Details.aspx;3911001474;3;1419542777;|28064|290735
Update.aspx;3029509684;2;1419542777;|28070|290736
CommonUpdate.aspx.cs;3786662980;2;1464838855;|28046|348866
InlineUpdate.aspx.cs;4014238921;2;1464838855;|28053|349176
