SCMBranch=USR-717
SCMRepository=User Interface/Task Time Tracker/Web/Prototype/Kendo/content/dataviz/overview
SCMMainlineUUID={6a359bb0-6131-417f-b48a-3113b3a22182}
SCMBranchRepositoryID=19007
area.png;1940106045;1;1394430804;|13021|158110
bar.png;928340732;1;1394430804;|13022|158111
bubble.png;4002965131;1;1394430804;|13023|158112
donut.png;1858273821;1;1394430804;|13024|158113
line.png;3394515539;1;1394430804;|13025|158114
linear-gauge.png;4074589023;1;1394430804;|13026|158115
multiple-axes.png;4252392507;1;1394430804;|13027|158116
overlay.png;1188979057;1;1394430804;|13028|158117
pie.png;3617462200;1;1394430804;|13029|158118
radial-gauge.png;3692951409;1;1394430804;|13020|158109
scatter.png;2728862470;1;1394430804;|13019|158108
stock.png;4004020648;1;1394430804;|13018|158107
