SCMBranch=USR-717
SCMRepository=User Interface/Task Time Tracker/Web/Shared/QualityAssurance/FeatureOwnerStatus/Controls
SCMMainlineUUID={6a359bb0-6131-417f-b48a-3113b3a22182}
SCMBranchRepositoryID=12137
Details.ascx.designer.cs;3601198262;2;1394430895;|6787|155020
List.ascx.cs;441315514;4;1394430895;|6784|141457
List.ascx.designer.cs;4142434864;1;1394430895;|6783|23543
Validation.xml;3687457457;1;1394430895;|6789|23549
Generic.ascx.cs;3942183707;14;1395025027;|6786|182423
Generic.ascx.designer.cs;3498197902;2;1395025027;|6785|182424
Generic.ascx;3428707886;5;1401244947;|6778|193907
List.ascx;1050526788;2;1401244947;|6779|193908
Details.ascx;2579646504;5;1401678846;|6777|200392
Details.ascx.cs;647299097;10;1401678846;|6788|200393
SearchFilter.ascx;2492808219;20;1405544893;|6780|213189
SearchFilter.ascx.cs;1316486123;23;1405544893;|6782|213399
SearchFilter.ascx.designer.cs;1139285835;8;1405544893;|6781|213191
