SCMBranch=USR-717
SCMRepository=User Interface/Task Time Tracker/Web/Shared/ApplicationDevelopment/EntityOwner
SCMMainlineUUID={6a359bb0-6131-417f-b48a-3113b3a22182}
SCMBranchRepositoryID=22766
Clone.aspx.cs;1233539948;2;1406094024;|19343|218945
Export.aspx;3537040681;2;1406094024;|19344|218959
Export.aspx.designer.cs;2264300164;2;1406094024;|19354|218961
Insert.aspx.cs;3604746960;2;1406094024;|19357|218966
Settings.aspx;1700345486;2;1406094024;|19366|218968
Settings.aspx.designer.cs;755541625;2;1406094024;|19360|218970
CommonUpdate.aspx.cs;468056472;3;1408379787;|19341|225941
Default.aspx.cs;3642910251;4;1408379787;|19347|225942
InlineUpdate.aspx.cs;3337509256;3;1408379787;|19355|225945
Default.aspx;190133480;4;1408639047;|19362|232616
Clone.aspx;701166820;3;1410146586;|19364|242697
Clone.aspx.designer.cs;3742310864;3;1410146586;|19342|242698
CommonUpdate.aspx;3014664762;3;1410146586;|19370|242699
CommonUpdate.aspx.designer.cs;2873309139;3;1410146586;|19363|242700
Default.aspx.designer.cs;2795594860;3;1410146586;|19348|238745
Delete.aspx;323858883;3;1410146586;|19346|242701
Delete.aspx.designer.cs;2252796438;3;1410146586;|19350|242702
Details.aspx;2604516521;3;1410146586;|19345|242703
Details.aspx.cs;884023975;3;1410146586;|19351|248761
Details.aspx.designer.cs;873624610;3;1410146586;|19352|242704
Export.aspx.cs;194427236;6;1410146586;|19353|245807
InlineUpdate.aspx;2698259018;3;1410146586;|19368|242705
InlineUpdate.aspx.designer.cs;2432673678;3;1410146586;|19356|242706
Insert.aspx;1058558076;3;1410146586;|19367|242707
Insert.aspx.designer.cs;714511692;3;1410146586;|19358|242708
Settings.aspx.cs;2032815127;3;1410146586;|19359|248762
Update.aspx;3152726001;3;1410146586;|19365|242709
Update.aspx.cs;2031678286;3;1410146586;|19361|238426
Update.aspx.designer.cs;2662101282;3;1410146586;|19369|242710
Delete.aspx.cs;2434928870;6;1414376796;|19349|273361
