SCMBranch=USR-717
SCMRepository=User Interface/Task Time Tracker/Web/MA/ApplicationManagement/HelpPageContext
SCMMainlineUUID={6a359bb0-6131-417f-b48a-3113b3a22182}
SCMBranchRepositoryID=30782
Export.aspx;35098646;1;1418613671;|33111|285689
Export.aspx.designer.cs;2503519592;1;1418613671;|33122|285700
Delete.aspx;2772953847;2;1418754826;|33108|289062
Default.aspx;2643418315;2;1418754817;|33109|289063
Clone.aspx;546728432;2;1418754806;|33115|289064
Insert.aspx;890678391;2;1418754843;|33112|289066
Clone.aspx.designer.cs;3839467856;1;1418613671;|33114|285692
Default.aspx.cs;3462323387;1;1418613671;|33117|285695
Default.aspx.designer.cs;3684930199;1;1418613671;|33125|285703
Delete.aspx.designer.cs;265461820;1;1418613671;|33127|285705
Details.aspx.cs;2457342955;1;1418613671;|33128|285706
Details.aspx.designer.cs;3317897608;1;1418613671;|33124|285702
Insert.aspx.designer.cs;1430754486;1;1418613671;|33120|285698
Update.aspx.designer.cs;2618400702;1;1418613671;|33118|285696
Details.aspx;1374849587;3;1419542783;|33110|290955
Update.aspx;3838957359;3;1419542783;|33116|290956
Clone.aspx.cs;3632502923;2;1426477510;|33113|298092
Delete.aspx.cs;236758826;2;1426477510;|33126|298093
Export.aspx.cs;4134257155;2;1426477510;|33123|298094
Insert.aspx.cs;2700831743;2;1426477510;|33121|298095
Update.aspx.cs;2190662012;2;1426477510;|33119|298096
