SCMBranch=USR-717
SCMRepository=User Interface/Task Time Tracker/Web/app/BM/DayCare/controllers
SCMMainlineUUID={6a359bb0-6131-417f-b48a-3113b3a22182}
SCMBranchRepositoryID=31517
scheduleStateDetailCtrl.js;2851324787;1;1419542772;|34113|290565
scheduleStateListCtrl.js;1634544662;1;1419542772;|34112|290564
detailactivityCtrl.js;1908000485;1;1428691010;|35629|4294967295
detailapplicationRoleCtrl.js;2825728760;1;1428691009;|35630|4294967295
listTableactivityCtrl.js;2862079132;1;1428690806;|35635|4294967295
listTableapplicationRoleCtrl.js;3042851588;1;1428690804;|35636|4294967295
saveactivityCtrl.js;3390449053;1;1428690890;|35641|4294967295
saveapplicationRoleCtrl.js;2788145615;1;1428690889;|35642|4294967295
detailacivitySubTypeCtrl.js;3910761443;2;1429072968;|35645|300631
saveacivitySubTypeCtrl.js;2490050437;2;1429073055;|35640|300649
listTableacivitySubTypeCtrl.js;3329703224;2;1429073011;|35634|300653
SaveControllerGenerator.cs;546881451;1;1429904151;|35550|298602
detailaccidentPlaceCtrl.js;1797562655;3;1430706965;|35555|302375
detailaccidentReportCtrl.js;822394803;2;1430706965;|35646|302613
detailactivitySubTypeCtrl.js;2266731079;2;1430706965;|35736|302614
detailactivityTypeCtrl.js;1223495900;4;1430706965;|35596|302615
detailbathRoomCtrl.js;466689891;3;1430706965;|35631|302616
detailcommentCtrl.js;1073643171;4;1430706965;|35632|302617
detaildiaperStatusCtrl.js;2700931606;5;1430706965;|35595|302618
detaildiscountCtrl.js;1452183264;2;1430706965;|36047|302382
detaileventTypeCtrl.js;3880726956;5;1430706965;|35579|302619
detailpaymentMethodCtrl.js;595891591;2;1430706965;|36046|302389
saveaccidentPlaceCtrl.js;3597204479;3;1430706965;|35551|302416
saveaccidentReportCtrl.js;886098725;2;1430706965;|35639|302647
saveactivitySubTypeCtrl.js;1274021006;2;1430706965;|35735|302648
saveactivityTypeCtrl.js;2150161419;4;1430706965;|35589|302649
savebathRoomCtrl.js;2008813451;3;1430706965;|35643|302650
savecommentCtrl.js;550853211;4;1430706965;|35644|302651
savediaperStatusCtrl.js;3393297791;5;1430706965;|35590|302652
savediscountCtrl.js;458702859;2;1430706965;|36043|302423
saveeventTypeCtrl.js;2250786297;5;1430706965;|35591|302653
savepaymentMethodCtrl.js;4056493285;2;1430706965;|36042|302430
navCtrl.js;3222541990;3;1433301291;|35144|308284
detailEventSubTypeCtrl.js;1700658231;1;1434339002;|38791|309054
listTableEventSubTypeCtrl.js;1194890623;1;1434339002;|38789|309052
NonStdEntityDetailControllerGenerator.cs;1566315191;1;1434339003;|38790|309053
NonStdEntityListTableControllerGenerator.cs;1566315191;1;1434339003;|38788|309051
NonStdEntitySaveControllerGenerator.cs;1566315191;1;1434339003;|38787|309050
saveEventSubTypeCtrl.js;3172170091;1;1434339128;|38786|309049
detailmealCtrl.js;3641891941;4;1434428027;|35944|310249
detailmealDetailCtrl.js;3623488201;4;1434428027;|35943|310250
detailmealTypeCtrl.js;331969888;6;1434428027;|35581|310251
detailneedItemCtrl.js;2460378379;6;1434428027;|35582|310252
detailsickReportCtrl.js;2949500398;4;1434428027;|35930|310253
detailstudentCtrl.js;785771529;4;1434428027;|35972|310255
detailtuitionCtrl.js;632849656;4;1434428027;|35932|310257
savemealCtrl.js;2091815342;4;1434428027;|35938|310271
savemealDetailCtrl.js;245945778;4;1434428027;|35939|310272
savemealTypeCtrl.js;1209729360;6;1434428096;|35593|310273
saveneedItemCtrl.js;1801128689;6;1434428096;|35594|310274
savesickReportCtrl.js;1724689426;4;1434428096;|35940|310275
savesleepCtrl.js;480388067;4;1434428096;|35941|310276
savestudentCtrl.js;741509770;4;1434428096;|35969|310277
saveteacherCtrl.js;2798391206;4;1434428096;|35970|310278
savetuitionCtrl.js;3627507184;4;1434428096;|35942|310279
detailCourseCtrl.js;3573723419;1;1437366652;|39211|317127
detailDepartmentCtrl.js;1759917537;1;1437366652;|39204|317104
detailfoodTypeCtrl.js;1174027000;8;1437366652;|35580|317348
detailRegistrationCtrl.js;864882249;1;1437366652;|39212|317128
listTableCourseCtrl.js;777208967;1;1437366652;|39213|317129
listTableDepartmentCtrl.js;2080116086;1;1437366652;|39205|317105
listTablefoodTypeCtrl.js;48764075;9;1437366652;|35586|317349
listTableRegistrationCtrl.js;1207052204;1;1437366652;|39214|317130
saveCourseCtrl.js;2755788522;1;1437366654;|39215|317163
saveDepartmentCtrl.js;1181719788;1;1437366654;|39206|317162
savefoodTypeCtrl.js;837272120;8;1437366654;|35592|317350
saveRegistrationCtrl.js;2411820874;1;1437366654;|39216|317160
NonStdEntityDetailControllerGenerator.tt;3143006466;5;1437968809;|38792|320385
NonStdEntityListTableControllerGenerator.tt;2180231722;5;1437968809;|38793|320386
NonStdEntitySaveControllerGenerator.tt;3876076175;5;1437968809;|38785|320387
SaveControllerGenerator.tt;1832703661;10;1437968809;|35557|321380
listTableaccidentPlaceCtrl.js;1790647048;6;1448943978;|35553|337535
listTableaccidentReportCtrl.js;2434012000;5;1448943978;|35633|337604
listTableactivitySubTypeCtrl.js;491431603;5;1448943978;|35734|337605
listTableactivityTypeCtrl.js;346423196;7;1448943978;|35583|337606
listTablebathRoomCtrl.js;975039230;6;1448943978;|35637|337607
listTablecommentCtrl.js;323254928;7;1448943978;|35638|337608
ListTableControllerGenerator.cs;1285525959;2;1448943978;|35549|337541
listTablediaperStatusCtrl.js;319087212;8;1448943978;|35584|337610
listTablediscountCtrl.js;2303017080;5;1448943978;|36045|337544
listTableeventTypeCtrl.js;2408000373;8;1448943978;|35585|337611
listTablemealCtrl.js;3553058080;7;1448943978;|35933|337612
listTablemealDetailCtrl.js;3340625273;7;1448943978;|35934|337613
listTablemealTypeCtrl.js;1623942225;9;1448943978;|35587|337614
listTableneedItemCtrl.js;1243185015;9;1448943978;|35588|337615
listTablepaymentMethodCtrl.js;2145762676;5;1448943978;|36044|337550
listTablesickReportCtrl.js;3820655247;7;1448943978;|35935|337616
listTablesleepCtrl.js;1459181016;7;1448943978;|35936|337617
listTabletuitionCtrl.js;298043948;7;1448943978;|35937|337620
DetailControllerGenerator.cs;1566315191;2;1450840082;|35552|339288
DetailControllerGenerator.tt;1737641538;11;1450840082;|35554|339326
detailsleepCtrl.js;555122353;5;1450840082;|35931|339327
detailteacherCtrl.js;446642658;5;1450840082;|35971|339328
detailScheduleCtrl.js;4225641256;2;1454667562;|40998|341989
saveScheduleCtrl.js;215704779;4;1454667562;|40996|341994
listTableScheduleCtrl.js;2692809663;11;1462161076;|40997|345982
listTablestudentCtrl.js;3965438133;8;1473132814;|35967|354908
ListTableControllerGenerator.tt;3854418564;12;1473163839;|35556|355053
listTableteacherCtrl.js;3150665163;8;1473163839;|35968|355054
