SCMBranch=USR-717
SCMRepository=User Interface/Task Time Tracker/Web/MA/RunTimeFeature
SCMMainlineUUID={6a359bb0-6131-417f-b48a-3113b3a22182}
SCMBranchRepositoryID=30800
Clone.aspx.cs;804512439;1;1418613673;|33447|286025
Clone.aspx.designer.cs;3986255315;1;1418613673;|33448|286026
Delete.aspx.cs;3444665285;1;1418613673;|33459|286037
Delete.aspx.designer.cs;3144942641;1;1418613673;|33460|286038
Export.aspx;2257336032;1;1418613673;|33442|286020
Export.aspx.cs;3602882381;1;1418613673;|33455|286033
Export.aspx.designer.cs;2913435665;1;1418613673;|33454|286032
InlineUpdate.aspx;2034747260;1;1418613673;|33444|286022
InlineUpdate.aspx.designer.cs;2002020930;1;1418613673;|33452|286030
Insert.aspx.cs;2828128409;1;1418613673;|33451|286029
Insert.aspx.designer.cs;2189555501;1;1418613673;|33435|286013
Settings.aspx;1950324292;1;1418613673;|33446|286024
Settings.aspx.designer.cs;1402037866;1;1418613673;|33437|286015
Update.aspx.cs;2684640611;1;1418613673;|33438|286016
Clone.aspx;1704098520;2;1418839035;|33433|289965
Delete.aspx;292327179;2;1418839035;|33440|289967
Insert.aspx;3167651082;2;1418839035;|33445|289969
Module.cs;1396312508;1;1418927315;|34099|4294967295
Update.aspx;2769539281;4;1428633518;|33443|299875
Update.aspx.designer.cs;70329521;2;1428633518;|33462|299876
Details.aspx;1487852718;4;1440127915;|33441|327080
Details.aspx.cs;1823769600;2;1440127915;|33461|327081
Details.aspx.designer.cs;1579216306;2;1440127915;|33456|327082
CommonUpdate.aspx;482106210;2;1462161207;|33434|346014
CommonUpdate.aspx.cs;4173379206;2;1462161207;|33449|346015
CommonUpdate.aspx.designer.cs;900685269;2;1462161207;|33450|346016
Default.aspx;301962866;3;1462161207;|33439|346017
Default.aspx.cs;2952272573;2;1462161207;|33457|346018
Default.aspx.designer.cs;4195890556;2;1462161207;|33458|346019
UI_Pages.cs;1309701801;1;1462161207;|41511|345985
UI_Pages.tt;235065100;1;1462161207;|41510|345984
InlineUpdate.aspx.cs;2211920608;2;1464838864;|33453|348672
Settings.aspx.cs;825373291;3;1465193331;|33436|349956
