SCMBranch=USR-717
SCMRepository=User Interface/Task Time Tracker/Web/Shared/ApplicationDevelopment/FunctionalityImage/Controls
SCMMainlineUUID={6a359bb0-6131-417f-b48a-3113b3a22182}
SCMBranchRepositoryID=22781
Validation.xml;1428678950;1;1405911748;|19632|214066
Details.ascx;4049413938;2;1406094028;|19634|219219
Details.ascx.designer.cs;741725948;2;1406094028;|19630|219221
Generic.ascx;1200386583;2;1406094028;|19633|219222
Generic.ascx.designer.cs;2889707461;2;1406094028;|19628|219224
List.ascx;2468733987;2;1406094028;|19622|219225
List.ascx.designer.cs;2002243172;2;1406094028;|19626|219227
List.ascx.cs;2047100676;3;1408379788;|19627|225995
Generic.ascx.cs;3653184344;5;1408591361;|19629|228771
SearchFilter.ascx;77700895;4;1409070501;|19623|237254
Details.ascx.cs;954641477;4;1413170139;|19631|263671
SearchFilter.ascx.designer.cs;251188810;4;1413170139;|19624|263673
SearchFilter.ascx.cs;315881434;9;1414437902;|19625|273796
