SCMBranch=USR-717
SCMRepository=User Interface/Task Time Tracker/Web/app/BM/CapitalMarkets/views/Gen/List
SCMMainlineUUID={6a359bb0-6131-417f-b48a-3113b3a22182}
SCMBranchRepositoryID=35050
Calculator.cs;1370159735;1;1433220978;|38343|307061
Calculator.tt;3490889698;1;1433220978;|38305|307023
CreditInstrument.cs;42954251;1;1433220978;|38347|307065
CreditInstrument.tt;4056012600;1;1433220978;|38306|307024
FundStructure.cs;546881451;1;1433220978;|38351|307069
FundStructure.tt;3522934704;1;1433220978;|38307|307025
Investment.cs;42954251;1;1433220978;|38357|307075
SwapInstrument.cs;42954251;1;1433220978;|38323|307041
TWRPerformance.cs;2271104590;1;1433220978;|38407|307125
SwapInstrument.tt;3500006278;2;1435294981;|38315|311755
TWRPerformance.tt;258249901;2;1435294981;|38316|311756
Menu.cs;546881451;1;1435570928;|38383|307101
Menu.tt;2638711096;4;1435570928;|38310|312216
Investment.tt;1751796928;2;1436152214;|38308|312668
Parties.cs;1566315191;2;1436847541;|38399|314259
Accounting.cs;1566315191;3;1437366650;|38329|315777
Calendar.cs;1566315191;1;1437366651;|39166|315101
Classification.cs;1566315191;1;1437366651;|39167|315102
Holdings.cs;1566315191;1;1437366651;|39168|315103
Instruments.cs;1566315191;1;1437366651;|39170|315105
ManagementEntities.cs;1566315191;1;1437366651;|39154|315089
Performance.cs;1566315191;1;1437366651;|39113|314779
Prices.cs;1566315191;2;1437366651;|38318|315831
Rating.cs;1566315191;1;1437366651;|39171|315106
OptionInstruments.cs;1566315191;3;1437462414;|38386|319240
Core.tt;3464266261;1;1438581001;|40010|322276
Core.cs;387001192;1;1438581001;|40011|322277
Special.cs;387001192;1;1439350564;|40043|323004
listTableSecurityXIdentifier.html;389014382;1;1442202184;|40681|330174
Commission.cs;1566315191;1;1444040231;|40824|332203
MSPA.cs;1566315191;1;1444395338;|40893|332490
TradeOrder.cs;1566315191;1;1446809586;|40721|330534
ActivityAndOrders.cs;1566315191;1;1448372143;|39164|315099
Accounting.tt;3406997794;9;1474515152;|38328|355935
Calendar.tt;2436315803;4;1474515152;|39162|355936
Classification.tt;2905320399;7;1474515152;|39161|355937
Commission.tt;793234284;4;1474515152;|40822|355938
Holdings.tt;617699350;4;1474515152;|39160|355939
Instruments.tt;1035354591;6;1474515152;|39159|355940
listTableAccountAdministrator.html;4254453472;9;1474515152;|38387|355941
listTableAccountExcecutive.html;2709385567;9;1474515152;|38388|355942
listTableAccountingCalender.html;3676727828;9;1474515152;|38344|355943
listTableAccountingParameters.html;3597524608;9;1474515152;|38330|355944
listTableAccountingView.html;3201850750;9;1474515152;|38331|355945
listTableAccountSpecificType.html;517952198;9;1474515152;|38332|355946
listTableAccountSubType.html;3132616187;9;1474515152;|38333|355947
listTableAdjustmentCategory.html;744717529;4;1474515152;|40526|355948
listTableAgentBank.html;3666464277;9;1474515152;|38389|355949
listTableAllocationGroup.html;4039864591;9;1474515152;|38352|355950
listTableAmortization.html;572250267;9;1474515152;|38334|355951
listTableAnalyst.html;2742146379;9;1474515152;|38390|355952
listTableAnnotations.html;2689328951;9;1474515152;|38400|355953
listTableAssetBacked.html;3605131082;9;1474515152;|38358|355954
listTableAssetType.html;3057807336;9;1474515152;|38374|355955
listTableAutomatedFreezepoint.html;1252499402;9;1474515152;|38335|355956
listTableBond.html;466645694;9;1474515152;|38359|355957
listTableBroker.html;3881348487;9;1474515152;|38375|355958
listTableBrokerGroup.html;355286351;5;1474515152;|40027|355959
listTableBrokerType.html;3651562611;5;1474515152;|40028|355960
listTableBusinessCalender.html;2914606976;9;1474515152;|38345|355961
listTableBusinessUnit.html;1172774094;5;1474515152;|39271|355962
listTableCash.html;1818052890;9;1474515152;|38360|355963
listTableChartOfAccounts.html;1507411839;9;1474515152;|38336|355964
listTableClass.html;450337358;9;1474515152;|38353|355965
listTableCommissionCode.html;4099115553;4;1474515152;|40823|355966
listTableCommissionRate.html;459198701;4;1474515152;|40836|355967
listTableCommissionSplit.html;3981038651;4;1474515152;|40854|355968
listTableCommissionType.html;2652366058;4;1474515152;|40845|355969
listTableCompanyDealType.html;3363960724;7;1474515152;|38917|355970
listTableCreditContract.html;1307569266;9;1474515152;|38348|355971
listTableCreditDeal.html;2333766;9;1474515152;|38349|355972
listTableCreditDefaultSwap.html;2110761677;9;1474515152;|38319|355973
listTableCreditDefaultSwapIndex.html;2248338923;9;1474515152;|38320|355974
listTableCreditFacility.html;1231167683;9;1474515152;|38350|355975
listTableCustodian.html;2895134870;9;1474515152;|38376|355976
listTableCustodianAccount.html;2472085923;10;1474515152;|38391|355977
listTableDeliveryAgent.html;3014517241;9;1474515152;|38392|355978
listTableEquity.html;961818454;9;1474515152;|38361|355979
listTableExchange.html;3585836602;9;1474515152;|38393|355980
listTableFinancialAccountClass.html;3136185806;7;1474515152;|39018|355981
listTableFinancialAccountType.html;2716656355;7;1474515153;|38969|355982
listTableFinancing.html;504444315;9;1474515153;|38321|355983
listTableFiscalCalender.html;4243229724;9;1474515153;|38346|355984
listTableForwardCash.html;3930569167;9;1474515153;|38362|355985
listTableForwardFXContract.html;2959938582;9;1474515153;|38363|355986
listTableFreezePoints.html;2737395978;9;1474515153;|38337|355987
listTableFund.html;3889682225;9;1474515153;|38377|355988
listTableFundPrices.html;1906332302;9;1474515153;|38401|355989
listTableFuture.html;326103492;9;1474515153;|38364|355990
listTableIndustry.html;3480624508;6;1474515153;|39246|355991
listTableInventoryState.html;3739073772;9;1474515153;|38338|355992
listTableInvestingFeeder.html;2121884801;9;1474515153;|38354|355993
listTableInvestmentPrices.html;1865794717;9;1474515153;|38402|355994
listTableInvestmentTheme.html;2669382559;6;1474515153;|39248|355995
listTableInvestmentType.html;2827655947;9;1474515153;|38378|355996
listTableIssuer.html;3812719861;9;1474515153;|38394|355997
listTableLegalEntity.html;3929810453;9;1474515153;|38379|355998
listTableLockdownPools.html;912043847;9;1474515153;|38339|355999
listTableManagementFirm.html;3393932476;9;1474515153;|38380|356000
listTableManager.html;3033957153;9;1474515153;|38395|356001
listTableMarketCapitalizationCategory.html;1783988194;4;1474515153;|40720|356002
listTableMediumOfExchange.html;910319040;12;1474515153;|38365|356003
listTableMSPAFile.html;380298593;4;1474515153;|40894|356004
listTableMSPAFileEvent.html;3652843681;4;1474515153;|40905|356005
listTableMSPAFileEventType.html;2182211757;2;1474515153;|40979|356006
listTableOption.html;735901357;9;1474515153;|38384|356007
listTableOrderAction.html;886192252;4;1474515153;|40737|356008
listTableOrderItem.html;3311126199;4;1474515153;|40802|356009
listTableOrderRequest.html;2219306676;4;1474515153;|40744|356010
listTableOrderStatus.html;2348348810;4;1474515153;|40793|356011
listTableOrderStatusGroup.html;2910224858;4;1474515153;|40771|356012
listTableOrderStatusType.html;1069545028;4;1474515153;|40780|356013
listTableOrderType.html;2461431398;4;1474515153;|40754|356014
listTablePerformanceKey.html;962070271;9;1474515153;|38324|356015
listTablePerformanceParameters.html;2377850711;9;1474515153;|38325|356016
listTablePortfolio.html;802906530;9;1474515153;|38381|356017
listTablePortfolioGroupRules.html;3439178560;9;1474515153;|38396|356018
listTablePortfolioType.html;206333222;8;1474515153;|38905|356019
listTablePosition.html;1614509717;7;1474515153;|39169|356020
listTablePriceList.html;1122141116;10;1474515153;|38403|356021
listTablePriceMarket.html;959388987;9;1474515153;|38404|356022
listTablePriceProvider.html;366187257;9;1474515153;|38405|356023
listTablePriceSchedule.html;2061715333;9;1474515153;|38406|356024
listTablePriceSource.html;2757191359;9;1474515153;|38356|356025
listTablePriceType.html;3763046723;9;1474515153;|38317|356026
listTableRating.html;1488699103;6;1474515153;|39153|356027
listTableRatingService.html;986747800;6;1474515153;|39152|356028
listTableRatingServices.html;3889765068;9;1474515153;|38397|356029
listTableRecordType.html;4149595490;4;1474515153;|40588|356030
listTableRight.html;3411924951;9;1474515153;|38385|356031
listTableSector.html;478974604;7;1474515153;|38945|356032
listTableSecurity.html;3218420325;4;1474515153;|40067|356033
listTableSecurityClass.html;1071622050;7;1474515153;|38925|356145
listTableSecurityType.html;4112406193;4;1474515153;|40066|356035
listTableSecurityTypeGroup.html;1496827980;4;1474515153;|40065|356036
listTableSecurityXExternalMarketDataIdentifier.html;2441148069;4;1474515153;|40644|356037
listTableSecurityXInvestmentIdentifier.html;2468467728;4;1474515153;|40763|356038
listTableSecurityXOther.html;2624804347;4;1474515153;|40628|356039
listTableSecurityXParty.html;1195773829;4;1474515153;|40654|356040
listTableSecurityXSettlementDay.html;232158531;4;1474515153;|40636|356041
listTableSeries.html;1169203681;9;1474515153;|38355|356042
listTableSTIF.html;2611365332;9;1474515153;|38366|356043
listTableStrategy.html;4073731002;9;1474515154;|38382|356044
listTableStrategyGroup.html;4060040962;6;1474515154;|39155|356045
listTableSubBusinessUnit.html;3879319532;5;1474515154;|39270|356046
listTableSubClass.html;116880288;9;1474515154;|38311|356047
listTableSubIndustry.html;3638069415;6;1474515154;|39247|356048
listTableSwapInvestment.html;2642120480;9;1474515154;|38322|356049
listTableTaxAccountType.html;1493193571;9;1474515154;|38340|356050
listTableTaxStatus.html;70664361;9;1474515154;|38341|356051
listTableTrader.html;2442998481;9;1474515154;|38398|356052
listTableTradingEventType.html;4070886014;2;1474515154;|40969|356053
listTableTransactionEvent.html;2767719287;11;1474515154;|39165|356054
listTableTransactionType.html;3709353491;5;1474515154;|40009|356055
listTableTWRBatchProcessing.html;1551213273;9;1474515154;|38326|356056
listTableTWRSet.html;3430592226;9;1474515154;|38327|356057
listTableTxInvestment.html;1744921265;6;1474515154;|40562|356058
listTableTxOther.html;924407340;6;1474515154;|40567|356059
listTableTxSettlementInfo.html;2135160518;6;1474515154;|40563|356060
listTableTxTradeAndSettleDates.html;127497947;6;1474515154;|40564|356061
listTableTxTradeFigures.html;228023573;6;1474515154;|40565|356062
listTableTxTradeInfo.html;3297781887;6;1474515154;|40566|356063
listTableWithholdingTaxType.html;117764104;9;1474515154;|38342|356064
ManagementEntities.tt;1312624097;4;1474515154;|39158|356065
MSPA.tt;213752244;4;1474515154;|40892|356066
OptionInstruments.tt;1735762900;5;1474515154;|38312|356067
Parties.tt;156449718;9;1474515154;|38313|356068
Performance.tt;1651558524;3;1474515154;|39157|356069
Prices.tt;2334426313;6;1474515154;|38314|356070
Rating.tt;3542947717;5;1474515154;|39156|356071
Special.tt;2686281477;2;1474515154;|40044|356072
TradeOrder.tt;54999960;10;1474515154;|40719|356073
listTableTransactionEventBuy.html;1127323592;1;1491536851;|41786|357248
listTableTransactionEventSell.html;1798472542;1;1491536851;|41793|357284
ActivityAndOrders.tt;3460921515;9;1491882994;|39163|357488
listTableTransactionEventCoverShort.html;82239002;1;1491882994;|41812|357381
listTableTransactionEventSellShort.html;3138692287;1;1491882994;|41804|357362
