SCMBranch=USR-717
SCMRepository=User Interface/Task Time Tracker/Web/Shared/TasksAndWorkflow/TaskRun
SCMMainlineUUID={6a359bb0-6131-417f-b48a-3113b3a22182}
SCMBranchRepositoryID=29208
Clone.aspx;1117318494;1;1417403915;|27542|278108
Clone.aspx.cs;3239853427;1;1417403915;|27514|278080
Clone.aspx.designer.cs;2557718792;1;1417403915;|27521|278087
CommonUpdate.aspx;1721770384;1;1417403915;|27543|278109
CommonUpdate.aspx.cs;3235446800;1;1417403915;|27531|278097
CommonUpdate.aspx.designer.cs;651040004;1;1417403915;|27532|278098
Default.aspx;3317335102;1;1417403915;|27526|278092
Default.aspx.cs;92895607;1;1417403915;|27533|278099
Default.aspx.designer.cs;2363405672;1;1417403915;|27534|278100
Delete.aspx;1639873497;1;1417403915;|27525|278091
Delete.aspx.cs;3079011226;1;1417403915;|27535|278101
Delete.aspx.designer.cs;259540640;1;1417403915;|27540|278106
Details.aspx;1406418464;1;1417403915;|27524|278090
Details.aspx.cs;2988009943;1;1417403915;|27539|278105
Details.aspx.designer.cs;945231395;1;1417403915;|27537|278103
Export.aspx;742397747;1;1417403915;|27523|278089
Export.aspx.cs;587165114;1;1417403915;|27536|278102
Export.aspx.designer.cs;4111837879;1;1417403915;|27515|278081
InlineUpdate.aspx;1892125142;1;1417403915;|27522|278088
InlineUpdate.aspx.cs;2776611368;1;1417403915;|27516|278082
InlineUpdate.aspx.designer.cs;647978372;1;1417403915;|27517|278083
Insert.aspx;1091562022;1;1417403915;|27541|278107
Insert.aspx.cs;1946262302;1;1417403915;|27518|278084
Insert.aspx.designer.cs;1699932480;1;1417403915;|27527|278093
Settings.aspx;1855517489;1;1417403915;|27520|278086
Settings.aspx.cs;3710380706;1;1417403915;|27528|278094
Settings.aspx.designer.cs;710614463;1;1417403915;|27529|278095
Update.aspx;3814928154;1;1417403915;|27519|278085
Update.aspx.cs;1480279237;1;1417403915;|27530|278096
Update.aspx.designer.cs;629455921;1;1417403915;|27538|278104
