SCMBranch=USR-717
SCMRepository=User Interface/Task Time Tracker/Web/Shared/Admin/Trace
SCMMainlineUUID={6a359bb0-6131-417f-b48a-3113b3a22182}
SCMBranchRepositoryID=12410
Clone.aspx.cs;4110269827;6;1394430864;|7418|109682
Export.aspx;1238967089;2;1394430864;|7408|118892
Export.aspx.designer.cs;3424943054;2;1394430864;|7412|154918
Insert.aspx.cs;1936429523;7;1394430864;|7409|109684
Settings.aspx.designer.cs;1290145987;2;1394430864;|9039|156258
Update.aspx.cs;2836812609;11;1394430864;|7420|110052
Settings.aspx;3097101282;3;1401678839;|9033|199168
Default.aspx;327654958;7;1408639047;|7411|233763
Clone.aspx;3211161237;5;1410146584;|7415|242621
Clone.aspx.designer.cs;514676401;3;1410146584;|7419|242622
CommonUpdate.aspx;325396475;5;1410146584;|9031|242623
CommonUpdate.aspx.designer.cs;3133983329;2;1410146584;|9035|242624
Default.aspx.cs;3264577286;14;1410146584;|7426|250600
Default.aspx.designer.cs;2965638576;5;1410146584;|7425|250601
Delete.aspx;1352776042;7;1410146584;|7406|250602
Delete.aspx.designer.cs;913236773;3;1410146584;|7423|242626
Details.aspx.cs;1800658561;8;1410146584;|7422|250605
Details.aspx.designer.cs;528845308;3;1410146584;|7421|242628
InlineUpdate.aspx;1706161470;4;1410146584;|9032|242629
InlineUpdate.aspx.designer.cs;3361339360;2;1410146584;|9037|242630
Insert.aspx;3796943473;5;1410146584;|7417|242631
Insert.aspx.designer.cs;378120229;3;1410146584;|7416|242632
Settings.aspx.cs;2006683299;2;1410146584;|9038|248755
Update.aspx.designer.cs;1452669195;3;1410146584;|7413|242634
Details.aspx;2519723811;8;1419542792;|7407|290992
Update.aspx;770708198;6;1419542792;|7410|290868
Delete.aspx.cs;3417544581;14;1425402162;|7424|297404
Export.aspx.cs;4027813834;8;1425402162;|7414|297405
UI_Pages.cs;1309701801;1;1462161225;|41499|345910
UI_Pages.tt;3306446492;1;1462161225;|41500|345911
InlineUpdate.aspx.cs;134772130;11;1464838985;|9036|349404
CommonUpdate.aspx.cs;847161665;12;1493092281;|9034|358321
