SCMBranch=USR-717
SCMRepository=User Interface/Task Time Tracker/Web/Shared/Configuration/ThemeDetails
SCMMainlineUUID={6a359bb0-6131-417f-b48a-3113b3a22182}
SCMBranchRepositoryID=14797
Clone.aspx.cs;513049589;2;1394430883;|10550|135356
Details.aspx.cs;1345430446;2;1394430884;|10536|135365
Export.aspx;2512085218;2;1394430884;|10554|135367
Export.aspx.designer.cs;2496356365;3;1394430884;|10543|154986
Insert.aspx.cs;3512362376;2;1394430884;|10544|135371
Search.aspx;3830953921;1;1394430884;|10552|134781
Search.aspx.cs;159247645;1;1394430884;|10546|134775
Search.aspx.designer.cs;830545404;1;1394430884;|10547|134776
Update.aspx.cs;2714431259;2;1394430884;|10548|135374
CommonUpdate.aspx.cs;1332202555;4;1408591366;|17825|228508
Default.aspx;1828073440;4;1408639052;|10540|232661
Clone.aspx;4279731711;5;1410146600;|10539|243259
Clone.aspx.designer.cs;2552846245;3;1410146600;|10533|243260
CommonUpdate.aspx;977555739;3;1410146600;|17827|243261
CommonUpdate.aspx.designer.cs;1473655239;2;1410146600;|17826|243262
Default.aspx.designer.cs;2504624326;3;1410146600;|10531|238788
Delete.aspx;237113086;6;1410146600;|10541|243263
Delete.aspx.cs;2795878373;7;1410146600;|10534|248813
Delete.aspx.designer.cs;2101994938;3;1410146600;|10535|243264
Details.aspx;1319568818;5;1410146600;|10542|243265
Details.aspx.designer.cs;459799392;3;1410146600;|10537|243266
Export.aspx.cs;2302760889;10;1410146600;|10538|245865
InlineUpdate.aspx;4108501581;3;1410146600;|18052|243267
InlineUpdate.aspx.cs;1912597449;4;1410146600;|18050|245866
InlineUpdate.aspx.designer.cs;2950428182;2;1410146600;|18051|243268
Insert.aspx;492962008;5;1410146600;|10553|243269
Insert.aspx.designer.cs;301847771;3;1410146600;|10545|243270
Update.aspx;2529998435;5;1410146600;|10551|243271
Update.aspx.designer.cs;1439353902;3;1410146600;|10549|243272
Default.aspx.cs;3472844957;8;1415331270;|10532|275120
