SCMBranch=USR-717
SCMRepository=User Interface/Task Time Tracker/Web/app/admin/services
SCMMainlineUUID={6a359bb0-6131-417f-b48a-3113b3a22182}
SCMBranchRepositoryID=27619
applicationModeService.js;3791900872;6;1430706964;|25639|302326
applicationRoleService.js;3951657911;3;1430706964;|26110|302327
dbCleanupService.js;2834068037;5;1430706964;|29258|302328
deployScriptsService.js;1809710051;4;1430706964;|34105|302329
elapsedTimeService.js;3436744403;2;1430706964;|35223|302330
fieldConfigurationModeService.js;3481919392;3;1430706964;|26109|302331
languageService.js;3825709283;3;1430706964;|26112|302332
menuCategoryService.js;619189591;4;1430706964;|26111|302333
workSummaryService.js;3590271902;3;1430706964;|35090|302335
questionService.js;3581107116;2;1434346699;|35197|302334
jiraListService.js;2268394858;3;1437973306;|35379|309605
