SCMBranch=USR-717
SCMRepository=User Interface/Task Time Tracker/Web/Shared/Configuration/UserPreference/Controls
SCMMainlineUUID={6a359bb0-6131-417f-b48a-3113b3a22182}
SCMBranchRepositoryID=5573
DynSearchFilter.ascx.designer.cs;3317410145;2;1377055532;|9588|80305
DynSearchFilter.ascx;1106606179;3;1377487295;|9590|81346
DynSearchFilter.ascx.cs;454639998;4;1379563474;|9589|99645
Details.ascx.designer.cs;963131155;3;1394430885;|2083|154695
Generic.ascx.designer.cs;641318541;2;1394430885;|2080|18234
List.ascx.designer.cs;1417909636;1;1394430885;|2078|7687
Validation.xml;3601122993;1;1394430885;|2076|2076
Generic.ascx;3436915983;6;1401244936;|2073|193481
List.ascx;1510446875;2;1401244936;|2074|193482
Details.ascx;537707397;7;1401678844;|2072|200178
SearchFilter.ascx.designer.cs;1221164953;7;1405544891;|2082|213062
SearchFilter.ascx;4159862546;18;1406825972;|2075|223190
List.ascx.cs;2420016656;6;1409070504;|2079|234585
Details.ascx.cs;3499970133;13;1410146601;|2084|247747
Generic.ascx.cs;1562530052;24;1414437923;|2081|273767
SearchFilter.ascx.cs;3762968253;34;1414437923;|2077|273768
