SCMBranch=USR-717
SCMRepository=User Interface/Task Time Tracker/Web/MA/ApplicationDevelopment/Entity/Controls
SCMMainlineUUID={6a359bb0-6131-417f-b48a-3113b3a22182}
SCMBranchRepositoryID=35766
SearchFilter.ascx.designer.cs;1145508767;1;1439523337;|40158|325206
Validation.xml;3687457457;1;1439523337;|40163|325211
Details.ascx;3873014254;2;1445829591;|40166|332811
Details.ascx.cs;1005284752;2;1445829591;|40162|332812
Details.ascx.designer.cs;1731140894;2;1445829591;|40167|332813
Generic.ascx;4132479680;2;1445829591;|40165|332814
Generic.ascx.designer.cs;1870601735;2;1445829591;|40160|332816
SearchFilter.ascx;3884499491;2;1445829591;|40164|332817
SearchFilter.ascx.cs;1724285218;3;1447042478;|40159|335263
Generic.ascx.cs;2020004633;6;1493092258;|40161|357813
