SCMBranch=USR-717
SCMRepository=User Interface/Task Time Tracker/Web/MS/TasksAndWorkflow/TaskSchedule/Controls
SCMMainlineUUID={6a359bb0-6131-417f-b48a-3113b3a22182}
SCMBranchRepositoryID=30832
Details.ascx;4217618847;1;1418613677;|34025|286603
Details.ascx.cs;1964379523;1;1418613677;|34022|286600
Details.ascx.designer.cs;1104413885;1;1418613677;|34023|286601
Generic.ascx;3845706839;1;1418613677;|34024|286602
Generic.ascx.designer.cs;347508369;1;1418613677;|34026|286604
List.ascx;2853291430;1;1418613677;|34019|286597
List.ascx.cs;2845212702;1;1418613677;|34027|286605
List.ascx.designer.cs;997646287;1;1418613677;|34028|286606
SearchFilter.ascx.designer.cs;2002355235;1;1418613677;|34030|286608
Validation.xml;2817056797;1;1418613677;|34021|286599
SearchFilter.ascx;4268929605;2;1422882971;|34020|295763
Generic.ascx.cs;2697559716;3;1469426650;|34031|352140
SearchFilter.ascx.cs;2016597329;2;1469426650;|34029|352141
