SCMBranch=USR-717
SCMRepository=User Interface/Task Time Tracker/Web/Prototype/Kendo/content/web
SCMMainlineUUID={6a359bb0-6131-417f-b48a-3113b3a22182}
SCMBranchRepositoryID=19079
contacts.gif;4049525186;1;1394430813;|13440|158529
contactsItems.gif;2444235198;1;1394430813;|13439|158528
delete.png;2213696298;1;1394430813;|13445|158534
edit.png;287222944;1;1394430813;|13459|158548
favicon.png;2935410483;1;1394430813;|13458|158547
folder.png;3892015406;1;1394430813;|13457|158546
foldersList.gif;809488528;1;1394430813;|13456|158545
mail.gif;1629201980;1;1394430813;|13461|158550
mailDeletedItems.gif;21223551;1;1394430813;|13455|158544
mailfolder.gif;2031290608;1;1394430813;|13454|158543
mailInbox.gif;455947791;1;1394430813;|13453|158542
mailItems.gif;2263154108;1;1394430813;|13452|158541
mailOutbox.gif;3215798162;1;1394430813;|13451|158540
mailPersonalFolders.gif;2003452752;1;1394430813;|13450|158539
mailSearch.gif;1543184315;1;1394430813;|13460|158549
mailSent.gif;3658640808;1;1394430813;|13438|158527
notes.gif;2478482353;1;1394430813;|13441|158530
notesItems.gif;3270237763;1;1394430813;|13442|158531
orm-comparison.png;3040834768;1;1394430813;|13443|158532
page_white_text.png;685111543;1;1394430813;|13444|158533
psy-album.jpg;3654373786;1;1394430813;|13446|158535
tasks.gif;3382911934;1;1394430813;|13447|158536
tasksItems.gif;2468210287;1;1394430813;|13448|158537
wave.png;1823951005;1;1394430813;|13449|158538
