SCMBranch=USR-717
SCMRepository=User Interface/Task Time Tracker/Web/Configuration/FieldConfigurationModeCategory/Controls
SCMMainlineUUID={6a359bb0-6131-417f-b48a-3113b3a22182}
SCMBranchRepositoryID=29115
Details.ascx.cs;3864013605;1;1417403878;|28021|278605
Generic.ascx.designer.cs;2197008810;1;1417403878;|28024|278608
List.ascx;828369573;1;1417403878;|28032|278616
List.ascx.cs;30978388;1;1417403878;|28027|278611
List.ascx.designer.cs;2611502771;1;1417403878;|28028|278612
SearchFilter.ascx;4033225037;1;1417403878;|28031|278615
SearchFilter.ascx.cs;2870570746;1;1417403878;|28029|278613
SearchFilter.ascx.designer.cs;3014858209;1;1417403878;|28033|278617
Validation.xml;1066268328;1;1417403878;|28030|278614
Details.ascx;1887571867;2;1428633516;|28025|299788
Details.ascx.designer.cs;1873411364;2;1428633516;|28022|299789
Generic.ascx;2383206907;2;1428633516;|28026|299790
Generic.ascx.cs;1480673307;3;1469426620;|28023|352058
