SCMBranch=USR-717
SCMRepository=User Interface/Task Time Tracker/Web/ckeditor/plugins/specialchar/lang
SCMMainlineUUID={6a359bb0-6131-417f-b48a-3113b3a22182}
SCMBranchRepositoryID=9827
_translationstatus.txt;1794788756;1;1394430781;|4578|11365
cs.js;379645835;1;1394430781;|4579|11366
cy.js;1235539723;1;1394430781;|4580|11367
de.js;1712802935;1;1394430781;|4581|11368
el.js;1388428557;1;1394430781;|4582|11369
en.js;4146221905;1;1394430781;|4583|11370
eo.js;1911461774;1;1394430781;|4584|11371
et.js;2335993104;1;1394430781;|4585|11372
fa.js;2950842187;1;1394430781;|4586|11373
fi.js;2434263094;1;1394430781;|4587|11374
fr.js;1930052836;1;1394430781;|4588|11375
he.js;2328052814;1;1394430781;|4589|11376
hr.js;1427714727;1;1394430781;|4590|11377
it.js;838421092;1;1394430781;|4591|11378
nb.js;3117947848;1;1394430781;|4592|11379
nl.js;2820076305;1;1394430781;|4593|11380
no.js;2521365293;1;1394430781;|4594|11381
pt-br.js;254968581;1;1394430781;|4595|11382
tr.js;1681881622;1;1394430781;|4596|11383
ug.js;4146457648;1;1394430781;|4597|11384
zh-cn.js;642443368;1;1394430781;|4598|11385
