SCMBranch=USR-717
SCMRepository=User Interface/Task Time Tracker/Web/Report/ReportCategory
SCMMainlineUUID={6a359bb0-6131-417f-b48a-3113b3a22182}
SCMBranchRepositoryID=22027
Clone.aspx;1029864241;5;1413169757;|18000|262789
Clone.aspx.cs;1203942205;2;1413169757;|18016|262790
Clone.aspx.designer.cs;2363085307;3;1413169757;|18017|262791
CommonUpdate.aspx;2299784333;4;1413169757;|18001|262792
CommonUpdate.aspx.designer.cs;3865004300;3;1413169757;|18019|262794
Default.aspx;840033917;9;1413169757;|18007|262795
Default.aspx.cs;1426050502;8;1413169757;|18028|262796
Default.aspx.designer.cs;2819383000;3;1413169757;|18029|262797
Delete.aspx;849975082;5;1413169757;|18008|262798
Delete.aspx.designer.cs;3925873634;3;1413169757;|18026|262800
Details.aspx.designer.cs;3461119297;3;1413169758;|18024|262803
Export.aspx;4254222684;2;1413169758;|18010|262804
Export.aspx.cs;2510223513;6;1413169758;|18023|262805
Export.aspx.designer.cs;3045136542;2;1413169758;|18022|262806
InlineUpdate.aspx;169286038;4;1413169758;|18011|262807
InlineUpdate.aspx.designer.cs;685399904;3;1413169758;|18006|262809
Insert.aspx;3596488406;5;1413169758;|18012|262810
Insert.aspx.cs;3344203960;2;1413169758;|18005|262811
Insert.aspx.designer.cs;174191693;3;1413169758;|18004|262812
Settings.aspx;3373155218;3;1413169758;|18013|262813
Settings.aspx.designer.cs;1098764297;2;1413169758;|18002|262815
Update.aspx.designer.cs;3880396563;3;1413169758;|18015|262818
Delete.aspx.cs;3839709913;7;1414005977;|18027|272742
Update.aspx;933779034;6;1419542792;|18014|290851
Details.aspx;2940907115;5;1439783836;|18009|325772
Details.aspx.cs;2079504945;8;1447042489;|18025|335305
Update.aspx.cs;3082238551;6;1447042489;|18021|335306
InlineUpdate.aspx.cs;145180819;5;1464838879;|18020|349222
Settings.aspx.cs;2162850109;6;1465193331;|18003|349963
CommonUpdate.aspx.cs;2422228773;8;1493092281;|18018|357852
