SCMBranch=USR-717
SCMRepository=User Interface/Task Time Tracker/Web/app/BM/CapitalMarkets/services
SCMMainlineUUID={6a359bb0-6131-417f-b48a-3113b3a22182}
SCMBranchRepositoryID=31514
scheduleStateService.js;1307312133;1;1419542772;|34109|290561
ServiceGenerator.cs;546881451;1;1429757178;|35877|301252
ServiceGenerator.tt;36457620;1;1429757178;|35882|301257
assetTypeService.js;1033373002;2;1430706965;|35881|302365
brokerService.js;1298687150;2;1430706965;|35876|302366
custodianService.js;2153000390;2;1430706965;|35883|302367
fundService.js;387400730;2;1430706965;|35884|302368
investmentTypeService.js;490503118;2;1430706965;|35885|302369
legalEntityService.js;1156248215;2;1430706965;|35880|302370
managementFirmService.js;95213318;2;1430706965;|35879|302371
portfolioService.js;3954606239;2;1430706965;|35878|302372
strategyService.js;832309035;2;1430706965;|35886|302373
strategyGroupService.js;1714052104;1;1435056992;|38883|310786
positionService.js;2747049237;1;1435121418;|38896|310816
ratingService.js;1237444856;1;1436151887;|38951|312746
transactionEventService.js;3067069594;1;1436410218;|38959|312903
financialAccountClassService.js;94071365;1;1436443905;|38976|313202
financialAccountTypeService.js;2482930237;1;1436847538;|39023|313935
NonStdEntityServiceGenerator.cs;17864673;2;1436847538;|38882|314178
NonStdEntityServiceGenerator.tt;656712575;7;1436847538;|38881|314179
fundXPortfolioService.js;4097945760;2;1437622754;|39256|319890
