SCMBranch=USR-717
SCMRepository=User Interface/Task Time Tracker/Web/app/BM/Legal/views/Gen/Save
SCMMainlineUUID={6a359bb0-6131-417f-b48a-3113b3a22182}
SCMBranchRepositoryID=35064
saveTransactionType.html;3519583710;3;1435138272;|38749|311448
Core.cs;1566315191;2;1439523321;|38587|322484
Core.tt;1720171656;6;1439523321;|38586|322485
saveCaseStatus.html;3613947171;5;1449034035;|38588|337797
saveCaseType.html;3219378074;5;1449034035;|38589|337798
saveClientType.html;3531844286;5;1449034035;|38590|337799
saveCounsel.html;3638471766;5;1449034035;|38591|337800
saveJurisdictions.html;568958970;5;1449034035;|38592|337801
saveMovantType.html;2887426892;5;1449034035;|38593|337802
savePressReleaseType.html;3374881390;5;1449034035;|38747|337803
saveReportingRequirement.html;684599268;5;1449034035;|38746|337804
saveReportType.html;1006167817;5;1449034035;|38745|337805
saveRetrievalMethod.html;2171931485;5;1449034035;|38744|337806
saveSettlementStatus.html;4130555365;5;1449034035;|38748|337807
