SCMBranch=USR-717
SCMRepository=User Interface/Task Time Tracker/Web/Shared/Configuration/SystemForeignRelationshipType/Controls
SCMMainlineUUID={6a359bb0-6131-417f-b48a-3113b3a22182}
SCMBranchRepositoryID=14864
Details.ascx.designer.cs;3649961022;2;1394430882;|10813|155244
Generic.ascx.designer.cs;1691493263;1;1394430882;|10804|135725
List.ascx.designer.cs;1084347217;1;1394430882;|10802|135723
Validation.xml;1066268328;1;1394430882;|10807|135728
Generic.ascx;3679286487;4;1401244935;|10810|195568
List.ascx;4202874872;2;1401244935;|10809|195569
Details.ascx;1211813362;4;1401678843;|10812|201822
SearchFilter.ascx;1684754715;8;1405999417;|10808|216846
Generic.ascx.cs;4170902592;4;1408591366;|10805|229701
List.ascx.cs;1630436242;4;1408591366;|10803|229702
Details.ascx.cs;4127120791;6;1413170147;|10806|267361
SearchFilter.ascx.cs;3882806065;6;1413170147;|10801|267362
SearchFilter.ascx.designer.cs;1537726260;4;1413170147;|10811|267363
