SCMBranch=USR-717
SCMRepository=User Interface/Task Time Tracker/Web/Prototype/Kendo/web/combobox
SCMMainlineUUID={6a359bb0-6131-417f-b48a-3113b3a22182}
SCMBranchRepositoryID=19178
api.html;3073171099;3;1406516548;|14094|221289
cascadingcombobox.html;1526505672;3;1406516548;|14090|221290
events.html;1661294254;3;1406516548;|14092|221291
index.html;3338346316;3;1406516548;|14093|221292
mvvm.html;685277537;3;1406516548;|14095|221293
navigation.html;2911502234;3;1406516548;|14091|221294
rtl.html;86513784;3;1406516548;|14088|221295
serverfiltering.html;414009428;3;1406516548;|14089|221296
template.html;1860782703;3;1406516548;|14087|221297
