SCMBranch=USR-717
SCMRepository=User Interface/Task Time Tracker/Web/Shared/Configuration/UserPreferenceSelectedItem
SCMMainlineUUID={6a359bb0-6131-417f-b48a-3113b3a22182}
SCMBranchRepositoryID=5580
Clone.aspx.cs;3868192694;7;1394430887;|2203|108927
Details.aspx.cs;1765490347;9;1394430887;|2200|120419
Export.aspx;854179764;2;1394430887;|2196|118827
Export.aspx.designer.cs;2621618314;2;1394430887;|2205|154706
Insert.aspx.cs;2735911919;10;1394430887;|2206|108931
Settings.aspx.designer.cs;603641944;2;1394430887;|2213|156176
Update.aspx.cs;1235293570;12;1394430887;|2214|108932
Settings.aspx;1650903880;5;1401678844;|2209|198606
Default.aspx;3899905429;11;1408639053;|2195|233549
Default.aspx.cs;1940819433;20;1408639053;|2211|233550
Clone.aspx;3116024392;6;1410146602;|2201|250072
Clone.aspx.designer.cs;1851438319;3;1410146602;|2216|250073
Default.aspx.designer.cs;2710997293;5;1410146602;|2197|250076
Delete.aspx;3862466523;7;1410146602;|2194|250077
Delete.aspx.designer.cs;1728875296;3;1410146602;|2199|250078
Details.aspx;2905852810;7;1410146602;|2193|250079
Details.aspx.designer.cs;4147642077;4;1410146602;|2202|250080
Export.aspx.cs;115394184;8;1410146603;|2204|245691
Insert.aspx;2448088857;6;1410146603;|2208|250081
Insert.aspx.designer.cs;1967233506;3;1410146603;|2207|250082
Settings.aspx.cs;1180644778;2;1410146603;|2212|248673
Update.aspx;2324498912;6;1410146603;|2210|250083
Update.aspx.designer.cs;563611526;3;1410146603;|2215|250084
Delete.aspx.cs;2466404953;15;1414437923;|2198|273774
