SCMBranch=USR-717
SCMRepository=User Interface/Task Time Tracker/Web/Shared/ApplicationDevelopment/FunctionalityXFunctionalityImage/Controls
SCMMainlineUUID={6a359bb0-6131-417f-b48a-3113b3a22182}
SCMBranchRepositoryID=22795
Details.ascx;93612993;2;1406094032;|19894|219482
Details.ascx.designer.cs;4049959322;2;1406094032;|19902|219484
Generic.ascx;2235215000;2;1406094032;|19904|219485
Generic.ascx.designer.cs;3838227324;2;1406094032;|19900|219487
List.ascx;970008112;2;1406094032;|19895|219488
List.ascx.designer.cs;1126539316;2;1406094032;|19899|219490
SearchFilter.ascx.designer.cs;3210810784;2;1406094032;|19897|219493
SearchFilter.ascx;2826112760;3;1406825965;|19896|223206
List.ascx.cs;2786449426;3;1408465043;|19893|226803
Details.ascx.cs;2016768270;4;1410146590;|19903|247844
Generic.ascx.cs;4019567182;5;1414437902;|19901|273666
SearchFilter.ascx.cs;2634521750;7;1414437902;|19898|273667
