SCMBranch=USR-717
SCMRepository=User Interface/Task Time Tracker/Web/Shared/ApplicationDevelopment/FunctionalityActiveStatus
SCMMainlineUUID={6a359bb0-6131-417f-b48a-3113b3a22182}
SCMBranchRepositoryID=22772
Clone.aspx.cs;3184392630;2;1406094026;|19476|219068
Export.aspx;1469810487;2;1406094026;|19471|219082
Export.aspx.designer.cs;3324646280;2;1406094026;|19487|219084
Insert.aspx.cs;2954031709;2;1406094026;|19490|219089
CommonUpdate.aspx.cs;801968320;3;1408379787;|19478|225960
Default.aspx.cs;4180617123;4;1408379787;|19480|225961
InlineUpdate.aspx.cs;2760109208;3;1408379787;|19488|225964
Default.aspx;4195077692;4;1408639047;|19468|232618
Clone.aspx;2195284508;3;1410146587;|19470|242739
Clone.aspx.designer.cs;285745831;3;1410146587;|19477|242740
CommonUpdate.aspx;481577377;3;1410146587;|19469|242741
CommonUpdate.aspx.designer.cs;451624427;3;1410146587;|19479|242742
Default.aspx.designer.cs;142246783;3;1410146587;|19481|238747
Delete.aspx;1326263571;3;1410146587;|19467|242743
Delete.aspx.designer.cs;201398309;3;1410146587;|19483|242744
Details.aspx;4185507370;3;1410146587;|19475|242745
Details.aspx.cs;834528210;3;1410146587;|19484|248767
Details.aspx.designer.cs;2780550899;3;1410146587;|19485|242746
Export.aspx.cs;3917288253;6;1410146587;|19486|245811
InlineUpdate.aspx;3184268626;3;1410146587;|19472|242747
InlineUpdate.aspx.designer.cs;3290199538;3;1410146587;|19489|242748
Insert.aspx;2309368379;3;1410146587;|19473|242749
Insert.aspx.designer.cs;3488403969;3;1410146587;|19491|242750
Update.aspx;3246904701;3;1410146587;|19474|242751
Update.aspx.cs;3307202652;3;1410146587;|19492|238428
Update.aspx.designer.cs;1191348610;3;1410146587;|19493|242752
Delete.aspx.cs;3943889033;6;1414376796;|19482|273363
