SCMBranch=USR-717
SCMRepository=User Interface/Task Time Tracker/Web/Shared/ApplicationDevelopment/FunctionalityEntityStatus/Controls
SCMMainlineUUID={6a359bb0-6131-417f-b48a-3113b3a22182}
SCMBranchRepositoryID=22775
Validation.xml;659351078;1;1405911747;|19551|213985
Details.ascx;4051684227;2;1406094027;|19545|219142
Details.ascx.designer.cs;3619450423;2;1406094027;|19556|219144
FESSummaryChart.ascx;435374229;2;1406094027;|19544|219145
FESSummaryChart.ascx.designer.cs;1457733439;2;1406094027;|19558|219147
List.ascx;1030082299;2;1406094027;|19549|219151
List.ascx.designer.cs;2844425493;2;1406094027;|19548|219153
SearchFilter.ascx.designer.cs;3150331525;2;1406094027;|19546|219156
FESSummaryChart.ascx.cs;1740734308;4;1408379788;|19543|225977
List.ascx.cs;881412370;3;1408379788;|19552|225979
Details.ascx.cs;459635402;4;1410146587;|19555|247835
Generic.ascx.cs;3449242769;8;1413307049;|19554|271889
Generic.ascx;2035915223;3;1415243834;|19557|274998
Generic.ascx.designer.cs;2058685749;3;1415243834;|19553|274999
SearchFilter.ascx;2197563693;4;1415243834;|19550|275000
SearchFilter.ascx.cs;3557253691;13;1415331270;|19547|275086
