SCMBranch=USR-717
SCMRepository=User Interface/Task Time Tracker/Web/MA/ApplicationDevelopment/FunctionalityOwner
SCMMainlineUUID={6a359bb0-6131-417f-b48a-3113b3a22182}
SCMBranchRepositoryID=30765
Clone.aspx.cs;1215121137;1;1418613668;|32802|285380
Clone.aspx.designer.cs;4235977505;1;1418613668;|32801|285379
CommonUpdate.aspx;3392688167;1;1418613668;|32807|285385
CommonUpdate.aspx.designer.cs;2855919522;1;1418613668;|32812|285390
Default.aspx.cs;2146866670;1;1418613668;|32808|285386
Default.aspx.designer.cs;3338624437;1;1418613668;|32811|285389
Delete.aspx.cs;4117392977;1;1418613668;|32806|285384
Delete.aspx.designer.cs;2385411408;1;1418613668;|32805|285383
Details.aspx.cs;1960638661;1;1418613668;|32804|285382
Details.aspx.designer.cs;1139066497;1;1418613668;|32803|285381
Export.aspx;2423037351;1;1418613668;|32792|285370
Export.aspx.cs;400711704;1;1418613668;|32798|285376
Export.aspx.designer.cs;4141129905;1;1418613668;|32797|285375
InlineUpdate.aspx;3369847676;1;1418613668;|32793|285371
InlineUpdate.aspx.designer.cs;436642741;1;1418613668;|32795|285373
Insert.aspx.cs;1389430745;1;1418613668;|32794|285372
Insert.aspx.designer.cs;649743610;1;1418613668;|32791|285369
Update.aspx.cs;1154330734;1;1418613668;|32786|285364
Update.aspx.designer.cs;4164878729;1;1418613668;|32787|285365
Clone.aspx;3675712000;3;1418752887;|32810|289001
Default.aspx;493192486;3;1418752887;|32788|289002
Delete.aspx;2440843659;3;1418752887;|32789|289003
Insert.aspx;919104671;3;1418752887;|32790|289004
Details.aspx;2276689073;2;1419542781;|32809|290791
Update.aspx;2404495406;4;1419542781;|32799|290792
UI_Pages.cs;1309701801;1;1462161185;|41528|346099
UI_Pages.tt;829149450;1;1462161185;|41529|346100
InlineUpdate.aspx.cs;3410357323;2;1464933980;|32796|349585
CommonUpdate.aspx.cs;4014869749;3;1493092262;|32800|357823
