SCMBranch=USR-717
SCMRepository=User Interface/Task Time Tracker/Web/Shared/Configuration/TabParentStructure/Controls
SCMMainlineUUID={6a359bb0-6131-417f-b48a-3113b3a22182}
SCMBranchRepositoryID=10273
Details.ascx.designer.cs;2347880277;2;1394430883;|4806|154981
List.ascx.designer.cs;614001024;1;1394430883;|4803|12766
Validation.xml;1006363150;1;1394430883;|4812|12775
List.ascx;1387569392;2;1401244935;|4810|193861
Details.ascx;3713546282;6;1401678843;|4808|200375
SearchFilter.ascx.designer.cs;327391135;6;1405544891;|4802|213163
SearchFilter.ascx;1253202763;15;1406825972;|4811|223219
List.ascx.cs;1946117558;6;1408591366;|4804|228499
Generic.ascx;2490826787;6;1412960513;|4809|256663
Generic.ascx.cs;962096091;13;1412960513;|4813|256664
Generic.ascx.designer.cs;240342361;2;1412960513;|4805|256665
Details.ascx.cs;1998408363;14;1414437912;|4807|273711
SearchFilter.ascx.cs;2931612448;23;1414437912;|4801|273850
