SCMBranch=USR-717
SCMRepository=User Interface/Task Time Tracker/Web/MasterPages/Schedule
SCMMainlineUUID={6a359bb0-6131-417f-b48a-3113b3a22182}
SCMBranchRepositoryID=23880
BootStrapDefault.Master.designer.cs;1280258027;1;1407208049;|20659|223803
TestBootStrap.Master.designer.cs;2485043915;1;1407208049;|20667|223811
BootStrapDefault.Master;2439149904;2;1407908448;|20653|224715
BootStrapDefault.Master.cs;2525143896;3;1407908448;|20658|224805
TestBootStrap.Master;3462754227;2;1407908448;|20657|224722
TestBootStrap.Master.cs;595151258;3;1407908448;|20666|224808
Export.Master;2101430100;2;1413169733;|20655|262043
Export.Master.cs;1278355762;6;1413169733;|20662|262044
Export.Master.designer.cs;161035463;2;1413169733;|20663|262045
ModuleSetup.cs;35342593;3;1413169733;|20881|262046
Site.Master.cs;2597265510;11;1435115689;|20664|311094
Site.Master;887387693;24;1437968853;|20656|321240
Site.Master.designer.cs;330623347;12;1437968853;|20665|321410
Default.Master.cs;2044608638;14;1435115689;|20660|311147
Default.Master.designer.cs;2682162756;12;1464006301;|20661|348056
Default.Master;3699333315;27;1464006299;|20654|348057
