SCMBranch=USR-717
SCMRepository=User Interface/Task Time Tracker/Web/Scripts/ace-editor/demo/bookmarklet/images
SCMMainlineUUID={6a359bb0-6131-417f-b48a-3113b3a22182}
SCMBranchRepositoryID=27223
ace.png;57264047;1;1410186247;|22914|251251
background.png;2722890542;1;1410186247;|22913|251250
body_background.png;3817414609;1;1410186247;|22912|251249
bottombar.png;2868046968;1;1410186247;|22908|251245
fork_on_github.png;1467218736;1;1410186247;|22909|251246
logo.png;3335249808;1;1410186247;|22910|251247
logo_half.png;3673464065;1;1410186247;|22911|251248
