SCMBranch=USR-717
SCMRepository=User Interface/Task Time Tracker/Web/Shared/AuthenticationAndAuthorization/ApplicationUserTitle
SCMMainlineUUID={6a359bb0-6131-417f-b48a-3113b3a22182}
SCMBranchRepositoryID=5559
Clone.aspx.cs;811914648;9;1394430873;|1832|125196
Details.aspx.cs;3131105932;11;1394430873;|1843|125198
Export.aspx;2845628430;2;1394430873;|1835|118814
Export.aspx.designer.cs;3065729377;2;1394430873;|1839|154683
RenumberData.aspx;2133107908;1;1394430873;|5813|21679
RenumberData.aspx.designer.cs;523507779;1;1394430873;|5812|21678
Update.aspx.cs;174560695;15;1394430873;|1845|125200
CommonUpdate.aspx.cs;1036911351;16;1408591363;|7142|229666
InlineUpdate.aspx.cs;3231119485;13;1408591363;|7139|229667
Default.aspx;1295040385;8;1408639050;|1840|233526
Clone.aspx;3850772789;7;1410146594;|1847|249987
Clone.aspx.designer.cs;47883502;3;1410146594;|1831|249988
CommonUpdate.aspx;3132076413;5;1410146595;|7138|250694
CommonUpdate.aspx.designer.cs;2347180077;3;1410146595;|7143|250695
Default.aspx.designer.cs;2837235749;5;1410146595;|1848|249989
Delete.aspx;1562676928;7;1410146595;|1837|249990
Delete.aspx.designer.cs;1842038810;3;1410146595;|1844|249991
Details.aspx;4220455726;7;1410146595;|1836|249992
Details.aspx.designer.cs;2772872111;3;1410146595;|1842|249993
Export.aspx.cs;636986667;12;1410146595;|1841|249994
InlineUpdate.aspx;814205125;5;1410146595;|7141|250696
InlineUpdate.aspx.designer.cs;3084974722;3;1410146595;|7140|250697
Insert.aspx;1142863386;6;1410146595;|1834|249995
Insert.aspx.designer.cs;1985736213;3;1410146595;|1830|249996
RenumberData.aspx.cs;3321525614;10;1410146595;|5814|250698
Update.aspx;2056458361;6;1410146595;|1833|249997
Update.aspx.designer.cs;3827753267;3;1410146595;|1829|249998
Default.aspx.cs;375701670;19;1412882825;|1849|256562
Insert.aspx.cs;3836524598;14;1412882825;|1838|256563
Delete.aspx.cs;4134968996;18;1414437912;|1846|273763
