SCMBranch=USR-717
SCMRepository=User Interface/Task Time Tracker/Web/Shared/Configuration/UserPreferenceCategory
SCMMainlineUUID={6a359bb0-6131-417f-b48a-3113b3a22182}
SCMBranchRepositoryID=5574
Clone.aspx.cs;3613243117;7;1394430885;|2092|108909
Details.aspx.cs;3048647932;9;1394430885;|2099|120416
Export.aspx;3019641794;2;1394430885;|2086|118821
Export.aspx.designer.cs;838864636;2;1394430885;|2102|154697
Insert.aspx.cs;2466573726;9;1394430885;|2103|108913
Settings.aspx.designer.cs;575332617;2;1394430886;|2106|156173
Update.aspx.cs;4244737063;12;1394430886;|2107|108914
Settings.aspx;512765204;5;1401678844;|2090|198588
Default.aspx;1942378589;14;1408639053;|2088|233536
Default.aspx.cs;9324338;20;1409070504;|2095|237290
Clone.aspx;1431748627;6;1410146601;|2089|250037
Clone.aspx.designer.cs;2464473122;3;1410146601;|2093|250038
Default.aspx.designer.cs;2522237504;7;1410146601;|2096|250039
Delete.aspx;2233604502;7;1410146601;|2087|250040
Delete.aspx.designer.cs;481731016;3;1410146601;|2098|250041
Details.aspx;804247197;7;1410146601;|2094|250042
Details.aspx.designer.cs;1398209152;4;1410146601;|2100|250043
Export.aspx.cs;793123144;8;1410146601;|2101|245688
Insert.aspx;4023056759;6;1410146601;|2085|250044
Insert.aspx.designer.cs;1767842383;3;1410146601;|2104|250045
Settings.aspx.cs;1347477842;2;1410146601;|2105|248669
Update.aspx;2315251086;6;1410146601;|2091|250046
Update.aspx.designer.cs;735054554;3;1410146601;|2108|250047
Delete.aspx.cs;4098651697;17;1414437923;|2097|273769
