SCMBranch=USR-717
SCMRepository=User Interface/Task Time Tracker/Web/Configuration/ApplicationRouteParameter
SCMMainlineUUID={6a359bb0-6131-417f-b48a-3113b3a22182}
SCMBranchRepositoryID=29104
Clone.aspx.cs;154879623;1;1417403876;|27805|278389
Clone.aspx.designer.cs;2440184064;1;1417403876;|27804|278388
CommonUpdate.aspx;2202323539;1;1417403876;|27786|278370
CommonUpdate.aspx.designer.cs;535321535;1;1417403876;|27787|278371
Default.aspx.cs;3930153355;1;1417403876;|27788|278372
Default.aspx.designer.cs;3668599413;1;1417403876;|27789|278373
Delete.aspx.cs;132305930;1;1417403876;|27790|278374
Delete.aspx.designer.cs;825097374;1;1417403876;|27791|278375
Details.aspx.cs;1658327039;1;1417403876;|27784|278368
Details.aspx.designer.cs;3891243054;1;1417403876;|27795|278379
InlineUpdate.aspx;2999392450;1;1417403876;|27806|278390
InlineUpdate.aspx.designer.cs;3814776192;1;1417403876;|27797|278381
Insert.aspx.cs;143733610;1;1417403876;|27798|278382
Insert.aspx.designer.cs;1285719119;1;1417403876;|27799|278383
Settings.aspx;2593673665;1;1417403876;|27808|278392
Settings.aspx.designer.cs;3945954164;1;1417403876;|27801|278385
Update.aspx.cs;3950763859;1;1417403876;|27802|278386
Update.aspx.designer.cs;2843622241;1;1417403876;|27803|278387
Clone.aspx;669169848;2;1417540915;|27785|280232
Default.aspx;841209935;2;1417540915;|27792|280233
Delete.aspx;1544814779;2;1417540915;|27793|280234
Insert.aspx;1334121121;2;1417540915;|27807|280236
Settings.aspx.cs;3503941524;2;1417540915;|27800|280237
Details.aspx;942649792;3;1419542777;|27794|290727
Update.aspx;3440622526;3;1419542777;|27809|290728
InlineUpdate.aspx.cs;1529855000;2;1464838855;|27796|349169
CommonUpdate.aspx.cs;3604810521;3;1493092258;|27810|357797
