SCMBranch=USR-717
SCMRepository=User Interface/Task Time Tracker/Web/Shared/Admin/FileType
SCMMainlineUUID={6a359bb0-6131-417f-b48a-3113b3a22182}
SCMBranchRepositoryID=5506
Clone.aspx.cs;3406944844;9;1394430859;|1189|131957
Details.aspx.cs;2920322960;13;1394430859;|1194|131961
Export.aspx;3010246210;2;1394430859;|1201|118793
Export.aspx.designer.cs;3222275068;2;1394430859;|1196|154622
Insert.aspx.cs;59785144;11;1394430859;|1197|109669
Update.aspx.cs;1859694723;14;1394430859;|1206|109670
Clone.aspx;2445412730;6;1410146580;|1205|241406
Clone.aspx.designer.cs;552978007;3;1410146580;|1188|241407
Delete.aspx;463217640;8;1410146580;|1203|241408
Delete.aspx.designer.cs;786451112;3;1410146580;|1193|241409
Details.aspx;3317173278;8;1410146580;|1202|241410
Details.aspx.designer.cs;3944244040;4;1410146580;|1195|241411
Export.aspx.cs;2168207106;7;1410146580;|1190|245666
InlineUpdate.aspx;366076470;4;1410146580;|8737|242565
InlineUpdate.aspx.designer.cs;428023188;2;1410146580;|8741|242566
Insert.aspx;1048652815;6;1410146580;|1200|241412
Insert.aspx.designer.cs;1100950417;3;1410146580;|1198|241413
Update.aspx.designer.cs;1478399599;3;1410146580;|1186|241415
Delete.aspx.cs;1407323811;17;1414005995;|1192|272705
Update.aspx;2530835566;7;1419542792;|1199|290575
CommonUpdate.aspx;2102829362;6;1462161225;|8742|346020
CommonUpdate.aspx.cs;1782981607;11;1462161225;|8738|346021
CommonUpdate.aspx.designer.cs;86433300;3;1462161225;|8739|346022
Default.aspx;3350886829;11;1462161225;|1204|346954
Default.aspx.cs;768477342;22;1462161225;|1187|346955
Default.aspx.designer.cs;1183734655;6;1462161225;|1191|346956
UI_Pages.cs;1309701801;1;1462161225;|41509|345974
UI_Pages.tt;2448689899;1;1462161225;|41508|345973
InlineUpdate.aspx.cs;1255096961;10;1464934164;|8740|349536
