SCMBranch=USR-717
SCMRepository=User Interface/Task Time Tracker/Web/ActivityXDeliverableArtifact/Controls
SCMMainlineUUID={6a359bb0-6131-417f-b48a-3113b3a22182}
SCMBranchRepositoryID=11819
Validation.xml;817351320;1;1394430770;|5884|21768
Details.ascx;560785279;6;1413169708;|5887|266410
Details.ascx.cs;879185842;12;1413169708;|5888|266411
Details.ascx.designer.cs;3356819239;4;1413169709;|5889|266412
Generic.ascx;882981469;9;1413169709;|5886|266413
Generic.ascx.cs;444669816;20;1413169709;|5890|266414
Generic.ascx.designer.cs;1147711460;4;1413169709;|5891|266415
List.ascx;212412101;4;1413169709;|5885|266416
List.ascx.cs;3332685919;8;1413169709;|5892|266417
List.ascx.designer.cs;1359610160;3;1413169709;|5893|266418
SearchFilter.ascx;2581314977;16;1413169709;|5883|266419
SearchFilter.ascx.cs;2912704894;30;1413169709;|5894|266420
SearchFilter.ascx.designer.cs;3733467956;8;1413169709;|5895|266421
