SCMBranch=USR-717
SCMRepository=User Interface/Task Time Tracker/Web/MS/EventNotification/NotificationRegistrar
SCMMainlineUUID={6a359bb0-6131-417f-b48a-3113b3a22182}
SCMBranchRepositoryID=30819
CommonUpdate.aspx;4008742108;1;1418613675;|33778|286356
CommonUpdate.aspx.designer.cs;3186793287;1;1418613675;|33781|286359
Export.aspx;4000135045;1;1418613676;|33787|286365
Export.aspx.cs;59918399;1;1418613676;|33796|286374
Export.aspx.designer.cs;1168775529;1;1418613676;|33797|286375
InlineUpdate.aspx;3779496722;1;1418613676;|33788|286366
InlineUpdate.aspx.designer.cs;622650023;1;1418613676;|33799|286377
Settings.aspx;2936283535;1;1418613676;|33790|286368
Settings.aspx.cs;1850711705;1;1418613676;|33802|286380
Settings.aspx.designer.cs;3148520890;1;1418613676;|33803|286381
Clone.aspx;1566623593;2;1418760068;|33777|289183
Default.aspx;90196683;2;1418760076;|33784|289184
Delete.aspx;638961124;2;1418760083;|33785|289185
Insert.aspx;1142362420;2;1418760099;|33789|289187
Clone.aspx.cs;1285914629;1;1418613675;|33806|286384
Clone.aspx.designer.cs;1700041411;1;1418613675;|33779|286357
Default.aspx.cs;1249785672;1;1418613675;|33782|286360
Default.aspx.designer.cs;701941919;1;1418613675;|33783|286361
Delete.aspx.cs;2937992546;1;1418613675;|33792|286370
Delete.aspx.designer.cs;1648982321;1;1418613675;|33793|286371
Details.aspx.cs;2384105872;1;1418613676;|33794|286372
Details.aspx.designer.cs;4121795732;1;1418613676;|33795|286373
Insert.aspx.cs;2606204488;1;1418613676;|33800|286378
Insert.aspx.designer.cs;1672431771;1;1418613676;|33801|286379
Update.aspx.cs;311296632;1;1418613676;|33804|286382
Update.aspx.designer.cs;3922211129;1;1418613676;|33805|286383
Details.aspx;2004186224;3;1419542792;|33786|290971
Update.aspx;1249400472;3;1419542792;|33791|290972
InlineUpdate.aspx.cs;133188358;2;1464933980;|33798|349527
CommonUpdate.aspx.cs;1638020893;3;1493092262;|33780|357840
