SCMBranch=USR-717
SCMRepository=User Interface/Task Time Tracker/Web/Shared/QualityAssurance/FunctionalityImageInstance
SCMMainlineUUID={6a359bb0-6131-417f-b48a-3113b3a22182}
SCMBranchRepositoryID=20992
Clone.aspx.cs;1061160009;1;1397684272;|17876|187351
Clone.aspx.designer.cs;3876341776;1;1397684272;|17881|187356
Default.aspx;3704877350;1;1397684272;|17863|187338
Default.aspx.designer.cs;2786824700;1;1397684272;|17882|187357
Delete.aspx.designer.cs;2016901319;1;1397684272;|17879|187354
Details.aspx.cs;1289231734;1;1397684272;|17878|187353
Details.aspx.designer.cs;204148194;1;1397684272;|17875|187350
Export.aspx;1746394130;1;1397684272;|17866|187341
Export.aspx.cs;1911385093;1;1397684272;|17874|187349
Export.aspx.designer.cs;3312229739;1;1397684272;|17873|187348
Insert.aspx.cs;4024109700;1;1397684272;|17872|187347
Insert.aspx.designer.cs;3454857160;1;1397684272;|17871|187346
Update.aspx.cs;3654275870;1;1397684272;|17870|187345
Update.aspx.designer.cs;3078463406;1;1397684272;|17869|187344
Clone.aspx;2155452473;2;1401678846;|17877|199467
Delete.aspx;169477065;3;1401678846;|17864|199468
Details.aspx;3339272983;2;1401678846;|17865|199469
Insert.aspx;1192124228;2;1401678846;|17867|199470
Update.aspx;285041148;2;1401678846;|17868|199471
Delete.aspx.cs;2401317761;2;1404236648;|17880|209335
Default.aspx.cs;100863650;2;1405544894;|17883|213220
