SCMBranch=USR-717
SCMRepository=User Interface/Task Time Tracker/Web/Prototype/Kendo/content/integration/bootstrap-integration/photos
SCMMainlineUUID={6a359bb0-6131-417f-b48a-3113b3a22182}
SCMBranchRepositoryID=19013
1.jpg;2524788852;1;1394430804;|13051|158140
10.jpg;2018978234;1;1394430804;|13048|158137
11.jpg;3652180504;1;1394430804;|13052|158141
12.jpg;946536374;1;1394430804;|13050|158139
2.jpg;4178009700;1;1394430804;|13049|158138
3.jpg;3628419080;1;1394430804;|13047|158136
4.jpg;537893261;1;1394430804;|13046|158135
5.jpg;3350165475;1;1394430804;|13045|158134
6.jpg;2748859645;1;1394430804;|13044|158133
7.jpg;321776960;1;1394430804;|13043|158132
8.jpg;4036017375;1;1394430804;|13042|158131
9.jpg;1445007502;1;1394430804;|13053|158142
