SCMBranch=USR-717
SCMRepository=User Interface/Task Time Tracker/Web/Content/glyphicons_free/glyphicons_social/png
SCMMainlineUUID={6a359bb0-6131-417f-b48a-3113b3a22182}
SCMBranchRepositoryID=22133
glyphicons_social_00_pinterest.png;1148724986;1;1401482548;|18718|196432
glyphicons_social_01_dropbox.png;119779680;1;1401482548;|18719|196433
glyphicons_social_02_google_plus.png;1034852210;1;1401482548;|18720|196434
glyphicons_social_03_jolicloud.png;3400660604;1;1401482548;|18721|196435
glyphicons_social_04_yahoo.png;1378055206;1;1401482548;|18722|196436
glyphicons_social_05_blogger.png;4087453605;1;1401482548;|18723|196437
glyphicons_social_06_picasa.png;495141534;1;1401482548;|18724|196438
glyphicons_social_07_amazon.png;2432766659;1;1401482548;|18725|196439
glyphicons_social_08_tumblr.png;563085332;1;1401482548;|18726|196440
glyphicons_social_09_wordpress.png;2757553936;1;1401482548;|18727|196441
glyphicons_social_10_instapaper.png;3026955300;1;1401482548;|18728|196442
glyphicons_social_11_evernote.png;3536967944;1;1401482548;|18729|196443
glyphicons_social_12_xing.png;4196218530;1;1401482548;|18730|196444
glyphicons_social_13_zootool.png;1894363444;1;1401482548;|18731|196445
glyphicons_social_14_dribbble.png;3559150528;1;1401482548;|18732|196446
glyphicons_social_15_deviantart.png;1500596931;1;1401482548;|18733|196447
glyphicons_social_16_read_it_later.png;1692825169;1;1401482548;|18734|196448
glyphicons_social_17_linked_in.png;3591298604;1;1401482548;|18735|196449
glyphicons_social_18_forrst.png;1822402961;1;1401482548;|18736|196450
glyphicons_social_19_pinboard.png;451449597;1;1401482548;|18737|196451
glyphicons_social_20_behance.png;1353904403;1;1401482548;|18738|196452
glyphicons_social_21_github.png;780531864;1;1401482548;|18739|196453
glyphicons_social_22_youtube.png;671126317;1;1401482548;|18740|196454
glyphicons_social_23_skitch.png;1242390653;1;1401482548;|18741|196455
glyphicons_social_24_4square.png;2956223560;1;1401482548;|18742|196456
glyphicons_social_25_quora.png;1254352801;1;1401482548;|18743|196457
glyphicons_social_26_badoo.png;1963393273;1;1401482548;|18744|196458
glyphicons_social_27_spotify.png;1968950616;1;1401482548;|18745|196459
glyphicons_social_28_stumbleupon.png;1560804075;1;1401482548;|18746|196460
glyphicons_social_29_readability.png;3036672041;1;1401482548;|18747|196461
glyphicons_social_30_facebook.png;220280775;1;1401482548;|18748|196462
glyphicons_social_31_twitter.png;2694256879;1;1401482548;|18749|196463
glyphicons_social_32_instagram.png;1183691326;1;1401482548;|18750|196464
glyphicons_social_33_posterous_spaces.png;1226629043;1;1401482548;|18751|196465
glyphicons_social_34_vimeo.png;3478315508;1;1401482548;|18752|196466
glyphicons_social_35_flickr.png;2562474565;1;1401482548;|18753|196467
glyphicons_social_36_last_fm.png;994083851;1;1401482548;|18754|196468
glyphicons_social_37_rss.png;2252803029;1;1401482548;|18755|196469
glyphicons_social_38_skype.png;993223250;1;1401482548;|18756|196470
glyphicons_social_39_e-mail.png;2535430234;1;1401482548;|18757|196471
glyphicons_social_40_vine.png;4016199001;1;1401482548;|18758|196472
glyphicons_social_41_myspace.png;430286791;1;1401482548;|18759|196473
glyphicons_social_42_goodreads.png;1423359169;1;1401482548;|18760|196474
glyphicons_social_43_apple.png;1532389983;1;1401482548;|18761|196475
glyphicons_social_44_windows.png;536605825;1;1401482548;|18762|196476
glyphicons_social_45_yelp.png;3942119994;1;1401482548;|18763|196477
glyphicons_social_46_playstation.png;3900694200;1;1401482548;|18764|196478
glyphicons_social_47_xbox.png;4120454456;1;1401482548;|18765|196479
glyphicons_social_48_android.png;3594618494;1;1401482548;|18766|196480
glyphicons_social_49_ios.png;687539055;1;1401482565;|18767|196481
