SCMBranch=USR-717
SCMRepository=User Interface/Task Time Tracker/Web/Shared/Admin/SystemIntegrity/SearchKey
SCMMainlineUUID={6a359bb0-6131-417f-b48a-3113b3a22182}
SCMBranchRepositoryID=13090
Clone.aspx.cs;1863604162;6;1394430861;|8841|110242
Details.aspx.cs;1753990284;7;1394430862;|8843|120444
Insert.aspx.cs;361570179;8;1394430862;|8833|110241
Update.aspx.cs;1467158357;9;1394430862;|8831|110240
Default.aspx.cs;919445687;9;1408591358;|8848|229606
Default.aspx;233813150;4;1408639046;|8840|233760
Clone.aspx;543544498;4;1410146581;|8845|250563
Clone.aspx.designer.cs;3202730541;2;1410146581;|8842|250564
Default.aspx.designer.cs;2716217215;3;1410146581;|8847|250565
Delete.aspx;4246325876;5;1410146582;|8836|250566
Delete.aspx.designer.cs;3703523975;2;1410146582;|8844|250567
Details.aspx.designer.cs;141673790;2;1410146582;|8834|250569
Insert.aspx;4090791044;4;1410146582;|8838|250570
Insert.aspx.designer.cs;3313904461;2;1410146582;|8832|250571
Update.aspx.designer.cs;730937308;2;1410146582;|8835|250573
Delete.aspx.cs;3051170891;12;1414376793;|8846|273354
Details.aspx;4252131777;6;1419542792;|8837|290986
Update.aspx;3227609611;5;1419542792;|8839|290987
