SCMBranch=USR-717
SCMRepository=User Interface/Task Time Tracker/Web/Shared/Admin/ApplicationRelation/Controls
SCMMainlineUUID={6a359bb0-6131-417f-b48a-3113b3a22182}
SCMBranchRepositoryID=27315
Details.ascx;3361961546;1;1410753081;|24311|252869
Details.ascx.cs;3169393879;1;1410753081;|24320|252878
Details.ascx.designer.cs;3762423799;1;1410753081;|24321|252879
Generic.ascx;3287117050;1;1410753081;|24310|252868
Generic.ascx.designer.cs;406623709;1;1410753081;|24318|252876
List.ascx.cs;2435518646;1;1410753081;|24317|252875
List.ascx.designer.cs;2196224777;1;1410753081;|24316|252874
SearchFilter.ascx;2067860544;1;1410753081;|24312|252870
SearchFilter.ascx.cs;4142441879;1;1410753081;|24315|252873
Validation.xml;3635860404;1;1410753081;|24313|252871
List.ascx;271143756;2;1410795682;|24322|253005
SearchFilter.ascx.designer.cs;512530577;2;1413170137;|24314|263647
Generic.ascx.cs;1295289420;2;1469426662;|24319|352163
