SCMBranch=USR-717
SCMRepository=User Interface/Task Time Tracker/Web/Shared/Configuration/UserPreferenceSelectedItem/Controls
SCMMainlineUUID={6a359bb0-6131-417f-b48a-3113b3a22182}
SCMBranchRepositoryID=5581
Details.ascx.designer.cs;827709352;3;1394430887;|2229|154707
Generic.ascx.designer.cs;3424519309;2;1394430887;|2219|18246
List.ascx.designer.cs;1025278451;1;1394430887;|2221|2221
Validation.xml;2454183738;1;1394430888;|2224|2224
Generic.ascx;1200999033;6;1401244936;|2227|193496
List.ascx;507266230;2;1401244936;|2226|193497
Details.ascx;437224253;5;1401678844;|2228|200186
SearchFilter.ascx.designer.cs;2579000581;7;1405544892;|2223|213314
SearchFilter.ascx;588881088;18;1406825972;|2225|223250
List.ascx.cs;756911763;5;1408639054;|2220|231301
Details.ascx.cs;813606679;14;1410146603;|2217|247751
Generic.ascx.cs;4114726529;22;1414437923;|2218|273775
SearchFilter.ascx.cs;1961192879;34;1414437923;|2222|273776
