SCMBranch=USR-717
SCMRepository=User Interface/Task Time Tracker/Web/Prototype/Kendo/web/calendar
SCMMainlineUUID={6a359bb0-6131-417f-b48a-3113b3a22182}
SCMBranchRepositoryID=19176
api.html;3476039100;3;1406516548;|14075|221274
events.html;1613956124;3;1406516548;|14076|221275
index.html;1679359779;3;1406516548;|14077|221276
mvvm.html;1378668618;3;1406516548;|14078|221277
navigation.html;879598503;3;1406516548;|14072|221278
rtl.html;1760171882;3;1406516548;|14073|221279
template.html;1490887367;3;1406516548;|14074|221280
