SCMBranch=USR-717
SCMRepository=User Interface/Task Time Tracker/Web/Shared/ApplicationManagement/ReleaseLogStatus
SCMMainlineUUID={6a359bb0-6131-417f-b48a-3113b3a22182}
SCMBranchRepositoryID=13283
Clone.aspx.cs;3377669609;5;1394430869;|9437|107385
Clone.aspx.designer.cs;3695410764;1;1394430869;|9438|76438
CommonUpdate.aspx.designer.cs;1639348048;1;1394430869;|9440|76440
Default.aspx.designer.cs;781209910;2;1394430869;|9446|97737
Delete.aspx.designer.cs;2803934446;1;1394430869;|9444|76444
Details.aspx.designer.cs;3092939597;2;1394430869;|9442|97739
Export.aspx;433451817;2;1394430869;|9428|118898
Export.aspx.designer.cs;283046448;2;1394430869;|9435|154935
InlineUpdate.aspx.designer.cs;3266746181;1;1394430869;|9432|76432
Insert.aspx.cs;2530390564;6;1394430869;|9424|107386
Insert.aspx.designer.cs;92017382;1;1394430869;|9434|76434
Update.aspx.designer.cs;1381677671;1;1394430869;|9421|76421
Clone.aspx;4215084557;3;1401678840;|9423|199197
CommonUpdate.aspx;150296465;3;1401678840;|9422|199198
Delete.aspx;3971034188;4;1401678840;|9426|199199
Details.aspx;1824618191;5;1401678840;|9427|199200
InlineUpdate.aspx;3727927120;3;1401678840;|9429|199201
Insert.aspx;1204700173;3;1401678840;|9430|199202
Update.aspx;83400938;3;1401678840;|9431|199203
Export.aspx.cs;2143574775;6;1404235260;|9441|209448
Update.aspx.cs;2365125700;11;1404188574;|9436|209449
Details.aspx.cs;1250450033;14;1404188574;|9443|209452
InlineUpdate.aspx.cs;3141322877;8;1404235411;|9433|209454
Delete.aspx.cs;1888841626;9;1404236644;|9445|209680
CommonUpdate.aspx.cs;1098565561;10;1405911752;|9439|215646
Default.aspx;3735302912;4;1406649557;|9425|222727
Default.aspx.cs;2855064987;9;1406649557;|9447|222774
