SCMBranch=USR-717
SCMRepository=User Interface/Task Time Tracker/Web/Shared/Configuration/SystemForeignRelationshipDatabase
SCMMainlineUUID={6a359bb0-6131-417f-b48a-3113b3a22182}
SCMBranchRepositoryID=14915
Clone.aspx.cs;489194953;1;1394430881;|10828|136396
Details.aspx.cs;49946002;1;1394430881;|10836|136404
Insert.aspx.cs;1598060703;1;1394430881;|10819|136387
Update.aspx.cs;1716916944;1;1394430881;|10833|136401
CommonUpdate.aspx.cs;891234771;5;1408591366;|10830|229693
Default.aspx.cs;1767643389;6;1408591366;|10838|229696
InlineUpdate.aspx.cs;282163946;6;1408591366;|10834|229698
Default.aspx;3004373904;3;1408639052;|10821|233852
Clone.aspx;2653804753;5;1410146599;|10832|250823
Clone.aspx.designer.cs;3677615028;2;1410146599;|10829|250824
CommonUpdate.aspx;4108655571;4;1410146599;|10827|250825
CommonUpdate.aspx.designer.cs;114949881;2;1410146599;|10831|250826
Default.aspx.designer.cs;1648806651;2;1410146599;|10839|250827
Delete.aspx;3888868287;5;1410146599;|10822|250828
Delete.aspx.designer.cs;4279643830;2;1410146599;|10837|250829
Details.aspx;3393705056;4;1410146599;|10823|250830
Details.aspx.designer.cs;928104873;2;1410146599;|10835|250831
InlineUpdate.aspx;2200215657;4;1410146599;|10824|250832
InlineUpdate.aspx.designer.cs;1596432681;2;1410146599;|10820|250833
Insert.aspx;3624000312;4;1410146599;|10825|250834
Insert.aspx.designer.cs;41553509;2;1410146599;|10818|250835
Update.aspx;2819795594;4;1410146599;|10826|250836
Update.aspx.designer.cs;1990187511;2;1410146599;|10817|250837
Delete.aspx.cs;4107569440;6;1414437912;|10840|273846
