SCMBranch=USR-717
SCMRepository=User Interface/Task Time Tracker/Web/Shared/ApplicationManagement/ReleaseNote/ReleaseLogStatus/Controls
SCMMainlineUUID={6a359bb0-6131-417f-b48a-3113b3a22182}
SCMBranchRepositoryID=23947
Details.ascx;1337622798;1;1407766913;|20830|224379
Details.ascx.designer.cs;1098435496;1;1407766913;|20822|224371
Generic.ascx;2060006566;1;1407766913;|20829|224378
Generic.ascx.designer.cs;45871062;1;1407766913;|20824|224373
List.ascx;2967720563;1;1407766913;|20820|224369
List.ascx.designer.cs;2279111798;1;1407766913;|20826|224375
SearchFilter.ascx;1742125619;1;1407766913;|20819|224368
Validation.xml;1066268328;1;1407766913;|20831|224380
Details.ascx.cs;4003721789;2;1408639049;|20821|231469
List.ascx.cs;824095301;2;1408639049;|20825|231471
SearchFilter.ascx.cs;4213643610;2;1413170140;|20827|263691
SearchFilter.ascx.designer.cs;1447204006;2;1413170140;|20828|263692
Generic.ascx.cs;1117219479;6;1469426679;|20823|352194
