SCMBranch=USR-717
SCMRepository=User Interface/Task Time Tracker/Web/MA/ApplicationDevelopment/FunctionalityStatus/Controls
SCMMainlineUUID={6a359bb0-6131-417f-b48a-3113b3a22182}
SCMBranchRepositoryID=30770
Details.ascx;2982432736;1;1418613669;|32890|285468
Details.ascx.cs;3558002698;1;1418613669;|32902|285480
Details.ascx.designer.cs;2200775700;1;1418613669;|32891|285469
Generic.ascx;2730167451;1;1418613669;|32898|285476
Generic.ascx.designer.cs;2033311633;1;1418613669;|32893|285471
List.ascx;1871133762;1;1418613669;|32899|285477
List.ascx.cs;3352356845;1;1418613669;|32894|285472
List.ascx.designer.cs;535877840;1;1418613669;|32895|285473
SearchFilter.ascx;81693015;1;1418613669;|32900|285478
SearchFilter.ascx.cs;1835714333;1;1418613669;|32896|285474
SearchFilter.ascx.designer.cs;4013652641;1;1418613669;|32897|285475
Validation.xml;3687457457;1;1418613669;|32901|285479
Generic.ascx.cs;2703214141;3;1469426635;|32892|352105
