SCMBranch=USR-717
SCMRepository=User Interface/Task Time Tracker/Web/Configuration/Language
SCMMainlineUUID={6a359bb0-6131-417f-b48a-3113b3a22182}
SCMBranchRepositoryID=29122
Clone.aspx.cs;2587333317;1;1417403878;|28099|278683
Clone.aspx.designer.cs;1492019228;1;1417403878;|28098|278682
Delete.aspx.cs;2960095761;1;1417403878;|28107|278691
Delete.aspx.designer.cs;2327424368;1;1417403878;|28105|278689
Details.aspx;3480177853;1;1417403878;|28114|278698
Details.aspx.cs;3590337585;1;1417403878;|28104|278688
Details.aspx.designer.cs;3105609970;1;1417403878;|28103|278687
Export.aspx;3046189993;1;1417403878;|28093|278677
Export.aspx.cs;3010355890;1;1417403878;|28102|278686
Export.aspx.designer.cs;2266153243;1;1417403878;|28101|278685
InlineUpdate.aspx;3896174198;1;1417403878;|28094|278678
InlineUpdate.aspx.designer.cs;2630606697;1;1417403878;|28113|278697
Insert.aspx.cs;1292173370;1;1417403878;|28100|278684
Insert.aspx.designer.cs;2736541942;1;1417403878;|28095|278679
Settings.aspx;3879801365;1;1417403878;|28106|278690
Settings.aspx.cs;1536438568;1;1417403878;|28087|278671
Settings.aspx.designer.cs;2485761616;1;1417403878;|28088|278672
Update.aspx.cs;1588427851;1;1417403878;|28089|278673
Clone.aspx;3909389464;2;1417540916;|28091|280276
Delete.aspx;1808584766;2;1417540916;|28112|280278
Insert.aspx;924370793;2;1417540916;|28115|280279
Update.aspx;2737350504;4;1428633516;|28116|299791
Update.aspx.designer.cs;1060292053;2;1428633516;|28090|299792
CommonUpdate.aspx;2187692850;2;1462161178;|28110|346262
CommonUpdate.aspx.cs;3297650684;2;1462161178;|28097|346263
CommonUpdate.aspx.designer.cs;750173099;2;1462161178;|28096|346264
Default.aspx;1214723814;3;1462161178;|28111|346265
Default.aspx.cs;3967168506;2;1462161178;|28109|346266
Default.aspx.designer.cs;863868588;2;1462161178;|28108|346267
UI_Pages.cs;1309701801;1;1462161178;|41543|346187
UI_Pages.tt;1012493131;1;1462161178;|41542|346186
InlineUpdate.aspx.cs;2571443658;2;1464838855;|28092|349177
