SCMBranch=USR-717
SCMRepository=User Interface/Task Time Tracker/Web/Shared/Configuration/FieldConfigurationModeXApplicationRole/V1/Controls
SCMMainlineUUID={6a359bb0-6131-417f-b48a-3113b3a22182}
SCMBranchRepositoryID=14762
Details.ascx.designer.cs;2885634601;2;1394430879;|10478|154966
Generic.ascx.designer.cs;1354722948;1;1394430879;|10476|134354
List.ascx.designer.cs;4078712671;1;1394430879;|10474|134352
SearchFilter.ascx.designer.cs;3747237276;1;1394430879;|10472|134350
Validation.xml;3386814017;1;1394430879;|10484|134362
Generic.ascx;2750781680;4;1401244934;|10480|193832
List.ascx;134548235;2;1401244934;|10481|193833
Details.ascx;892362313;4;1401678843;|10479|200362
SearchFilter.ascx;2469116119;5;1406825965;|10483|223214
SearchFilter.ascx.cs;3910676143;6;1408639051;|10473|233845
Generic.ascx.cs;2769133779;7;1409070503;|10477|237530
List.ascx.cs;717205617;4;1409070503;|10475|234760
Details.ascx.cs;584129632;5;1413170147;|10482|263718
