SCMBranch=USR-717
SCMRepository=User Interface/Task Time Tracker/Web/Shared/Admin/SystemIntegrity/SuperKey/Controls
SCMMainlineUUID={6a359bb0-6131-417f-b48a-3113b3a22182}
SCMBranchRepositoryID=5522
Details.ascx.designer.cs;3232049331;3;1394430863;|1392|154636
Generic.ascx.designer.cs;818615740;2;1394430863;|1394|18514
List.ascx.designer.cs;1301711282;1;1394430863;|1397|1397
SearchFilter.ascx.designer.cs;4283570290;4;1394430863;|1385|63507
Validation.xml;3491362526;1;1394430863;|1396|1396
Generic.ascx;2337116350;4;1401244930;|1387|193415
List.ascx;287668344;2;1401244930;|1388|193416
SearchFilter.ascx;2289339276;8;1401244930;|1389|195313
Details.ascx;4200778154;4;1401678839;|1386|200150
List.ascx.cs;2678691573;6;1408591358;|1395|227633
Details.ascx.cs;1518982012;11;1469426665;|1391|351693
Generic.ascx.cs;3824691915;17;1469426665;|1393|351694
SearchFilter.ascx.cs;1695705243;17;1469426665;|1390|353329
