SCMBranch=USR-717
SCMRepository=User Interface/Task Time Tracker/Web/Scripts/Select2-locales
SCMMainlineUUID={6a359bb0-6131-417f-b48a-3113b3a22182}
SCMBranchRepositoryID=27356
select2_locale_ar.js;167135654;1;1410795672;|24252|252672
select2_locale_az.js;2487735476;1;1410795672;|24251|252671
select2_locale_bg.js;3268871782;1;1410795672;|24250|252670
select2_locale_ca.js;3354445407;1;1410795672;|24223|252643
select2_locale_cs.js;620312884;1;1410795672;|24209|252629
select2_locale_da.js;205234738;1;1410795672;|24210|252630
select2_locale_de.js;2376867615;1;1410795672;|24211|252631
select2_locale_el.js;3043464064;1;1410795672;|24212|252632
select2_locale_es.js;4001392178;1;1410795672;|24213|252633
select2_locale_et.js;3872681388;1;1410795672;|24214|252634
select2_locale_eu.js;2157979968;1;1410795672;|24215|252635
select2_locale_fa.js;1197297534;1;1410795672;|24216|252636
select2_locale_fi.js;3401166376;1;1410795672;|24217|252637
select2_locale_fr.js;2327108452;1;1410795672;|24218|252638
select2_locale_gl.js;441248989;1;1410795672;|24219|252639
select2_locale_he.js;95204545;1;1410795672;|24220|252640
select2_locale_hr.js;1788230756;1;1410795672;|24221|252641
select2_locale_hu.js;2611648560;1;1410795672;|24222|252642
select2_locale_id.js;609501799;1;1410795672;|24253|252673
select2_locale_is.js;478787306;1;1410795672;|24224|252644
select2_locale_it.js;3490936982;1;1410795672;|24225|252645
select2_locale_ja.js;2239756382;1;1410795672;|24226|252646
select2_locale_ka.js;298645938;1;1410795672;|24227|252647
select2_locale_ko.js;75338111;1;1410795672;|24228|252648
select2_locale_lt.js;794256199;1;1410795672;|24229|252649
select2_locale_lv.js;3262469963;1;1410795672;|24230|252650
select2_locale_mk.js;1702412173;1;1410795672;|24231|252651
select2_locale_ms.js;2079874935;1;1410795672;|24232|252652
select2_locale_nl.js;987052496;1;1410795672;|24233|252653
select2_locale_no.js;1224817849;1;1410795681;|24234|252654
select2_locale_pl.js;3546391589;1;1410795681;|24235|252655
select2_locale_pt-BR.js;1406889494;1;1410795681;|24236|252656
select2_locale_pt-PT.js;899001759;1;1410795681;|24237|252657
select2_locale_ro.js;1908930626;1;1410795681;|24238|252658
select2_locale_rs.js;3088735304;1;1410795681;|24239|252659
select2_locale_ru.js;1882834998;1;1410795681;|24240|252660
select2_locale_sk.js;883920672;1;1410795681;|24241|252661
select2_locale_sv.js;1642033090;1;1410795682;|24242|252662
select2_locale_th.js;1349318108;1;1410795682;|24243|252663
select2_locale_tr.js;1181435344;1;1410795682;|24244|252664
select2_locale_ua.js;1597445444;1;1410795682;|24245|252665
select2_locale_uk.js;1160099901;1;1410795682;|24246|252666
select2_locale_vi.js;3276253262;1;1410795682;|24247|252667
select2_locale_zh-CN.js;2319823109;1;1410795682;|24248|252668
select2_locale_zh-TW.js;2219402871;1;1410795682;|24249|252669
