SCMBranch=USR-717
SCMRepository=User Interface/Task Time Tracker/Web/ckeditor/plugins/showblocks/images
SCMMainlineUUID={6a359bb0-6131-417f-b48a-3113b3a22182}
SCMBranchRepositoryID=9821
block_address.png;1582779357;1;1394430780;|4544|11331
block_blockquote.png;4050428900;1;1394430780;|4545|11332
block_div.png;440651755;1;1394430780;|4546|11333
block_h1.png;3378777842;1;1394430780;|4547|11334
block_h2.png;2745608042;1;1394430780;|4548|11335
block_h3.png;120846104;1;1394430781;|4549|11336
block_h4.png;543253271;1;1394430781;|4550|11337
block_h5.png;3526937679;1;1394430781;|4551|11338
block_h6.png;3167359811;1;1394430781;|4552|11339
block_p.png;4068566275;1;1394430781;|4553|11340
block_pre.png;3607766098;1;1394430781;|4554|11341
