SCMBranch=USR-717
SCMRepository=User Interface/Task Time Tracker/Web/MA/ApplicationManagement/HelpPage/Controls
SCMMainlineUUID={6a359bb0-6131-417f-b48a-3113b3a22182}
SCMBranchRepositoryID=30781
Details.ascx;4000455678;1;1418613670;|33106|285684
Details.ascx.designer.cs;4214258964;1;1418613670;|33099|285677
Generic.ascx;3124857959;1;1418613670;|33105|285683
Generic.ascx.designer.cs;2853111469;1;1418613670;|33097|285675
List.ascx;4219957773;1;1418613670;|33104|285682
List.ascx.cs;1798251580;1;1418613670;|33101|285679
List.ascx.designer.cs;3153179729;1;1418613670;|33096|285674
Validation.xml;1843144429;1;1418613670;|33102|285680
SearchFilter.ascx.designer.cs;257923674;2;1418758706;|33107|289058
SearchFilter.ascx.cs;3373219972;2;1418758800;|33095|289059
SearchFilter.ascx;2717885339;2;1418758706;|33103|289060
Details.ascx.cs;1685424292;3;1469426635;|33100|352113
Generic.ascx.cs;2723007235;4;1469426635;|33098|352114
