SCMBranch=USR-717
SCMRepository=User Interface/Task Time Tracker/Web/APIV2/Controllers/RD
SCMMainlineUUID={6a359bb0-6131-417f-b48a-3113b3a22182}
SCMBranchRepositoryID=35527
RaceTypeController.cs;3071832864;6;1440741970;|40342|328510
SexTypeController.cs;4267096654;6;1440741970;|40340|328513
RDControllerGenerator.cs;3180278828;2;1440998727;|39368|328860
TimeZoneXCountryController.cs;274732449;1;1462161076;|41575|346930
CountryXReligionController.cs;1315087;1;1462765641;|41646|347384
CrossReference.cs;42954251;3;1462765641;|41594|347377
CrossReference.tt;536229362;3;1462765641;|41595|347397
Holiday.cs;2687042464;1;1462765641;|41643|347358
Holiday.tt;1569164233;1;1462765641;|41642|347357
HolidayXCountryController.cs;1204586216;1;1462765641;|41644|347365
LayerNameController.cs;352434624;1;1462765641;|41658|347442
TaskNameController.cs;1264916610;1;1462765641;|41650|347415
RDControllerGenerator.tt;1343297822;16;1462853221;|39374|347616
AddressController.cs;27405326;3;1471952056;|40603|354636
AirportController.cs;2798086497;8;1471952056;|39357|354637
CalendarController.cs;2934347413;8;1471952056;|39358|354638
CityController.cs;1022170734;8;1471952056;|39359|354639
ContinentController.cs;4047536078;8;1471952056;|39360|354640
CountryController.cs;2437387754;8;1471952056;|39361|354641
CurrencyController.cs;1571938696;8;1471952056;|39362|354642
EthnicityController.cs;3712678243;4;1471952056;|40575|354643
GenderController.cs;2212157352;3;1471952056;|40691|354522
GeographicRegionController.cs;3144073787;8;1471952056;|39363|354644
HelpLineController.cs;54570706;8;1471952056;|39364|354645
HolidayController.cs;140954761;8;1471952057;|39365|354646
MallController.cs;1137732618;8;1471952057;|39366|354647
MonumentController.cs;2767343826;8;1471952057;|39367|354648
PersonSuffixController.cs;1608375136;8;1471952057;|40341|354649
ProvinceController.cs;3034024212;3;1471952057;|40659|354529
ProvinceTypeController.cs;656155527;3;1471952057;|40660|354530
RegionController.cs;1731226831;8;1471952057;|39369|354650
ReligionController.cs;1150740086;8;1471952057;|39370|354651
StateController.cs;3153662266;8;1471952057;|39371|354652
TimeZoneController.cs;4048018780;8;1471952057;|39372|354653
TrainStationController.cs;1264299253;8;1471952057;|39373|354654
