SCMBranch=USR-717
SCMRepository=User Interface/Task Time Tracker/Web/MS/EventNotification/NotificationEventType/Controls
SCMMainlineUUID={6a359bb0-6131-417f-b48a-3113b3a22182}
SCMBranchRepositoryID=30814
Details.ascx.cs;2946717006;1;1418613675;|33681|286259
Generic.ascx.designer.cs;2192874798;1;1418613675;|33678|286256
List.ascx;2227247750;1;1418613675;|33684|286262
List.ascx.cs;644699808;1;1418613675;|33677|286255
List.ascx.designer.cs;4180154959;1;1418613675;|33676|286254
SearchFilter.ascx.cs;4236618951;1;1418613675;|33687|286265
SearchFilter.ascx.designer.cs;735750108;1;1418613675;|33675|286253
Validation.xml;455833259;1;1418613675;|33686|286264
SearchFilter.ascx;1541303666;2;1422882971;|33685|295757
Details.ascx;2743509521;2;1428633529;|33682|299882
Details.ascx.designer.cs;3892719365;2;1428633529;|33680|299883
Generic.ascx;2182343896;2;1428633529;|33683|299884
Generic.ascx.cs;1727122273;3;1469426650;|33679|352130
