SCMBranch=USR-717
SCMRepository=User Interface/Task Time Tracker/Web/Prototype/Kendo/content/web/treeview
SCMMainlineUUID={6a359bb0-6131-417f-b48a-3113b3a22182}
SCMBranchRepositoryID=19125
close.png;3829839728;1;1394430817;|13863|158952
coloricons-sprite.png;4204413120;1;1394430817;|13855|158944
edit.png;1707305458;1;1394430817;|13862|158951
file.png;3491378317;1;1394430817;|13861|158950
folder.png;2628089370;1;1394430817;|13860|158949
icons-sprite.png;4290593469;1;1394430817;|13859|158948
mail.png;2939533813;1;1394430817;|13858|158947
readmail.png;1756287928;1;1394430817;|13857|158946
search.png;191766563;1;1394430817;|13856|158945
settings.png;435118446;1;1394430817;|13854|158943
