SCMBranch=USR-717
SCMRepository=User Interface/Task Time Tracker/Web/Shared/QualityAssurance/FunctionalityXFunctionalityActiveStatus/Controls
SCMMainlineUUID={6a359bb0-6131-417f-b48a-3113b3a22182}
SCMBranchRepositoryID=12801
Details.ascx.designer.cs;1553948626;2;1394430900;|8395|155054
Generic.ascx.cs;2811811428;14;1394430900;|8396|153231
Generic.ascx.designer.cs;3405146267;2;1394430900;|8397|153232
List.ascx.cs;3553758203;4;1394430900;|8398|141148
List.ascx.designer.cs;2862591543;1;1394430900;|8399|31606
Validation.xml;3687457457;1;1394430901;|8389|31596
Generic.ascx;1126394767;5;1401244948;|8393|193954
List.ascx;689729242;3;1401244948;|8392|193955
Details.ascx;1863904120;5;1401678847;|8401|200416
Details.ascx.cs;157584154;12;1401678847;|8394|200417
SearchFilter.ascx;45518938;19;1405544894;|8391|213421
SearchFilter.ascx.cs;4288032040;25;1405544894;|8400|213422
SearchFilter.ascx.designer.cs;578339974;5;1405544894;|8390|213423
