SCMBranch=USR-717
SCMRepository=User Interface/Task Time Tracker/Web/MS/EventNotification/NotificationPublisherXEventType
SCMMainlineUUID={6a359bb0-6131-417f-b48a-3113b3a22182}
SCMBranchRepositoryID=30817
CommonUpdate.aspx;1137641278;1;1418613675;|33758|286336
CommonUpdate.aspx.designer.cs;1526317933;1;1418613675;|33736|286314
CrossReference.aspx;1150760760;1;1418613675;|33752|286330
CrossReference.aspx.designer.cs;3206084560;1;1418613675;|33762|286340
Export.aspx;3817949059;1;1418613675;|33748|286326
Export.aspx.cs;1252082585;1;1418613675;|33733|286311
Export.aspx.designer.cs;1663074597;1;1418613675;|33731|286309
InlineUpdate.aspx;1214296754;1;1418613675;|33747|286325
InlineUpdate.aspx.designer.cs;1711032318;1;1418613675;|33757|286335
NotificationPublisherXEventTypeView.aspx;3347934858;1;1418613675;|33745|286323
NotificationPublisherXEventTypeView.aspx.designer.cs;425057252;1;1418613675;|33742|286320
Clone.aspx;3049576718;2;1418759924;|33759|289171
Default.aspx;2538375734;2;1418759935;|33751|289172
Delete.aspx;736517342;2;1418759941;|33750|289173
Insert.aspx;3945556148;2;1418759961;|33746|289175
Clone.aspx.cs;129221613;1;1418613675;|33761|286339
Clone.aspx.designer.cs;465579753;1;1418613675;|33760|286338
Default.aspx.cs;1895948172;1;1418613675;|33754|286332
Default.aspx.designer.cs;533514492;1;1418613675;|33763|286341
Delete.aspx.designer.cs;491046566;1;1418613675;|33738|286316
Details.aspx.cs;57862409;1;1418613675;|33735|286313
Details.aspx.designer.cs;1068970109;1;1418613675;|33734|286312
Insert.aspx.cs;2249137363;1;1418613675;|33739|286317
Insert.aspx.designer.cs;1813213150;1;1418613675;|33740|286318
Update.aspx.cs;1559554224;1;1418613675;|33743|286321
Update.aspx.designer.cs;2404892353;1;1418613675;|33755|286333
Details.aspx;3495047399;3;1419542792;|33749|290969
Update.aspx;2177629276;3;1419542792;|33744|290970
CrossReference.aspx.cs;1295365043;2;1447042489;|33756|335294
NotificationPublisherXEventTypeView.aspx.cs;2920283842;3;1447046859;|33741|335675
Delete.aspx.cs;1976363485;2;1462161207;|33753|346743
CommonUpdate.aspx.cs;496880498;3;1493092262;|33737|357838
InlineUpdate.aspx.cs;3681658516;5;1493092262;|33732|357839
