SCMBranch=USR-717
SCMRepository=User Interface/Task Time Tracker/Web/Shared/ApplicationDevelopment/DeveloperRole/Controls
SCMMainlineUUID={6a359bb0-6131-417f-b48a-3113b3a22182}
SCMBranchRepositoryID=22765
Validation.xml;3687457457;1;1405911745;|19333|213767
Details.ascx;4098725166;2;1406094024;|19329|218932
Details.ascx.designer.cs;3084011183;2;1406094024;|19339|218934
Generic.ascx;3656979986;2;1406094024;|19330|218935
Generic.ascx.designer.cs;540842814;2;1406094024;|19337|218937
List.ascx;3969668578;2;1406094024;|19331|218938
List.ascx.designer.cs;49095466;2;1406094024;|19334|218940
SearchFilter.ascx.designer.cs;619906403;3;1406172422;|19328|219718
SearchFilter.ascx;1636328619;3;1406825965;|19332|223200
List.ascx.cs;1494037349;3;1408379787;|19336|225940
Generic.ascx.cs;1564283032;4;1408591361;|19338|228767
Details.ascx.cs;531742448;4;1413170137;|19340|263658
SearchFilter.ascx.cs;3833732133;6;1414376796;|19335|273172
