SCMBranch=USR-717
SCMRepository=User Interface/Task Time Tracker/Web/app/BM/Legal/views
SCMMainlineUUID={6a359bb0-6131-417f-b48a-3113b3a22182}
SCMBranchRepositoryID=35060
main.html;293769180;1;1433221003;|38598|307796
Nav.aspx;298869909;1;1433221003;|38594|307797
Nav.aspx.cs;2634336877;1;1433221003;|38596|307798
Nav.aspx.designer.cs;2681433772;1;1433221003;|38597|307799
navClasses.html;3645171762;1;1438581001;|39972|322101
navEnrollment.html;1939949047;1;1439523305;|40213|325360
navWorkSchedules.html;107229497;4;1439523305;|39970|325470
navAA.html;3701768902;2;1471231016;|39973|353887
navBeta.html;1265425948;2;1471231016;|40207|353888
navTools.html;726280396;2;1471231016;|39971|353889
nav.html;1158490381;9;1497933793;|38595|359391
