SCMBranch=USR-717
SCMRepository=User Interface/Task Time Tracker/Web/ckeditor/plugins/smiley/images
SCMMainlineUUID={6a359bb0-6131-417f-b48a-3113b3a22182}
SCMBranchRepositoryID=9824
angel_smile.gif;3734446986;1;1394430781;|4556|11343
angry_smile.gif;1321367764;1;1394430781;|4557|11344
broken_heart.gif;1544551284;1;1394430781;|4558|11345
confused_smile.gif;3522047022;1;1394430781;|4559|11346
cry_smile.gif;1460983661;1;1394430781;|4560|11347
devil_smile.gif;1012493844;1;1394430781;|4561|11348
embaressed_smile.gif;1471222286;1;1394430781;|4562|11349
envelope.gif;613299274;1;1394430781;|4563|11350
heart.gif;424333107;1;1394430781;|4564|11351
kiss.gif;1606824362;1;1394430781;|4565|11352
lightbulb.gif;2980431248;1;1394430781;|4566|11353
omg_smile.gif;750015724;1;1394430781;|4567|11354
regular_smile.gif;1457312087;1;1394430781;|4568|11355
sad_smile.gif;2591059902;1;1394430781;|4569|11356
shades_smile.gif;937190174;1;1394430781;|4570|11357
teeth_smile.gif;1276498597;1;1394430781;|4571|11358
thumbs_down.gif;1215872152;1;1394430781;|4572|11359
thumbs_up.gif;1084244439;1;1394430781;|4573|11360
tounge_smile.gif;2394321030;1;1394430781;|4574|11361
whatchutalkingabout_smile.gif;255333199;1;1394430781;|4575|11362
wink_smile.gif;4082006199;1;1394430781;|4576|11363
