SCMBranch=USR-717
SCMRepository=User Interface/Task Time Tracker/Web/Shared/ApplicationDevelopment/FunctionalityXFunctionalityImage
SCMMainlineUUID={6a359bb0-6131-417f-b48a-3113b3a22182}
SCMBranchRepositoryID=22794
Clone.aspx.cs;2143672920;2;1406094031;|19884|219456
CrossReference.aspx.cs;4155047357;2;1406094031;|19882|219459
Delete.aspx;1614058767;2;1406094031;|19879|219464
Delete.aspx.designer.cs;701455235;2;1406094031;|19891|219466
Export.aspx;2940710265;2;1406094031;|19877|219470
Export.aspx.designer.cs;2732239824;2;1406094031;|19868|219472
FunctionalityView.aspx.cs;3321009181;2;1406094032;|19867|219474
Insert.aspx.cs;3739746921;2;1406094032;|19887|219477
Update.aspx.cs;3293730839;2;1406094032;|19889|219480
Default.aspx.cs;703532163;3;1408465043;|19880|226797
Default.aspx;774942835;3;1408639048;|19885|232630
Clone.aspx;3639974448;3;1410146589;|19886|242859
Clone.aspx.designer.cs;3034324402;3;1410146589;|19883|242860
CrossReference.aspx;3815842015;3;1410146589;|19892|242861
CrossReference.aspx.designer.cs;1294597659;3;1410146589;|19881|242862
Default.aspx.designer.cs;3378160017;3;1410146589;|19874|238757
Details.aspx;1960618983;3;1410146589;|19878|242863
Details.aspx.cs;1275674688;7;1410146589;|19871|245825
Details.aspx.designer.cs;3343461680;3;1410146589;|19870|242864
Export.aspx.cs;1640158369;6;1410146589;|19869|245826
FunctionalityView.aspx;1162784421;3;1410146590;|19876|242865
FunctionalityView.aspx.designer.cs;3085676922;3;1410146590;|19866|242866
Insert.aspx;3931010519;3;1410146590;|19875|242867
Insert.aspx.designer.cs;3479258627;3;1410146590;|19888|242868
Update.aspx;3710499552;3;1410146590;|19872|242869
Update.aspx.designer.cs;3110189283;3;1410146590;|19890|242870
Delete.aspx.cs;2629109271;7;1414437902;|19873|273801
