SCMBranch=USR-717
SCMRepository=User Interface/Task Time Tracker/Web/ckeditor/skins/office2003/images
SCMMainlineUUID={6a359bb0-6131-417f-b48a-3113b3a22182}
SCMBranchRepositoryID=9852
dialog_sides.gif;2101478406;1;1394430782;|4675|11462
dialog_sides.png;2800751821;1;1394430782;|4674|11461
dialog_sides_rtl.png;2105329972;1;1394430782;|4676|11463
mini.gif;2160920334;1;1394430782;|4670|11457
noimage.png;1809478944;1;1394430782;|4671|11458
sprites.png;2945825426;1;1394430782;|4672|11459
sprites_ie6.png;1450006633;1;1394430782;|4673|11460
