SCMBranch=USR-717
SCMRepository=User Interface/Task Time Tracker/Web/MA/RunTimeFeature/Controls
SCMMainlineUUID={6a359bb0-6131-417f-b48a-3113b3a22182}
SCMBranchRepositoryID=30801
Details.ascx.cs;4131213656;1;1418613673;|33467|286045
Generic.ascx.designer.cs;614830605;1;1418613673;|33464|286042
SearchFilter.ascx;2172533905;1;1418613673;|33470|286048
SearchFilter.ascx.cs;1151826983;1;1418613673;|33463|286041
SearchFilter.ascx.designer.cs;3328224457;1;1418613673;|33472|286050
Validation.xml;264845969;1;1418613673;|33471|286049
Details.ascx;3504196954;2;1428633529;|33468|299877
Details.ascx.designer.cs;828151331;2;1428633529;|33466|299878
Generic.ascx;1545609695;2;1428633529;|33469|299879
Generic.ascx.cs;972630211;3;1469426650;|33465|352125
