SCMBranch=USR-717
SCMRepository=User Interface/Task Time Tracker/Web/Shared/ApplicationDevelopment/ModuleOwner
SCMMainlineUUID={6a359bb0-6131-417f-b48a-3113b3a22182}
SCMBranchRepositoryID=22798
Clone.aspx.cs;1704660618;2;1406094033;|19964|219537
Export.aspx;2262510621;2;1406094033;|19951|219551
Export.aspx.designer.cs;1587834273;2;1406094033;|19960|219553
Insert.aspx.cs;2052675169;2;1406094033;|19957|219558
Update.aspx.cs;3054911489;2;1406094033;|19955|219561
Clone.aspx;1801514243;3;1410146590;|19963|242885
Clone.aspx.designer.cs;2774945361;3;1410146590;|19965|242886
CommonUpdate.aspx;3472116281;3;1410146590;|19962|242887
CommonUpdate.aspx.designer.cs;2355969945;3;1410146591;|19967|242888
Default.aspx;2933335036;4;1410146591;|19954|247560
Default.aspx.cs;3463539987;8;1410146591;|19974|247561
Default.aspx.designer.cs;3994738646;4;1410146591;|19973|247562
Delete.aspx;1102457011;3;1410146591;|19953|242889
Delete.aspx.designer.cs;1546216436;3;1410146591;|19970|242890
Details.aspx;3636347454;3;1410146591;|19952|242891
Details.aspx.cs;3866956802;3;1410146591;|19969|248783
Details.aspx.designer.cs;3686792970;3;1410146591;|19968|242892
Export.aspx.cs;2390457330;6;1410146591;|19961|245829
InlineUpdate.aspx;3895474666;3;1410146591;|19950|242893
InlineUpdate.aspx.designer.cs;1291923969;3;1410146591;|19958|242894
Insert.aspx;1095893947;3;1410146591;|19949|242895
Insert.aspx.designer.cs;949185366;3;1410146591;|19956|242896
Update.aspx;2157337309;3;1410146591;|19948|242897
Update.aspx.designer.cs;1350986705;3;1410146591;|19971|242898
CommonUpdate.aspx.cs;2716164159;5;1411059084;|19966|253134
InlineUpdate.aspx.cs;2004626575;4;1411059084;|19959|253135
Delete.aspx.cs;752656698;6;1414437902;|19972|273803
