SCMBranch=USR-717
SCMRepository=User Interface/Task Time Tracker/Web/Scripts/ace-editor/demo/kitchen-sink/docs
SCMMainlineUUID={6a359bb0-6131-417f-b48a-3113b3a22182}
SCMBranchRepositoryID=27225
abap.abap;3646785494;1;1410186247;|23022|251359
actionscript.as;746052434;1;1410186247;|23021|251358
ada.ada;2221637442;1;1410186247;|23020|251357
asciidoc.asciidoc;1837097576;1;1410186247;|23019|251356
AsciiDoc.html;1312813949;1;1410186247;|23018|251355
assembly_x86.asm;1390274038;1;1410186247;|23017|251354
autohotkey.ahk;3734560556;1;1410186247;|23016|251353
batchfile.bat;2847240761;1;1410186247;|22962|251299
c9search.c9search_results;1273569176;1;1410186247;|23030|251367
c_cpp.cpp;3898959610;1;1410186247;|23028|251365
cirru.cirru;1494209123;1;1410186247;|23027|251364
clojure.clj;765472577;1;1410186247;|23026|251363
cobol.CBL;1822120724;1;1410186247;|23025|251362
coffee.coffee;1468194144;1;1410186247;|23024|251361
coffeescript.coffee;1468194144;1;1410186247;|23023|251360
coldfusion.cfm;3897250746;1;1410186247;|23015|251352
cpp.cpp;3898959610;1;1410186247;|23032|251369
csharp.cs;4067479255;1;1410186247;|23014|251351
css.css;3396944713;1;1410186247;|22968|251305
curly.curly;3683940815;1;1410186247;|22931|251268
d.d;384582472;1;1410186247;|22918|251255
dart.dart;2030308263;1;1410186247;|22919|251256
diff.diff;1239940884;1;1410186247;|22920|251257
Dockerfile;950109451;1;1410186247;|22921|251258
dot.dot;1675927725;1;1410186247;|22922|251259
ejs.ejs;2353263246;1;1410186247;|22923|251260
erlang.erl;745219535;1;1410186247;|22924|251261
forth.frt;1910474899;1;1410186247;|22925|251262
freemarker.ftl;960922305;1;1410186247;|22926|251263
ftl.ftl;960922305;1;1410186247;|22927|251264
gherkin.feature;1434098177;1;1410186247;|22928|251265
glsl.glsl;81269678;1;1410186247;|22929|251266
golang.go;3018296984;1;1410186247;|22930|251267
groovy.groovy;2850208277;1;1410186247;|23033|251370
haml.haml;449799296;1;1410186247;|22932|251269
handlebars.hbs;1366046496;1;1410186247;|22933|251270
haskell.hs;2406848762;1;1410186247;|22934|251271
Haxe.hx;1469403736;1;1410186247;|22935|251272
htaccess;4219666634;1;1410186247;|22936|251273
html.html;3904640598;1;1410186247;|22937|251274
html_ruby.erb;281463266;1;1410186247;|22938|251275
ini.ini;6052276;1;1410186247;|22939|251276
Jack.jack;3134450900;1;1410186247;|22940|251277
jade.jade;717086520;1;1410186247;|22941|251278
java.java;2014275200;1;1410186248;|22942|251279
javascript.js;586004211;1;1410186248;|22943|251280
json.json;1291282323;1;1410186248;|22944|251281
jsoniq.jq;1822120724;1;1410186248;|22945|251282
jsp.jsp;3542341497;1;1410186248;|22946|251283
jsx.jsx;2761849475;1;1410186248;|22947|251284
julia.jl;2226268821;1;1410186248;|22948|251285
latex.tex;3484701118;1;1410186248;|22949|251286
less.less;2612639985;1;1410186248;|22950|251287
liquid.liquid;3862288132;1;1410186248;|22951|251288
lisp.lisp;995531970;1;1410186248;|22952|251289
livescript.ls;4009499080;1;1410186248;|22953|251290
logiql.logic;3845453142;1;1410186248;|22954|251291
lsl.lsl;968268222;1;1410186248;|22955|251292
lua.lua;370127923;1;1410186248;|22956|251293
luapage.lp;3749836051;1;1410186248;|22957|251294
lucene.lucene;1170407757;1;1410186248;|22958|251295
Makefile;1664963698;1;1410186248;|22959|251296
markdown.md;2795125184;1;1410186248;|22960|251297
matlab.matlab;1822120724;1;1410186248;|22961|251298
mel.mel;1519206178;1;1410186248;|23031|251368
mushcode.mc;3066079325;1;1410186248;|22963|251300
mysql.mysql;1822120724;1;1410186248;|22964|251301
Nix.nix;3583052310;1;1410186248;|22965|251302
objectivec.m;945705096;1;1410186248;|22966|251303
ocaml.ml;4089150708;1;1410186248;|22967|251304
OpenSCAD.scad;254391826;1;1410186248;|23029|251366
pascal.pas;2369245228;1;1410186248;|22969|251306
perl.pl;1800404153;1;1410186248;|22970|251307
pgsql.pgsql;924360033;1;1410186248;|22971|251308
php.php;3418511975;1;1410186248;|22972|251309
plaintext.txt;3023291604;1;1410186248;|22973|251310
powershell.ps1;3497357489;1;1410186248;|22974|251311
prolog.plg;2755815232;1;1410186248;|22975|251312
properties.properties;573009504;1;1410186248;|22976|251313
protobuf.proto;2064180636;1;1410186248;|22977|251314
python.py;1065773821;1;1410186248;|22978|251315
r.r;2474608924;1;1410186248;|22979|251316
rdoc.Rd;854337232;1;1410186248;|22980|251317
rhtml.Rhtml;3089308122;1;1410186248;|22981|251318
ruby.rb;1401733775;1;1410186248;|22982|251319
rust.rs;3829761506;1;1410186248;|22983|251320
sass.sass;3326374446;1;1410186248;|22984|251321
scad.scad;254391826;1;1410186248;|22985|251322
scala.scala;533449385;1;1410186248;|22986|251323
scheme.scm;2190815368;1;1410186248;|22987|251324
scss.scss;3117572989;1;1410186248;|22988|251325
sh.sh;1283234455;1;1410186248;|22989|251326
sjs.sjs;3797727409;1;1410186248;|22990|251327
smarty.smarty;4009045130;1;1410186248;|22991|251328
snippets.snippets;2648579089;1;1410186248;|22992|251329
soy_template.soy;3265294082;1;1410186248;|22993|251330
space.space;1783125937;1;1410186248;|22994|251331
sql.sql;2704971087;1;1410186248;|22995|251332
stylus.styl;4251667620;1;1410186248;|22996|251333
svg.svg;1688813031;1;1410186248;|22997|251334
tcl.tcl;385541447;1;1410186248;|22998|251335
tex.tex;2751397560;1;1410186248;|22999|251336
textile.textile;1401502982;1;1410186248;|23000|251337
tinymush.mc;3066079325;1;1410186248;|23001|251338
tmSnippet.tmSnippet;2648579089;1;1410186248;|23002|251339
toml.toml;3203499879;1;1410186248;|23003|251340
twig.twig;3764735128;1;1410186248;|23004|251341
typescript.ts;4214193323;1;1410186248;|23005|251342
vala.vala;634885597;1;1410186248;|23006|251343
vbscript.vbs;2029604472;1;1410186248;|23007|251344
velocity.vm;2584340529;1;1410186248;|23008|251345
verilog.v;3122317493;1;1410186248;|23009|251346
vhdl.vhd;1728248519;1;1410186248;|23010|251347
xml.xml;146066990;1;1410186248;|23011|251348
xquery.xq;2840046031;1;1410186248;|23012|251349
yaml.yaml;2019968538;1;1410186248;|23013|251350
