SCMBranch=USR-717
SCMRepository=User Interface/Task Time Tracker/Web/Prototype/Kendo/content/web/fx/pageturn
SCMMainlineUUID={6a359bb0-6131-417f-b48a-3113b3a22182}
SCMBranchRepositoryID=19101
arrow-left.png;1688741877;1;1394430816;|13757|158846
arrow-right.png;2257225333;1;1394430816;|13758|158847
audi.jpg;3926508398;1;1394430816;|13753|158842
book.png;3259835603;1;1394430816;|13752|158841
ferrari.jpg;2394200350;1;1394430816;|13759|158848
maserati.jpg;1009073384;1;1394430816;|13754|158843
mazda.jpg;1160678714;1;1394430816;|13751|158840
mercedes.jpg;1365105514;1;1394430816;|13756|158845
mini.jpg;2938288971;1;1394430816;|13755|158844
