SCMBranch=USR-717
SCMRepository=User Interface/Task Time Tracker/Web/MS/TasksAndWorkflow/TaskSchedule
SCMMainlineUUID={6a359bb0-6131-417f-b48a-3113b3a22182}
SCMBranchRepositoryID=30831
CommonUpdate.aspx;1472149779;1;1418613677;|34012|286590
CommonUpdate.aspx.designer.cs;3384255177;1;1418613677;|34007|286585
Export.aspx;3854558835;1;1418613677;|34003|286581
Export.aspx.cs;3385260169;1;1418613677;|33997|286575
Export.aspx.designer.cs;2058991972;1;1418613677;|33998|286576
InlineUpdate.aspx;2689764446;1;1418613677;|33994|286572
InlineUpdate.aspx.designer.cs;35118438;1;1418613677;|34000|286578
Settings.aspx;515223332;1;1418613677;|33992|286570
Settings.aspx.cs;4252270613;1;1418613677;|34014|286592
Settings.aspx.designer.cs;2109757475;1;1418613677;|34015|286593
Clone.aspx;255051727;2;1418760617;|34013|289213
Default.aspx;3033719049;2;1418760623;|34006|289214
Delete.aspx;75865476;2;1418760630;|34005|289215
Insert.aspx;3623506971;2;1418760645;|33993|289217
Update.aspx.cs;3008323505;1;1418613677;|34016|286594
Insert.aspx.designer.cs;2775204410;1;1418613677;|34011|286589
Insert.aspx.cs;3621017294;1;1418613677;|34002|286580
Details.aspx.designer.cs;3923579846;1;1418613677;|33996|286574
Details.aspx.cs;1217962110;1;1418613677;|33995|286573
Delete.aspx.designer.cs;3699865279;1;1418613677;|34017|286595
Clone.aspx.cs;2164923665;1;1418613677;|34010|286588
Clone.aspx.designer.cs;3126685267;1;1418613677;|34009|286587
Default.aspx.cs;3407443755;1;1418613677;|34018|286596
Default.aspx.designer.cs;633226766;1;1418613677;|33990|286568
Delete.aspx.cs;1501778883;1;1418613677;|33989|286567
Update.aspx.designer.cs;151737690;1;1418613677;|34001|286579
Details.aspx;181347632;3;1419542792;|34004|290981
Update.aspx;2238020986;3;1419542792;|33991|290982
CommonUpdate.aspx.cs;502783324;3;1493092262;|34008|357844
InlineUpdate.aspx.cs;1482719928;4;1493092262;|33999|357845
