SCMBranch=USR-717
SCMRepository=User Interface/Task Time Tracker/Web/Shared/Admin/Import
SCMMainlineUUID={6a359bb0-6131-417f-b48a-3113b3a22182}
SCMBranchRepositoryID=5508
Export.aspx;1580056269;2;1394430860;|1237|118794
Export.aspx.designer.cs;1473325160;2;1394430860;|1240|154626
Clone.aspx.cs;3096065704;7;1401331978;|1230|195836
Details.aspx.cs;3883261800;12;1401331978;|1222|195840
Insert.aspx.cs;2276934843;10;1401331978;|1224|195841
Update.aspx.cs;1568570005;15;1401331978;|1228|195842
Default.aspx;554180034;8;1408639046;|1226|233503
Default.aspx.cs;2377147679;22;1409070498;|1234|237275
Clone.aspx;196663444;6;1410146580;|1227|241416
Clone.aspx.designer.cs;3450687620;3;1410146580;|1232|241417
Default.aspx.designer.cs;3092702912;5;1410146580;|1233|249918
Delete.aspx;1204627864;7;1410146580;|1235|241418
Delete.aspx.designer.cs;881587217;3;1410146580;|1223|241419
Details.aspx.designer.cs;1244684268;3;1410146581;|1221|241421
Export.aspx.cs;2167105585;8;1410146581;|1220|245667
Insert.aspx;3744961780;6;1410146581;|1238|241422
Insert.aspx.designer.cs;1626762726;3;1410146581;|1225|241423
Update.aspx.designer.cs;3209302818;3;1410146581;|1229|241425
Delete.aspx.cs;3626749833;19;1414005995;|1231|272706
Details.aspx;3262234430;8;1419542792;|1236|290576
Update.aspx;3882745421;7;1419542792;|1239|290577
