SCMBranch=USR-717
SCMRepository=User Interface/Task Time Tracker/Web/Prototype/Kendo/content/web/Customers
SCMMainlineUUID={6a359bb0-6131-417f-b48a-3113b3a22182}
SCMBranchRepositoryID=19089
ALFKI.jpg;2403937104;1;1394430814;|13596|158685
ANATR.jpg;2233041667;1;1394430814;|13595|158684
ANTON.jpg;2263500742;1;1394430814;|13594|158683
AROUT.jpg;2163821456;1;1394430814;|13593|158682
BERGS.jpg;301018774;1;1394430814;|13592|158681
BLAUS.jpg;1060407265;1;1394430814;|13591|158680
BLONP.jpg;2944286;1;1394430814;|13590|158679
BOLID.jpg;1771440062;1;1394430814;|13589|158678
BONAP.jpg;443893498;1;1394430814;|13622|158711
BOTTM.jpg;713556386;1;1394430814;|13609|158698
BSBEV.jpg;193696242;1;1394430814;|13619|158708
CACTU.jpg;2006763090;1;1394430814;|13620|158709
CENTC.jpg;2094743927;1;1394430814;|13621|158710
CHOPS.jpg;623564421;1;1394430814;|13608|158697
COMMI.jpg;673045004;1;1394430814;|13604|158693
CONSH.jpg;748424424;1;1394430814;|13618|158707
DRACD.jpg;2464841991;1;1394430814;|13616|158705
DUMON.jpg;2566882275;1;1394430814;|13615|158704
EASTC.jpg;49994897;1;1394430814;|13614|158703
ERNSH.jpg;3218733671;1;1394430814;|13613|158702
FAMIA.jpg;1130830566;1;1394430814;|13612|158701
FISSA.jpg;767989114;1;1394430814;|13611|158700
FOLIG.jpg;641270732;1;1394430814;|13565|158654
FOLKO.jpg;1379611254;1;1394430814;|13610|158699
FRANK.jpg;3750391379;1;1394430814;|13606|158695
FRANR.jpg;4133059855;1;1394430814;|13605|158694
FRANS.jpg;1337299013;1;1394430814;|13603|158692
FURIB.jpg;1386952949;1;1394430814;|13602|158691
GALED.jpg;3678847611;1;1394430814;|13601|158690
GODOS.jpg;1221295736;1;1394430814;|13600|158689
GOURL.jpg;3300471546;1;1394430814;|13599|158688
GREAL.jpg;4202975325;1;1394430814;|13598|158687
GROSR.jpg;1032257781;1;1394430814;|13564|158653
HANAR.jpg;1710614988;1;1394430814;|13597|158686
HILAA.jpg;663871772;1;1394430814;|13532|158621
HUNGC.jpg;2884245536;1;1394430814;|13533|158622
HUNGO.jpg;17313106;1;1394430814;|13534|158623
ISLAT.jpg;2549132863;1;1394430814;|13535|158624
KOENE.jpg;259747601;1;1394430814;|13536|158625
LACOR.jpg;3645284209;1;1394430814;|13537|158626
LAMAI.jpg;1911726297;1;1394430814;|13538|158627
LAUGB.jpg;3221510003;1;1394430814;|13539|158628
LAZYK.jpg;4282897271;1;1394430814;|13540|158629
LEHMS.jpg;3698203333;1;1394430814;|13541|158630
LETSS.jpg;734971860;1;1394430814;|13542|158631
LILAS.jpg;132099581;1;1394430814;|13543|158632
LINOD.jpg;336534341;1;1394430814;|13544|158633
LONEP.jpg;1104134867;1;1394430814;|13545|158634
MAGAA.jpg;2400260397;1;1394430814;|13546|158635
MAISD.jpg;3074843152;1;1394430814;|13547|158636
MEREP.jpg;3542117653;1;1394430814;|13548|158637
MORGK.jpg;719661769;1;1394430814;|13549|158638
NORTS.jpg;3163716511;1;1394430814;|13550|158639
OCEAN.jpg;3239746393;1;1394430814;|13551|158640
OLDWO.jpg;4146915924;1;1394430814;|13552|158641
OTTIK.jpg;3795329066;1;1394430814;|13553|158642
PARIS.jpg;16441338;1;1394430814;|13554|158643
PERIC.jpg;3881510459;1;1394430814;|13555|158644
PICCO.jpg;1577697738;1;1394430814;|13556|158645
PRINI.jpg;1979262796;1;1394430814;|13557|158646
QUEDE.jpg;119151350;1;1394430814;|13558|158647
QUEEN.jpg;1054929995;1;1394430814;|13559|158648
QUICK.jpg;878728215;1;1394430814;|13560|158649
RANCH.jpg;80899693;1;1394430814;|13561|158650
RATTC.jpg;3372764062;1;1394430814;|13562|158651
REGGC.jpg;4083548287;1;1394430814;|13563|158652
RICAR.jpg;1881930299;1;1394430814;|13607|158696
RICSU.jpg;2141511513;1;1394430814;|13617|158706
ROMEY.jpg;614920230;1;1394430814;|13566|158655
SANTG.jpg;2165010851;1;1394430814;|13567|158656
SAVEA.jpg;3051262149;1;1394430814;|13568|158657
SEVES.jpg;1798750571;1;1394430814;|13569|158658
SIMOB.jpg;4082044916;1;1394430814;|13570|158659
SPECD.jpg;310367003;1;1394430814;|13571|158660
SPLIR.jpg;906555422;1;1394430814;|13572|158661
SUPRD.jpg;1403852235;1;1394430814;|13573|158662
THEBI.jpg;240923983;1;1394430814;|13574|158663
THECR.jpg;2346407202;1;1394430814;|13575|158664
TOMSP.jpg;1519924919;1;1394430814;|13576|158665
TORTU.jpg;4265921861;1;1394430814;|13577|158666
TRADH.jpg;3170503217;1;1394430814;|13578|158667
TRAIH.jpg;877731690;1;1394430814;|13579|158668
VAFFE.jpg;2964756259;1;1394430814;|13580|158669
VICTE.jpg;4156701795;1;1394430814;|13581|158670
VINET.jpg;2992799537;1;1394430814;|13582|158671
WANDK.jpg;3451515197;1;1394430814;|13583|158672
WARTH.jpg;4003036864;1;1394430814;|13584|158673
WELLI.jpg;1109599147;1;1394430815;|13585|158674
WHITC.jpg;1341269652;1;1394430815;|13586|158675
WILMK.jpg;2079962765;1;1394430815;|13587|158676
WOLZA.jpg;1992261601;1;1394430815;|13588|158677
