SCMBranch=USR-717
SCMRepository=User Interface/Task Time Tracker/Web/Shared/ApplicationDevelopment/FeatureOwnerStatus/Controls
SCMMainlineUUID={6a359bb0-6131-417f-b48a-3113b3a22182}
SCMBranchRepositoryID=22769
Validation.xml;3687457457;1;1405911746;|19425|213859
Details.ascx;1938022475;2;1406094025;|19421|219016
Details.ascx.designer.cs;3571092712;2;1406094025;|19414|219018
List.ascx;3102805929;2;1406094025;|19423|219022
List.ascx.designer.cs;561269389;2;1406094025;|19418|219024
SearchFilter.ascx;34125724;3;1406172422;|19424|219726
List.ascx.cs;141398800;3;1408379787;|19417|225957
Details.ascx.cs;1554615271;4;1410146586;|19426|247832
Generic.ascx;3267986711;3;1412634007;|19422|256150
Generic.ascx.cs;514383256;4;1412634007;|19415|256151
Generic.ascx.designer.cs;964375100;3;1412634007;|19416|256152
SearchFilter.ascx.cs;1681100945;6;1413170137;|19419|263661
SearchFilter.ascx.designer.cs;1467930068;4;1413170137;|19420|263662
