SCMBranch=USR-717
SCMRepository=User Interface/Task Time Tracker/Web/Shared/TasksAndWorkflow/TaskScheduleType/Controls
SCMMainlineUUID={6a359bb0-6131-417f-b48a-3113b3a22182}
SCMBranchRepositoryID=29213
Details.ascx;1981456829;1;1417403917;|27638|278204
Details.ascx.cs;3904224761;1;1417403917;|27637|278203
Details.ascx.designer.cs;3312576713;1;1417403917;|27636|278202
Generic.ascx;140091181;1;1417403917;|27639|278205
Generic.ascx.cs;4227842896;1;1417403917;|27635|278201
Generic.ascx.designer.cs;2539519102;1;1417403917;|27634|278200
List.ascx;2272096421;1;1417403917;|27640|278206
List.ascx.cs;1510278331;1;1417403917;|27633|278199
List.ascx.designer.cs;2755387903;1;1417403917;|27632|278198
SearchFilter.ascx;3444306112;1;1417403917;|27641|278207
SearchFilter.ascx.cs;4289234990;1;1417403917;|27631|278197
SearchFilter.ascx.designer.cs;4057500214;1;1417403917;|27630|278196
Validation.xml;4007626458;1;1417403917;|27642|278208
