SCMBranch=USR-717
SCMRepository=User Interface/Task Time Tracker/Web/app/BM/CapitalMarkets/views
SCMMainlineUUID={6a359bb0-6131-417f-b48a-3113b3a22182}
SCMBranchRepositoryID=31515
scheduleState-detail.html;3844140580;1;1419542772;|34110|290562
scheduleState-list.html;1919402617;1;1419542772;|34111|290563
detailAssetType.html;3089293955;1;1429757178;|35891|301266
detailBroker.html;3995870598;1;1429757178;|35892|301267
detailCustodian.html;1589991904;1;1429757178;|35893|301268
detailFund.html;2668699109;1;1429757178;|35894|301269
detailInvestmentType.html;1698326199;1;1429757178;|35895|301270
detailLegalEntity.html;3173363219;1;1429757178;|35896|301271
detailManagementFirm.html;1392808463;1;1429757178;|35897|301272
detailPortfolio.html;1246136259;1;1429757178;|35898|301273
detailStrategy.html;34433475;1;1429757178;|35899|301274
DetailViewGenerator.cs;546881451;1;1429757178;|35900|301275
DetailViewGenerator.tt;3103026933;1;1429757178;|35890|301265
ListTableViewGenerator.cs;546881451;1;1429757178;|35910|301285
ListTableViewGenerator.tt;289275100;1;1429757178;|35889|301264
saveanagementFirm.html;4213939003;1;1429757178;|35911|301286
saveAssetType.html;1362677282;1;1429757178;|35912|301287
saveBroker.html;2760712190;1;1429757178;|35913|301288
saveCustodian.html;486688312;1;1429757178;|35914|301289
saveFund.html;3079385355;1;1429757178;|35915|301290
saveInvestmentType.html;1668244353;1;1429757178;|35916|301291
saveLegalEntity.html;2166167146;1;1429757178;|35917|301292
savePortfolio.html;2698369167;1;1429757178;|35918|301293
saveStrategy.html;1132103288;1;1429757178;|35919|301294
SaveViewGenerator.cs;546881451;1;1429757197;|35888|301263
saveManagementFirm.html;2212110895;1;1430246142;|36034|301692
SaveViewGenerator.tt;3170746741;2;1430246142;|35887|301698
listTableAssetType.html;1719533415;2;1430752193;|35901|302980
listTableBroker.html;892420911;2;1430752193;|35902|302981
listTableCustodian.html;2636595501;2;1430752193;|35903|302982
listTableFund.html;734272302;2;1430752193;|35904|302983
listTableInvestmentType.html;1483755574;2;1430752193;|35905|302984
listTableLegalEntity.html;3784986937;2;1430752193;|35906|302985
listTableManagementFirm.html;1687948034;2;1430752193;|35907|302986
listTablePortfolio.html;3990037258;2;1430752193;|35908|302987
listTableStrategy.html;540279088;2;1430752193;|35909|302988
Nav.aspx;2267484531;2;1436152214;|35920|312525
Nav.aspx.cs;4226143738;2;1436152214;|35923|312526
Nav.aspx.designer.cs;2321103557;2;1436152214;|35921|312527
detailFinancialAccountClass.html;208803394;1;1436443905;|38978|313204
listTableFinancialAccountClass.html;1865879506;1;1436443905;|38977|313203
saveFinancialAccountClass.html;174926145;1;1436443905;|38979|313205
detailFinancialAccountType.html;1796369696;1;1436847538;|39026|313938
detailPosition.html;4041631517;6;1436847538;|38898|314182
detailRating.html;2462947863;2;1436847538;|38952|314183
detailStrategyGroup.html;2241205384;3;1436847538;|38886|314184
detailTransactionEvent.html;3702176572;2;1436847538;|38960|314185
listTableFinancialAccountType.html;3151970935;1;1436847538;|39025|313937
listTablePosition.html;1460871293;3;1436847538;|38897|314186
listTableRating.html;1065895791;2;1436847538;|38954|314187
listTableStrategyGroup.html;1617973769;3;1436847538;|38888|314188
listTableTransactionEvent.html;2502582654;2;1436847538;|38961|314189
NonStdEntityDetailViewGenerator.cs;17864673;2;1436847538;|38887|314191
NonStdEntityDetailViewGenerator.tt;3530087532;7;1436847538;|38884|314192
NonStdEntityListTableViewGenerator.cs;17864673;2;1436847538;|38889|314193
NonStdEntityListTableViewGenerator.tt;3022136116;7;1436847538;|38892|314194
NonStdEntitySaveViewGenerator.cs;17864673;2;1436847538;|38890|314195
NonStdEntitySaveViewGenerator.tt;3353353407;7;1436847538;|38885|314196
saveFinancialAccountType.html;4081690747;1;1436847538;|39024|313936
savePosition.html;2300771646;6;1436847538;|38899|314197
saveRating.html;3661863543;2;1436847538;|38953|314198
saveStrategyGroup.html;954530949;3;1436847538;|38891|314199
saveTransactionEvent.html;1685356909;2;1436847538;|38962|314200
FundXPortfolio.html;2541218515;4;1439523302;|39257|321675
navSecurityMaster.html;996810095;20;1446705279;|38936|334735
main.html;3713907074;2;1470315443;|35922|353665
nav.html;1387047006;35;1475465802;|35138|356673
navAA.html;1753286035;5;1475465802;|38928|356661
navBeta.html;2580655479;3;1475465802;|40240|356662
navIntegration.html;1091296657;5;1475465802;|40958|356663
navResearch.html;690835902;6;1475465802;|38933|356665
testDatePicker.html;2819740256;2;1475553281;|41781|356714
navTransactions.html;282870804;14;1491882994;|40530|357409
navPositionManagement.html;249305660;17;1497933792;|38937|359414
navRisk.html;379413802;3;1497933792;|38934|359415
