SCMBranch=USR-717
SCMRepository=User Interface/Task Time Tracker/Web/MA/AuthenticationAndAuthorization/ApplicationUserProfileImageMaster
SCMMainlineUUID={6a359bb0-6131-417f-b48a-3113b3a22182}
SCMBranchRepositoryID=30795
Clone.aspx.cs;3441037769;1;1418613672;|33346|285924
Clone.aspx.designer.cs;1984724306;1;1418613672;|33345|285923
CommonUpdate.aspx;4266468302;1;1418613672;|33368|285946
CommonUpdate.aspx.designer.cs;3382348600;1;1418613672;|33343|285921
Default.aspx.cs;1119022048;1;1418613672;|33341|285919
Default.aspx.designer.cs;2957838796;1;1418613672;|33342|285920
Delete.aspx.cs;2670287450;1;1418613672;|33347|285925
Delete.aspx.designer.cs;758127398;1;1418613672;|33370|285948
Details.aspx.cs;1352848013;1;1418613672;|33348|285926
Details.aspx.designer.cs;1575830069;1;1418613672;|33349|285927
Export.aspx;1162228522;1;1418613672;|33359|285937
Export.aspx.cs;822133263;1;1418613672;|33350|285928
Export.aspx.designer.cs;3213345970;1;1418613672;|33351|285929
InlineUpdate.aspx;1418081423;1;1418613672;|33358|285936
InlineUpdate.aspx.designer.cs;2741296490;1;1418613672;|33353|285931
Insert.aspx.cs;914234201;1;1418613672;|33354|285932
Insert.aspx.designer.cs;3572201245;1;1418613672;|33363|285941
ShowImage.aspx;1787374324;1;1418613672;|33356|285934
ShowImage.aspx.designer.cs;4129180507;1;1418613672;|33365|285943
Update.aspx.cs;2407876771;1;1418613672;|33366|285944
Update.aspx.designer.cs;115188846;1;1418613672;|33367|285945
Clone.aspx;2077854983;2;1418839025;|33369|289954
Default.aspx;265213020;2;1418839025;|33362|289955
Delete.aspx;2522623003;2;1418839025;|33361|289956
Insert.aspx;1024770084;2;1418839025;|33357|289957
Details.aspx;2618088451;2;1419542783;|33360|290816
Update.aspx;3909064418;3;1419542783;|33355|290817
InlineUpdate.aspx.cs;1573082344;2;1464838864;|33352|349210
ShowImage.aspx.cs;2083851253;2;1464838864;|33364|349211
CommonUpdate.aspx.cs;615230067;3;1493092262;|33344|357830
