SCMBranch=USR-717
SCMRepository=User Interface/Task Time Tracker/Web/Shared/Configuration/UserPreference
SCMMainlineUUID={6a359bb0-6131-417f-b48a-3113b3a22182}
SCMBranchRepositoryID=5572
Clone.aspx.cs;3577562870;7;1394430885;|2070|108902
Details.aspx.cs;1337141857;8;1394430885;|2050|120415
Export.aspx;624821542;2;1394430885;|2061|118819
Export.aspx.designer.cs;4275436671;2;1394430885;|2053|154694
Insert.aspx.cs;93434924;10;1394430885;|2054|108906
Settings.aspx.designer.cs;389152096;2;1394430885;|2057|156172
Update.aspx.cs;1183704667;13;1394430885;|2058|108907
Settings.aspx;398501713;5;1401678844;|2063|198582
Default.aspx;1250945169;14;1408639052;|2071|233533
Default.aspx.cs;1735929662;22;1409070504;|2064|237287
Clone.aspx;1171381006;6;1410146601;|2065|250024
Clone.aspx.designer.cs;1939457662;3;1410146601;|2066|250025
Default.aspx.designer.cs;3512293500;7;1410146601;|2052|250028
Delete.aspx;735990004;7;1410146601;|2067|250029
Delete.aspx.designer.cs;1930942879;3;1410146601;|2049|250030
Details.aspx;338521569;7;1410146601;|2060|250031
Details.aspx.designer.cs;1009060236;4;1410146601;|2051|250032
Export.aspx.cs;367993088;8;1410146601;|2068|245686
Insert.aspx;4065802971;6;1410146601;|2062|250033
Insert.aspx.designer.cs;3303719669;3;1410146601;|2055|250034
Settings.aspx.cs;4087229916;2;1410146601;|2056|248668
Update.aspx;2934948310;6;1410146601;|2069|250035
Update.aspx.designer.cs;1393621836;3;1410146601;|2059|250036
Delete.aspx.cs;3549488871;16;1414437923;|2048|273766
