SCMBranch=USR-717
SCMRepository=User Interface/Task Time Tracker/Web/Content/themes/base/images
SCMMainlineUUID={6a359bb0-6131-417f-b48a-3113b3a22182}
SCMBranchRepositoryID=16159
animated-overlay.gif;2783905010;1;1394430786;|11420|143556
ui-bg_flat_0_aaaaaa_40x100.png;3452200092;1;1394430786;|11432|143568
ui-bg_flat_75_ffffff_40x100.png;1864341593;1;1394430786;|11431|143567
ui-bg_glass_55_fbf9ee_1x400.png;1547371506;1;1394430786;|11430|143566
ui-bg_glass_65_ffffff_1x400.png;3053628305;1;1394430786;|11429|143565
ui-bg_glass_75_dadada_1x400.png;2279278770;1;1394430786;|11428|143564
ui-bg_glass_75_e6e6e6_1x400.png;1848444072;1;1394430786;|11427|143563
ui-bg_glass_95_fef1ec_1x400.png;2750506398;1;1394430786;|11426|143562
ui-bg_highlight-soft_75_cccccc_1x100.png;55138348;1;1394430786;|11425|143561
ui-icons_222222_256x240.png;49182804;1;1394430786;|11424|143560
ui-icons_2e83ff_256x240.png;3146408188;1;1394430786;|11423|143559
ui-icons_454545_256x240.png;1854247390;1;1394430786;|11422|143558
ui-icons_888888_256x240.png;2565386753;1;1394430786;|11421|143557
ui-icons_cd0a0a_256x240.png;405696670;1;1394430786;|11433|143569
