SCMBranch=USR-717
SCMRepository=User Interface/Task Time Tracker/Web/Prototype/Kendo/content/mobile/shared
SCMMainlineUUID={6a359bb0-6131-417f-b48a-3113b3a22182}
SCMBranchRepositoryID=19045
color-lens.png;1497678719;1;1394430808;|13195|158284
faces.jpg;4265291360;1;1394430808;|13194|158283
genovese.jpg;1720673271;1;1394430808;|13193|158282
mymusic.jpg;502422988;1;1394430808;|13192|158281
napoletano.jpg;1748300513;1;1394430809;|13191|158280
player.jpg;2470385774;1;1394430809;|13190|158279
qr.png;4247775123;1;1394430809;|13189|158278
sales.jpg;895980549;1;1394430809;|13188|158277
share.png;1831174608;1;1394430809;|13186|158275
sports-facility.jpg;4041041794;1;1394430809;|13185|158274
sports-home.jpg;1869235466;1;1394430809;|13187|158276
sports.jpg;690802605;1;1394430809;|13196|158285
sprite.devices-13-q3.png;2250488294;1;1394430809;|13181|158270
titanic1.jpg;784457366;1;1394430809;|13182|158271
titanic2.jpg;32388349;1;1394430809;|13183|158272
titanic3.jpg;802047712;1;1394430809;|13184|158273
