SCMBranch=USR-717
SCMRepository=User Interface/Task Time Tracker/Web/ckeditor/plugins/uicolor/lang
SCMMainlineUUID={6a359bb0-6131-417f-b48a-3113b3a22182}
SCMBranchRepositoryID=9842
_translationstatus.txt;2176533516;1;1394430782;|4619|11406
bg.js;1072261453;1;1394430782;|4637|11424
cs.js;4290949580;1;1394430782;|4612|11399
cy.js;1318699750;1;1394430782;|4613|11400
da.js;4281703639;1;1394430782;|4614|11401
de.js;2158052;1;1394430782;|4615|11402
el.js;3685584995;1;1394430782;|4616|11403
en.js;775752658;1;1394430782;|4617|11404
eo.js;1478196223;1;1394430782;|4618|11405
et.js;421916474;1;1394430782;|4638|11425
fa.js;2404013929;1;1394430782;|4620|11407
fi.js;369055348;1;1394430782;|4621|11408
fr.js;2034164652;1;1394430782;|4622|11409
he.js;3998720155;1;1394430782;|4623|11410
hr.js;2846949423;1;1394430782;|4624|11411
it.js;30218285;1;1394430782;|4625|11412
mk.js;1545421487;1;1394430782;|4626|11413
nb.js;1816070346;1;1394430782;|4627|11414
nl.js;3671086968;1;1394430782;|4628|11415
no.js;761779141;1;1394430782;|4629|11416
pl.js;2924971017;1;1394430782;|4630|11417
pt-br.js;3634547663;1;1394430782;|4631|11418
tr.js;3606559534;1;1394430782;|4632|11419
ug.js;2374039081;1;1394430782;|4633|11420
uk.js;940363128;1;1394430782;|4634|11421
vi.js;1624212506;1;1394430782;|4635|11422
zh-cn.js;3903618546;1;1394430782;|4636|11423
