SCMBranch=USR-717
SCMRepository=User Interface/Task Time Tracker/Web/Controls/EntityDateRangeStateType/Controls
SCMMainlineUUID={6a359bb0-6131-417f-b48a-3113b3a22182}
SCMBranchRepositoryID=29161
Details.ascx.cs;3754993343;1;1417403886;|28817|279401
Generic.ascx;1135001132;1;1417403886;|28822|279406
Generic.ascx.designer.cs;2820962850;1;1417403886;|28814|279398
SearchFilter.ascx;698756767;1;1417403886;|28819|279403
SearchFilter.ascx.cs;3165591291;1;1417403886;|28821|279405
SearchFilter.ascx.designer.cs;273339785;1;1417403886;|28813|279397
Validation.xml;3687457457;1;1417403886;|28820|279404
Details.ascx;723743080;2;1428633518;|28818|299848
Details.ascx.designer.cs;3449491307;2;1428633518;|28816|299849
Generic.ascx.cs;3279224562;3;1469426631;|28815|352085
