SCMBranch=USR-717
SCMRepository=User Interface/Task Time Tracker/Web/Shared/Configuration/ThemeCategory
SCMMainlineUUID={6a359bb0-6131-417f-b48a-3113b3a22182}
SCMBranchRepositoryID=14795
Clone.aspx.cs;1635574258;1;1394430883;|10516|134745
Details.aspx.cs;1724156667;1;1394430883;|10508|134737
Export.aspx;3238228628;2;1394430883;|10496|135343
Export.aspx.designer.cs;550422340;3;1394430883;|10505|154983
Insert.aspx.cs;1128491479;2;1394430883;|10502|135350
Settings.aspx;1550293308;1;1394430883;|10499|134728
Settings.aspx.designer.cs;4117343335;1;1394430883;|10491|134720
Update.aspx.cs;1618399285;2;1394430883;|10488|135353
CommonUpdate.aspx.cs;1521202292;7;1408591366;|10514|228500
InlineUpdate.aspx.cs;2439462573;7;1408591366;|10504|228504
Default.aspx;2267143914;3;1408639052;|10493|232660
Clone.aspx;1013770205;4;1410146600;|10492|243245
Clone.aspx.designer.cs;2938537967;2;1410146600;|10515|243246
CommonUpdate.aspx;1604197764;4;1410146600;|10517|243247
CommonUpdate.aspx.designer.cs;2588055264;2;1410146600;|10513|243248
Default.aspx.designer.cs;3630523568;2;1410146600;|10511|238787
Delete.aspx;1884305695;5;1410146600;|10494|243249
Details.aspx;3327564165;4;1410146600;|10495|243251
Details.aspx.designer.cs;596195206;2;1410146600;|10507|243252
Export.aspx.cs;1952470679;10;1410146600;|10506|245864
InlineUpdate.aspx;3719293461;5;1410146600;|10497|243253
InlineUpdate.aspx.designer.cs;3718690181;3;1410146600;|10503|243254
Settings.aspx.cs;2393754667;2;1410146600;|10490|248812
Update.aspx;756404763;5;1410146600;|10500|243257
Update.aspx.designer.cs;1000306341;3;1410146600;|10489|243258
Default.aspx.cs;1136111760;7;1414005995;|10512|272527
Delete.aspx.cs;3448194815;8;1415243834;|10510|275020
Delete.aspx.designer.cs;2690526115;3;1415243834;|10509|275021
Insert.aspx;1266110303;6;1415243834;|10498|275022
Insert.aspx.designer.cs;3989047501;4;1415243834;|10501|275023
