SCMBranch=USR-717
SCMRepository=User Interface/Task Time Tracker/Web/Shared/Admin/UserLoginStatus/Controls
SCMMainlineUUID={6a359bb0-6131-417f-b48a-3113b3a22182}
SCMBranchRepositoryID=11695
Details.ascx.designer.cs;971507066;2;1394430866;|5472|154927
List.ascx.designer.cs;1440542015;1;1394430866;|5469|20453
Validation.xml;3687457457;1;1394430866;|5478|20462
List.ascx;3870505340;2;1401244931;|5476|193778
Details.ascx;2242408208;5;1401678839;|5474|200339
List.ascx.cs;64376835;7;1409070499;|5468|237482
Details.ascx.cs;2342854243;12;1413170137;|5473|267341
SearchFilter.ascx.designer.cs;2019239584;5;1449491587;|5471|338240
SearchFilter.ascx.cs;1279002609;15;1449492785;|5470|338241
SearchFilter.ascx;3650994348;13;1449492711;|5477|338242
Generic.ascx;1900742185;5;1450754111;|5475|338931
Generic.ascx.designer.cs;416759594;2;1450754111;|5467|338933
Generic.ascx.cs;2049213098;16;1469426679;|5479|353441
