SCMBranch=USR-717
SCMRepository=User Interface/Task Time Tracker/Web/Shared/Admin/SystemEntityType/Controls
SCMMainlineUUID={6a359bb0-6131-417f-b48a-3113b3a22182}
SCMBranchRepositoryID=5513
DynSearchFilter.ascx.designer.cs;2436890424;1;1376538278;|9571|78959
DynSearchFilter.ascx;298029813;2;1378697782;|9570|84180
DynSearchFilter.ascx.cs;580706004;5;1379649961;|9572|105895
Details.ascx.designer.cs;1691683763;5;1394430861;|1316|154633
Validation.xml;2173129278;1;1394430861;|1311|1311
Details.ascx;4013537563;9;1401678838;|1318|200145
SearchFilter.ascx.designer.cs;2375127995;6;1406137991;|1312|220262
Details.ascx.cs;3976900261;13;1410146581;|1317|247742
SearchFilter.ascx.cs;648767353;13;1414005995;|1313|272710
Generic.ascx;2487182991;8;1422359081;|1309|295533
Generic.ascx.designer.cs;840449510;5;1422358988;|1314|295534
SearchFilter.ascx;1910177219;14;1422882974;|1310|295898
Generic.ascx.cs;1307305761;19;1469426664;|1315|353323
