SCMBranch=USR-717
SCMRepository=User Interface/Task Time Tracker/Web/app/core/services
SCMMainlineUUID={6a359bb0-6131-417f-b48a-3113b3a22182}
SCMBranchRepositoryID=27200
cachingService.js;4152508586;2;1430706981;|22822|302546
loggingService.js;4273378301;2;1430706981;|22823|302549
modalService.js;3439010451;2;1430706981;|22826|302550
userService.js;869647483;2;1430706981;|22825|302551
utilityUIService.js;3784396264;2;1430706981;|22824|302552
fieldConfigurationService.js;1986707167;4;1436761830;|26101|313657
menuService.js;2946390483;2;1437366654;|38964|317266
dataAutoCompleteService.js;4225857003;6;1451273572;|35190|339387
userPreferenceUtilityService.js;2474935928;2;1451273572;|38930|339388
