SCMBranch=USR-717
SCMRepository=User Interface/Task Time Tracker/Web/Shared/ApplicationDevelopment/EntityOwner/Controls
SCMMainlineUUID={6a359bb0-6131-417f-b48a-3113b3a22182}
SCMBranchRepositoryID=22767
Validation.xml;3606495298;1;1405911746;|19375|213809
Details.ascx;198619939;2;1406094024;|19382|218974
Details.ascx.designer.cs;2031677822;2;1406094024;|19377|218976
List.ascx;1832837989;2;1406094025;|19373|218980
List.ascx.designer.cs;1504013245;2;1406094025;|19381|218982
SearchFilter.ascx;2945945665;3;1406172422;|19374|219721
Generic.ascx;3442442373;3;1407519269;|19372|224196
Generic.ascx.designer.cs;1405387686;3;1407519269;|19379|224198
List.ascx.cs;892774495;3;1408379787;|19380|225948
Generic.ascx.cs;1484896294;5;1408591361;|19378|228769
Details.ascx.cs;2106468820;4;1410146586;|19376|247831
SearchFilter.ascx.cs;995173226;6;1413170137;|19371|263659
SearchFilter.ascx.designer.cs;3147204160;4;1413170137;|19383|263660
