SCMBranch=USR-717
SCMRepository=User Interface/Task Time Tracker/Web/Shared/ApplicationDevelopment/FunctionalityOwner/Controls
SCMMainlineUUID={6a359bb0-6131-417f-b48a-3113b3a22182}
SCMBranchRepositoryID=22787
Validation.xml;1739484463;1;1405911749;|19738|214172
List.ascx;441659193;2;1406094030;|19736|219333
List.ascx.designer.cs;2959367627;2;1406094030;|19740|219335
Details.ascx;689173113;3;1407519269;|19734|224199
Details.ascx.designer.cs;1920866190;3;1407519269;|19743|224200
Generic.ascx;2434412068;3;1407519269;|19735|224201
Generic.ascx.designer.cs;613013892;3;1407519269;|19733|224203
SearchFilter.ascx;1590438909;4;1407519269;|19737|224204
SearchFilter.ascx.cs;2061171412;7;1407952799;|19739|225068
List.ascx.cs;246535351;3;1408379788;|19741|226017
Details.ascx.cs;1290326336;4;1410146588;|19744|247839
Generic.ascx.cs;3300544617;6;1410806516;|19742|253013
SearchFilter.ascx.designer.cs;3252576260;4;1413170140;|19745|263677
