SCMBranch=USR-717
SCMRepository=User Interface/Task Time Tracker/Web/MS/EventNotification/NotificationPublisher/Controls
SCMMainlineUUID={6a359bb0-6131-417f-b48a-3113b3a22182}
SCMBranchRepositoryID=30816
Details.ascx.cs;3341941259;1;1418613675;|33718|286296
Generic.ascx.designer.cs;4293506034;1;1418613675;|33720|286298
List.ascx;1303149347;1;1418613675;|33730|286308
List.ascx.cs;2718776290;1;1418613675;|33724|286302
List.ascx.designer.cs;1346745160;1;1418613675;|33726|286304
SearchFilter.ascx.cs;720811213;1;1418613675;|33722|286300
SearchFilter.ascx.designer.cs;3349919131;1;1418613675;|33721|286299
Validation.xml;455833259;1;1418613675;|33728|286306
SearchFilter.ascx;3337394898;2;1422882971;|33729|295758
Details.ascx;3892811139;2;1428633529;|33723|299887
Details.ascx.designer.cs;2746802505;2;1428633529;|33727|299888
Generic.ascx;730042262;2;1428633529;|33725|299889
Generic.ascx.cs;223770874;3;1469426650;|33719|352131
