SCMBranch=USR-717
SCMRepository=User Interface/Task Time Tracker/Web/app/BM/DayCare/controllers/Gen/List
SCMMainlineUUID={6a359bb0-6131-417f-b48a-3113b3a22182}
SCMBranchRepositoryID=35727
WorkSchedules.cs;1566315191;1;1439350565;|40099|324810
ReferenceData.cs;1566315191;1;1439869185;|40266|325830
listTableCourseCtrl.js;2309816139;2;1447819265;|40255|336046
listTableDepartmentCtrl.js;3334212349;2;1447819265;|40267|336047
listTableFoodTypeCtrl.js;3807836110;2;1447819265;|40260|336051
listTableScheduleCtrl.js;1903941989;3;1449804416;|40098|338431
Core.cs;1285525959;1;1450840082;|41016|339122
Core.tt;4119143486;1;1450840082;|41020|339126
Enrollment.cs;1566315191;1;1451535585;|41111|339855
VacationPlan.cs;1566315191;1;1454649028;|41152|341888
listTableScheduleDetailActivityCategoryCtrl.js;2060596350;5;1455593722;|40094|342210
listTableScheduleStateCtrl.js;2993587637;5;1455593722;|40095|342212
Classes.cs;1566315191;1;1457064384;|41248|342878
listTableClassInstanceCtrl.js;3736291501;1;1457064384;|41249|342879
Classes.tt;805240657;2;1457323678;|41247|342984
listTableCourseInstanceCtrl.js;608707323;1;1457323678;|41269|342958
listTableSubjectMatterCtrl.js;950671949;1;1457323678;|41270|342959
listTableRegistrationCtrl.js;3117819150;4;1473163839;|40256|355039
Enrollment.tt;2831571723;3;1473219469;|41112|355205
listTableAccidentPlaceCtrl.js;2737527093;2;1473219469;|41027|355206
listTableAccidentReportCtrl.js;1121724174;2;1473219469;|41017|355207
listTableactivitySubTypeCtrl.js;2270561149;4;1473219469;|40264|355208
listTableactivityTypeCtrl.js;1937187269;4;1473219469;|40265|355209
listTableBathRoomCtrl.js;1429775281;2;1473219469;|41018|355210
listTableCommentCtrl.js;1674494129;2;1473219469;|41019|355211
listTablediaperStatusCtrl.js;1583149159;4;1473219470;|40268|355212
listTablediscountCtrl.js;2143873655;3;1473219470;|40262|355213
listTableeventTypeCtrl.js;1132443116;3;1473219470;|40261|355214
listTableMealCtrl.js;1898214976;2;1473219470;|41021|355215
listTableMealDetailCtrl.js;3684009113;2;1473219470;|41022|355216
listTablemealTypeCtrl.js;3608491419;4;1473219470;|40259|355217
listTableneedItemCtrl.js;424924307;3;1473219470;|40258|355218
listTablepaymentMethodCtrl.js;2669956023;3;1473219470;|40257|355219
listTableScheduleDetailCtrl.js;997275748;6;1473219470;|40096|355220
listTableSickReportCtrl.js;3707822345;2;1473219470;|41023|355221
listTableSleepCtrl.js;449351121;2;1473219470;|41024|355222
listTableStudentCtrl.js;1466777149;3;1473219470;|41025|355223
listTableTeacherCtrl.js;2950079784;2;1473219470;|41026|355224
listTableTuitionCtrl.js;3696513230;2;1473219470;|41028|355225
listTableVacationPlanCtrl.js;1457116015;4;1473219470;|41151|355226
ReferenceData.tt;2065457437;4;1473219470;|40263|355227
Users.cs;1566315191;1;1473219470;|41725|355061
Users.tt;3847044369;1;1473219470;|41726|355062
VacationPlan.tt;3013608057;3;1473219470;|41150|355228
WorkSchedules.tt;2722320372;5;1473219470;|40097|355229
