SCMBranch=USR-717
SCMRepository=User Interface/Task Time Tracker/Web/Prototype/Kendo/web/window
SCMMainlineUUID={6a359bb0-6131-417f-b48a-3113b3a22182}
SCMBranchRepositoryID=19206
actions.html;1318338814;3;1406516551;|14317|221511
ajax.html;2829981921;3;1406516551;|14316|221512
animation.html;965616014;3;1406516554;|14315|221513
api.html;2884278395;3;1406516554;|14314|221514
events.html;468460648;3;1406516554;|14313|221515
index.html;1298413832;3;1406516554;|14312|221516
mvvm.html;2544294419;3;1406516554;|14311|221517
navigation.html;2627583354;3;1406516554;|14310|221518
rtl.html;2509613756;3;1406516554;|14309|221519
