SCMBranch=USR-717
SCMRepository=User Interface/Task Time Tracker/Web/MA/AuthenticationAndAuthorization/ApplicationUserProfileImage/Controls
SCMMainlineUUID={6a359bb0-6131-417f-b48a-3113b3a22182}
SCMBranchRepositoryID=30794
Details.ascx;2758992438;1;1418613672;|33333|285911
Details.ascx.cs;1034931120;1;1418613672;|33336|285914
Details.ascx.designer.cs;1403627238;1;1418613672;|33337|285915
Generic.ascx;4130013338;1;1418613672;|33332|285910
Generic.ascx.designer.cs;3137009999;1;1418613672;|33339|285917
List.ascx;1681629873;1;1418613672;|33330|285908
List.ascx.cs;2493008782;1;1418613672;|33340|285918
List.ascx.designer.cs;3455784508;1;1418613672;|33331|285909
SearchFilter.ascx;289260132;1;1418613672;|33329|285907
SearchFilter.ascx.cs;1792585084;1;1418613672;|33335|285913
SearchFilter.ascx.designer.cs;2946262245;1;1418613672;|33334|285912
Validation.xml;1249124399;1;1418613672;|33328|285906
Generic.ascx.cs;2804513934;4;1469426635;|33338|352122
