SCMBranch=USR-717
SCMRepository=User Interface/Task Time Tracker/Web/Shared/Admin/Audit/AuditAction/Controls
SCMMainlineUUID={6a359bb0-6131-417f-b48a-3113b3a22182}
SCMBranchRepositoryID=5493
List.ascx.designer.cs;2984634199;1;1394430857;|1033|1033
Validation.xml;1107694654;1;1394430857;|1036|1036
List.ascx;4285842998;2;1401244928;|1035|193365
List.ascx.cs;754860163;6;1408506752;|1032|227573
SearchFilter.ascx.designer.cs;1563013230;9;1413170137;|1026|266358
SearchFilter.ascx;3610685036;14;1416193543;|1027|276387
Details.ascx.cs;2882078107;13;1425402149;|1028|297396
SearchFilter.ascx.cs;2773058485;18;1425402149;|1034|297398
Details.ascx;1870304922;6;1428633529;|1038|299699
Details.ascx.designer.cs;4254786067;4;1428633529;|1029|299700
Generic.ascx;3146018842;8;1428633529;|1037|299897
Generic.ascx.designer.cs;510543253;5;1428633529;|1031|299898
Generic.ascx.cs;2325929093;18;1469426662;|1030|353318
