SCMBranch=USR-717
SCMRepository=User Interface/Task Time Tracker/Web/Shared
SCMMainlineUUID={6a359bb0-6131-417f-b48a-3113b3a22182}
SCMBranchRepositoryID=5489
ApplicationConfiguration.cs;997316947;6;1373622716;|5318|72741
CacheConstants.cs;3786556570;57;1445829684;|4156|332922
StringFormatHelper.cs;1722641085;3;1449209823;|40574|338142
NumberFormatHelper.cs;922253724;2;1454667562;|39203|341978
DateRangeHelper.cs;3567806237;10;1456803371;|9640|342752
WebApplicationUser.cs;3155875999;22;1464838926;|4158|349361
MenuHelper.cs;2258784748;66;1469426662;|8451|353417
FieldConfigurationUtility.cs;877812282;34;1493092281;|10309|358313
PerferenceUtility.cs;2814595977;40;1493092281;|10119|358314
