SCMBranch=USR-717
SCMRepository=User Interface/Task Time Tracker/Web/Shared/Admin/SystemIntegrity/QuickPaginationRun
SCMMainlineUUID={6a359bb0-6131-417f-b48a-3113b3a22182}
SCMBranchRepositoryID=11906
Export.aspx;762893436;3;1394430861;|6015|171357
Export.aspx.designer.cs;1984146768;2;1394430861;|6023|154913
Default.aspx;2774898924;7;1408639046;|6012|233759
Clone.aspx;1780684880;5;1410146581;|6030|242577
Clone.aspx.designer.cs;2323551257;3;1410146581;|6010|242578
Default.aspx.designer.cs;512446400;4;1410146581;|6029|250559
Delete.aspx;4125872720;6;1410146581;|6013|242579
Delete.aspx.designer.cs;1578711105;3;1410146581;|6027|242580
Details.aspx.designer.cs;3955380165;3;1410146581;|6025|242582
Export.aspx.cs;1251537573;9;1410146581;|6024|245799
Insert.aspx;960276895;5;1410146581;|6016|242583
Insert.aspx.designer.cs;443506925;3;1410146581;|6021|242584
Update.aspx.designer.cs;2572615123;3;1410146581;|6019|242586
Clone.aspx.cs;4194943357;11;1414376793;|6011|273349
Details.aspx;1537803983;7;1419542792;|6014|290859
Update.aspx;2401957952;6;1419542792;|6017|290860
CommonUpdate.aspx;3582888532;1;1423061209;|35217|295976
CommonUpdate.aspx.designer.cs;2882175983;1;1423061209;|35219|295978
Delete.aspx.cs;3137640297;17;1423061209;|6028|295992
Details.aspx.cs;2196097991;14;1423061209;|6026|295993
InlineUpdate.aspx;3969532879;1;1423061209;|35215|295974
InlineUpdate.aspx.designer.cs;3875702654;1;1423061209;|35216|295975
Insert.aspx.cs;680514134;12;1423061209;|6022|295994
Update.aspx.cs;2048966746;17;1423061209;|6020|295995
Default.aspx.cs;4249377571;19;1428639605;|6018|300172
CommonUpdate.aspx.cs;79492243;2;1464838926;|35218|348952
InlineUpdate.aspx.cs;1251784562;2;1464838926;|35220|349235
