SCMBranch=USR-717
SCMRepository=User Interface/Task Time Tracker/Web/Shared/Configuration/ThemeDetail/Controls
SCMMainlineUUID={6a359bb0-6131-417f-b48a-3113b3a22182}
SCMBranchRepositoryID=28310
Details.ascx;158414811;1;1415655842;|26209|275253
Details.ascx.cs;3234898454;1;1415655842;|26204|275248
Details.ascx.designer.cs;4060730419;1;1415655842;|26203|275247
Generic.ascx;789912494;1;1415655842;|26207|275251
Generic.ascx.cs;1209273620;1;1415655842;|26202|275274
Generic.ascx.designer.cs;360317085;1;1415655842;|26208|275252
List.ascx;228332943;1;1415655842;|26206|275250
List.ascx.cs;2571423908;1;1415655846;|26201|275245
List.ascx.designer.cs;1270517683;1;1415655846;|26200|275244
SearchFilter.ascx;3044700824;1;1415655846;|26205|275249
SearchFilter.ascx.cs;3428768098;1;1415655846;|26199|275243
SearchFilter.ascx.designer.cs;3710035612;1;1415655846;|26198|275242
