SCMBranch=USR-717
SCMRepository=User Interface/Task Time Tracker/Web/Shared/AuthenticationAndAuthorization/ApplicationRole/Controls
SCMMainlineUUID={6a359bb0-6131-417f-b48a-3113b3a22182}
SCMBranchRepositoryID=5554
List.ascx.designer.cs;3778411110;1;1394430871;|1760|7575
Relation.ascx.designer.cs;1351910834;1;1394430871;|1762|7578
RelationshipTool.ascx;692923093;2;1394430871;|1773|178593
RelationshipTool.ascx.designer.cs;2554339246;1;1394430871;|1764|7581
Validation.xml;481878704;1;1394430871;|1768|1768
List.ascx;1986378373;2;1401244932;|1771|193458
Relation.ascx;3970911341;2;1401244932;|1755|191072
SearchFilter.ascx.cs;4002138755;28;1407819382;|1765|224640
Relation.ascx.cs;24108208;8;1408591363;|1761|229502
RelationshipTool.ascx.cs;290201189;7;1408591363;|1763|229503
List.ascx.cs;3295770778;9;1410146593;|1759|249960
SearchFilter.ascx.designer.cs;3166581216;10;1413170142;|1766|266364
SearchFilter.ascx;1093623787;17;1413522647;|1767|272201
Details.ascx;2606338998;8;1417403914;|1769|277452
Details.ascx.cs;375531035;12;1417403914;|1772|279856
Details.ascx.designer.cs;2280667244;5;1417403914;|1756|277454
Generic.ascx;2842141720;10;1418351524;|1770|283682
Generic.ascx.cs;2070069974;22;1418351524;|1757|283683
Generic.ascx.designer.cs;1526642093;4;1418351524;|1758|283451
