SCMBranch=USR-717
SCMRepository=User Interface/Task Time Tracker/Web/Prototype/Kendo/content/integration/sushi/images/75
SCMMainlineUUID={6a359bb0-6131-417f-b48a-3113b3a22182}
SCMBranchRepositoryID=19037
california-rolls.jpg;3121783728;1;1394430807;|13122|158211
chicken-teriyaki.jpg;3827774049;1;1394430807;|13123|158212
chirashi-sushi.jpg;2856031650;1;1394430807;|13124|158213
ebi-rolls.jpg;405062591;1;1394430807;|13125|158214
edamame.jpg;4078151549;1;1394430807;|13126|158215
gohan.jpg;1833820064;1;1394430807;|13127|158216
hosomaki-mix.jpg;974715288;1;1394430807;|13128|158217
maguro.jpg;664050776;1;1394430807;|13133|158222
miso-soup.jpg;1628062232;1;1394430807;|13129|158218
salmon-teriyaki.jpg;3886795397;1;1394430807;|13130|158219
sashimi-salad.jpg;1138041771;1;1394430807;|13131|158220
seattle-rolls.jpg;430139209;1;1394430807;|13132|158221
seaweed-salad.jpg;2176001081;1;1394430807;|13121|158210
shake.jpg;1460459409;1;1394430807;|13120|158209
shiromi.jpg;2498445484;1;1394430807;|13119|158208
spicytuna-rolls.jpg;495194355;1;1394430807;|13118|158207
tekka-maki.jpg;3581528126;1;1394430807;|13115|158204
tori-katsu.jpg;3317607023;1;1394430807;|13116|158205
yaki-udon.jpg;2629981433;1;1394430807;|13117|158206
