SCMBranch=USR-717
SCMRepository=User Interface/Task Time Tracker/Web/Prototype/Kendo/content/web/colorpicker
SCMMainlineUUID={6a359bb0-6131-417f-b48a-3113b3a22182}
SCMBranchRepositoryID=19087
background.png;2841990185;1;1394430813;|13521|158610
interior-bg.png;765643288;1;1394430813;|13530|158619
motor.png;1611626437;1;1394430813;|13522|158611
sofa-3a4c8b.jpg;2913706099;1;1394430813;|13523|158612
sofa-746153.jpg;1193394415;1;1394430813;|13524|158613
sofa-ac120f.jpg;612465551;1;1394430814;|13525|158614
sofa-d2d2d2.jpg;1943089216;1;1394430814;|13526|158615
sofa-ddd1c3.jpg;1383260472;1;1394430814;|13527|158616
sofa-fb455f.jpg;3357907467;1;1394430814;|13528|158617
sofa-ffcc33.jpg;3386822734;1;1394430814;|13529|158618
