SCMBranch=USR-717
SCMRepository=User Interface/Task Time Tracker/Web/Prototype/Kendo/content/web/Suites
SCMMainlineUUID={6a359bb0-6131-417f-b48a-3113b3a22182}
SCMBranchRepositoryID=19119
ajax.png;191764987;1;1394430816;|13830|158919
mvc.png;741582815;1;1394430816;|13829|158918
orm.png;3627414358;1;1394430816;|13828|158917
rep.png;2099975483;1;1394430816;|13827|158916
sitefinity.png;726025639;1;1394430816;|13834|158923
sl.png;3330420656;1;1394430817;|13833|158922
test.png;1524913561;1;1394430817;|13832|158921
win.png;3974111309;1;1394430817;|13835|158924
wpf.png;3164894980;1;1394430817;|13831|158920
