SCMBranch=USR-717
SCMRepository=User Interface/Task Time Tracker/Web/Shared/Admin/SystemIntegrity/SystemDevNumbers/Controls
SCMMainlineUUID={6a359bb0-6131-417f-b48a-3113b3a22182}
SCMBranchRepositoryID=5526
Details.ascx.designer.cs;855636025;3;1394430864;|1460|154642
Generic.ascx.designer.cs;1593913186;2;1394430864;|1465|18200
List.ascx.designer.cs;63126363;1;1394430864;|1462|7481
SearchFilter.ascx.designer.cs;2311024261;4;1394430864;|1464|63513
Validation.xml;2143925609;1;1394430864;|1453|1453
Generic.ascx;2385103448;6;1401244930;|1456|193423
List.ascx;1129318030;2;1401244930;|1455|193424
SearchFilter.ascx;1038043868;8;1401244930;|1454|195315
Details.ascx;3964653013;6;1401678839;|1457|200152
List.ascx.cs;3105435813;6;1408591358;|1458|227654
Details.ascx.cs;400779070;11;1469426665;|1461|351699
Generic.ascx.cs;4144285657;17;1469426665;|1459|353331
SearchFilter.ascx.cs;1354908912;16;1469426665;|1463|353332
