SCMBranch=USR-717
SCMRepository=User Interface/Task Time Tracker/Web/Shared/AuthenticationAndAuthorization/ApplicationRole
SCMMainlineUUID={6a359bb0-6131-417f-b48a-3113b3a22182}
SCMBranchRepositoryID=5553
Clone.aspx.cs;4051899908;10;1394430871;|1733|125182
Export.aspx;3283568674;2;1394430871;|1750|118812
Export.aspx.designer.cs;138964449;2;1394430871;|1731|154675
Settings.aspx.designer.cs;1827789744;2;1394430871;|1735|156167
Settings.aspx;97189807;5;1401678840;|1748|198548
InlineUpdate.aspx.cs;344812201;10;1408591363;|9043|229635
Clone.aspx;1531419607;6;1410146593;|1738|249958
Clone.aspx.designer.cs;2039542421;3;1410146593;|1739|249959
CommonUpdate.aspx;3028190982;4;1410146593;|9045|242977
CommonUpdate.aspx.designer.cs;1559505251;2;1410146593;|9042|242978
Default.aspx.designer.cs;2633812906;5;1410146593;|1741|249961
Delete.aspx.designer.cs;736061775;3;1410146593;|1754|249963
Details.aspx;2940939761;9;1410146593;|1751|249964
Details.aspx.cs;3970359474;26;1410146593;|1744|249965
Details.aspx.designer.cs;2577478829;3;1410146593;|1745|249966
Export.aspx.cs;2668061097;12;1410146593;|1746|249967
InlineUpdate.aspx;3744004375;4;1410146593;|9040|242979
InlineUpdate.aspx.designer.cs;4128724387;2;1410146593;|9044|242980
Insert.aspx;1306235399;6;1410146593;|1749|249968
Insert.aspx.designer.cs;3943294059;3;1410146593;|1740|249969
Settings.aspx.cs;3177105798;3;1410146593;|1734|248665
Update.aspx;930458344;10;1410146593;|1747|249970
Update.aspx.designer.cs;601758571;3;1410146593;|1737|249971
CommonUpdate.aspx.cs;3191290231;14;1412798153;|9041|256420
Default.aspx;1360689913;9;1413522647;|1743|272199
Default.aspx.cs;265387519;21;1413522647;|1732|272200
Update.aspx.cs;1201927595;32;1414777430;|1736|274765
Insert.aspx.cs;1774029050;13;1416510335;|1752|276822
Delete.aspx;2396409399;8;1417403914;|1753|279854
Delete.aspx.cs;1833613869;18;1417403914;|1742|279855
