SCMBranch=USR-717
SCMRepository=User Interface/Task Time Tracker/Web/Prototype/Kendo/web/timepicker
SCMMainlineUUID={6a359bb0-6131-417f-b48a-3113b3a22182}
SCMBranchRepositoryID=19202
api.html;4134792246;3;1406516551;|14280|221482
events.html;2189409918;3;1406516551;|14281|221483
index.html;4065514416;3;1406516551;|14282|221484
mvvm.html;1625709551;3;1406516551;|14285|221485
navigation.html;856879247;3;1406516551;|14284|221486
rangeselection.html;2373975345;3;1406516551;|14283|221487
rtl.html;430899694;3;1406516551;|14286|221488
