SCMBranch=USR-717
SCMRepository=User Interface/Task Time Tracker/Web/app/BM/DayCare/controllers/Gen/Save
SCMMainlineUUID={6a359bb0-6131-417f-b48a-3113b3a22182}
SCMBranchRepositoryID=35728
WorkSchedules.cs;1566315191;1;1439350565;|40103|324814
saveScheduleCtrl.js;2991792925;3;1449804416;|40105|338435
Core.cs;1566315191;1;1450840082;|41041|339148
Core.tt;2315605301;1;1450840082;|41029|339135
Enrollment.cs;1566315191;1;1451535585;|41113|339857
Enrollment.tt;2019216166;1;1451535585;|41114|339858
saveScheduleDetailActivityCategoryCtrl.js;288950808;5;1453693781;|40100|341304
saveScheduleStateCtrl.js;1353130306;5;1453693781;|40102|341306
saveVacationPlanCtrl.js;2356742581;1;1454649028;|41155|341891
VacationPlan.cs;1566315191;1;1454649028;|41153|341889
VacationPlan.tt;3513114346;1;1454649028;|41154|341890
saveScheduleDetailCtrl.js;3718721652;6;1454667562;|40101|341991
WorkSchedules.tt;1777566629;3;1454667562;|40104|341984
Classes.cs;1566315191;1;1457064384;|41252|342882
saveClassInstanceCtrl.js;2265973509;1;1457064384;|41251|342881
saveCourseInstanceCtrl.js;3397331531;1;1457323678;|41272|342961
saveSubjectMatterCtrl.js;2031872997;1;1457323678;|41271|342960
Classes.tt;2654808541;3;1473219470;|41250|355230
Enroll.cs;3670155732;1;1473219470;|41728|355064
Enroll.tt;1827077003;1;1473219470;|41729|355065
ReferenceData.cs;543966169;2;1473219470;|40277|355231
ReferenceData.tt;3216616520;3;1473219470;|40276|355232
saveAccidentPlaceCtrl.js;233648437;2;1473219470;|41040|355233
saveAccidentReportCtrl.js;2821337427;2;1473219470;|41039|355234
saveActivitySubTypeCtrl.js;71909849;4;1473219470;|40278|355235
saveActivityTypeCtrl.js;1517089385;4;1473219470;|40279|355236
saveBathRoomCtrl.js;2917796582;2;1473219470;|41038|355237
saveCommentCtrl.js;4058892663;2;1473219470;|41037|355238
saveCourseCtrl.js;1259803236;3;1473219470;|40280|355239
saveDepartmentCtrl.js;3932376072;3;1473219470;|40281|355240
saveDiaperStatusCtrl.js;1783047308;4;1473219470;|40282|355241
saveDiscountCtrl.js;2448490514;4;1473219470;|40275|355242
saveEventTypeCtrl.js;2146452303;4;1473219470;|40274|355243
saveFoodTypeCtrl.js;2683728297;3;1473219470;|40273|355244
saveMealCtrl.js;3877523382;2;1473219470;|41036|355245
saveMealDetailCtrl.js;3119447014;2;1473219470;|41035|355246
saveMealTypeCtrl.js;2638352572;4;1473219470;|40272|355247
saveNeedItemCtrl.js;227773317;4;1473219470;|40271|355248
savePaymentMethodCtrl.js;2324331871;4;1473219470;|40269|355249
saveRegistrationCtrl.js;1097667873;4;1473219470;|40270|355250
saveSickReportCtrl.js;3819616537;2;1473219470;|41034|355251
saveSleepCtrl.js;3088277040;2;1473219470;|41033|355252
saveStudentCtrl.js;833903030;2;1473219470;|41032|355253
saveTeacherCtrl.js;1435185124;2;1473219470;|41031|355254
saveTuitionCtrl.js;2865953730;2;1473219470;|41030|355255
Users.cs;1566315191;1;1473219470;|41727|355063
Users.tt;4017191834;1;1473219470;|41730|355066
