SCMBranch=USR-717
SCMRepository=User Interface/Task Time Tracker/Web/app/admin/views
SCMMainlineUUID={6a359bb0-6131-417f-b48a-3113b3a22182}
SCMBranchRepositoryID=27620
applicationMode-detail.html;1109745745;1;1412633884;|25642|256170
applicationMode-list.html;342517655;1;1412633884;|25640|256168
applicationMode-save.html;2603585370;1;1412633884;|25641|256169
general-list.html;3002661905;3;1412830091;|25645|256467
general-detail.html;2444730045;3;1413433807;|25643|272007
general-save.html;273535959;3;1413433807;|25644|272008
deploy-scripts.html;2770732812;5;1422371302;|34106|295501
work-summary.html;1681484535;8;1433741184;|35091|308714
elapsed-time.html;1622839794;4;1433740799;|35224|308715
jira-list.html;3241751403;3;1437973306;|35380|296545
db-cleanup.html;3658119498;10;1462957667;|29259|347675
