SCMBranch=USR-717
SCMRepository=User Interface/Task Time Tracker/Web/MA/ApplicationDevelopment/AllEntityDetail/Controls
SCMMainlineUUID={6a359bb0-6131-417f-b48a-3113b3a22182}
SCMBranchRepositoryID=30742
Details.ascx;891939498;1;1418613665;|32362|284940
Details.ascx.designer.cs;496127375;1;1418613665;|32365|284943
Generic.ascx;228660391;1;1418613665;|32374|284952
Generic.ascx.designer.cs;1940863567;1;1418613665;|32367|284945
List.ascx;3957567096;1;1418613665;|32363|284941
List.ascx.cs;3875076352;1;1418613665;|32368|284946
List.ascx.designer.cs;4206381237;1;1418613665;|32369|284947
SearchFilter.ascx;2302466639;1;1418613665;|32372|284950
SearchFilter.ascx.cs;477356319;1;1418613665;|32370|284948
SearchFilter.ascx.designer.cs;2364483504;1;1418613665;|32371|284949
Validation.xml;1508226554;1;1418613665;|32373|284951
Details.ascx.cs;856895188;2;1469426631;|32364|352086
Generic.ascx.cs;2869576248;3;1469426631;|32366|352087
