SCMBranch=USR-717
SCMRepository=User Interface/Task Time Tracker/Web/Shared/TasksAndWorkflow/TaskEntityType
SCMMainlineUUID={6a359bb0-6131-417f-b48a-3113b3a22182}
SCMBranchRepositoryID=29206
Clone.aspx;3844891382;1;1417403915;|27481|278047
Clone.aspx.cs;3384921463;1;1417403915;|27478|278044
Clone.aspx.designer.cs;2940597561;1;1417403915;|27477|278043
CommonUpdate.aspx;2295129739;1;1417403915;|27480|278046
CommonUpdate.aspx.cs;3859877509;1;1417403915;|27494|278060
CommonUpdate.aspx.designer.cs;4109770838;1;1417403915;|27475|278041
Default.aspx;2503492407;1;1417403915;|27474|278040
Default.aspx.cs;812290362;1;1417403915;|27500|278066
Default.aspx.designer.cs;2912294503;1;1417403915;|27476|278042
Delete.aspx;1474117243;1;1417403915;|27473|278039
Delete.aspx.cs;3893143333;1;1417403915;|27479|278045
Delete.aspx.designer.cs;795751117;1;1417403915;|27484|278050
Details.aspx;3844294700;1;1417403915;|27472|278038
Details.aspx.cs;4151761556;1;1417403915;|27485|278051
Details.aspx.designer.cs;1880002715;1;1417403915;|27486|278052
Export.aspx;1052573741;1;1417403915;|27471|278037
Export.aspx.cs;1450048878;1;1417403915;|27487|278053
Export.aspx.designer.cs;2212275626;1;1417403915;|27488|278054
InlineUpdate.aspx;2906983314;1;1417403915;|27496|278062
InlineUpdate.aspx.cs;3398197566;1;1417403915;|27489|278055
InlineUpdate.aspx.designer.cs;1178142821;1;1417403915;|27490|278056
Insert.aspx;2335921493;1;1417403915;|27497|278063
Insert.aspx.cs;1009800206;1;1417403915;|27491|278057
Insert.aspx.designer.cs;1469683429;1;1417403915;|27492|278058
Settings.aspx;3228652245;1;1417403915;|27498|278064
Settings.aspx.cs;3145107987;1;1417403915;|27493|278059
Settings.aspx.designer.cs;3671964076;1;1417403915;|27495|278061
Update.aspx;3410988810;1;1417403915;|27499|278065
Update.aspx.cs;2626856404;1;1417403915;|27482|278048
Update.aspx.designer.cs;3269071360;1;1417403915;|27483|278049
