SCMBranch=USR-717
SCMRepository=User Interface/Task Time Tracker/Web/Configuration/ApplicationRoute/Controls
SCMMainlineUUID={6a359bb0-6131-417f-b48a-3113b3a22182}
SCMBranchRepositoryID=29103
Details.ascx;3640677069;1;1417403876;|27783|278367
Details.ascx.cs;3330492940;1;1417403876;|27777|278361
Details.ascx.designer.cs;1473428493;1;1417403876;|27776|278360
Generic.ascx;1413269970;1;1417403876;|27781|278365
Generic.ascx.designer.cs;3697982438;1;1417403876;|27774|278358
List.ascx.cs;3726532741;1;1417403876;|27773|278357
List.ascx.designer.cs;2803533268;1;1417403876;|27772|278356
SearchFilter.ascx.designer.cs;3851959779;1;1417403876;|27782|278366
Validation.xml;3687457457;1;1417403876;|27778|278362
List.ascx;40455127;2;1417540915;|27780|280231
SearchFilter.ascx;2779298175;2;1422882945;|27779|295739
Generic.ascx.cs;1920467180;2;1469426620;|27775|352050
SearchFilter.ascx.cs;1890663548;2;1469426620;|27771|352051
