SCMBranch=USR-717
SCMRepository=User Interface/Task Time Tracker/Web/Shared/ApplicationManagement/ReleaseIssueType/Controls
SCMMainlineUUID={6a359bb0-6131-417f-b48a-3113b3a22182}
SCMBranchRepositoryID=10530
Details.ascx.designer.cs;3856488822;3;1394430868;|5143|155159
Generic.ascx.designer.cs;2356075523;2;1394430868;|5150|134438
List.ascx.designer.cs;3882527216;1;1394430868;|5140|15273
Validation.xml;1066268328;1;1394430868;|5145|15278
Generic.ascx;33855009;8;1401244931;|5148|195324
List.ascx;4191922969;2;1401244931;|5147|195325
Details.ascx;4141670075;11;1401678839;|5149|201401
List.ascx.cs;934537137;6;1404187744;|5141|209428
Details.ascx.cs;1104309544;14;1404187681;|5144|209429
Generic.ascx.cs;1470635284;18;1405911752;|5142|215474
SearchFilter.ascx;2330754997;16;1406649550;|5146|222749
SearchFilter.ascx.designer.cs;473818160;7;1406649550;|5138|222751
SearchFilter.ascx.cs;631847109;27;1407519269;|5139|224206
