SCMBranch=USR-717
SCMRepository=User Interface/Task Time Tracker/Web/Shared/Admin/TypeOfIssue
SCMMainlineUUID={6a359bb0-6131-417f-b48a-3113b3a22182}
SCMBranchRepositoryID=5529
Clone.aspx.cs;3715052126;7;1394430865;|1511|109677
Details.aspx.cs;1129633924;8;1394430865;|1515|120409
Export.aspx;18912982;2;1394430865;|1507|118803
Export.aspx.designer.cs;2480263906;2;1394430865;|1504|154647
Insert.aspx.cs;2409824874;10;1394430865;|1503|109679
Update.aspx.cs;3433081120;12;1394430865;|1501|110051
Default.aspx;667140825;7;1408639047;|1500|233515
Clone.aspx;4228101433;6;1410146585;|1505|241490
Clone.aspx.designer.cs;362396392;3;1410146585;|1512|241491
CommonUpdate.aspx;1818131862;6;1410146585;|7109|242635
CommonUpdate.aspx.designer.cs;4035763322;3;1410146585;|7112|242636
Default.aspx.cs;2443964300;17;1410146585;|1519|249927
Default.aspx.designer.cs;2291754054;5;1410146585;|1518|249928
Delete.aspx;3648561093;7;1410146585;|1509|241492
Delete.aspx.designer.cs;3949956577;3;1410146585;|1516|241493
Details.aspx.designer.cs;56444406;3;1410146585;|1514|241495
Export.aspx.cs;1912769;10;1410146585;|1513|245674
InlineUpdate.aspx;2986743302;5;1410146585;|7110|242637
InlineUpdate.aspx.designer.cs;2127728555;3;1410146585;|7113|242638
Insert.aspx;1186337154;6;1410146585;|1510|241496
Insert.aspx.designer.cs;1351553931;3;1410146585;|1502|241497
Update.aspx.designer.cs;3300217929;3;1410146585;|1520|241499
Delete.aspx.cs;2561678883;15;1414376796;|1517|273340
Details.aspx;33924333;8;1419542792;|1506|290592
Update.aspx;2824496245;7;1419542792;|1508|290593
InlineUpdate.aspx.cs;2785953101;13;1464934164;|7108|349835
CommonUpdate.aspx.cs;2563574194;18;1493092281;|7111|357866
