SCMBranch=USR-717
SCMRepository=User Interface/Task Time Tracker/Web/MA/ApplicationDevelopment/FunctionalityImageInstance
SCMMainlineUUID={6a359bb0-6131-417f-b48a-3113b3a22182}
SCMBranchRepositoryID=30763
Clone.aspx.cs;3145915830;1;1418613668;|32771|285349
Clone.aspx.designer.cs;1355932303;1;1418613668;|32763|285341
Default.aspx.cs;3550869060;1;1418613668;|32762|285340
Default.aspx.designer.cs;126025085;1;1418613668;|32761|285339
Delete.aspx.cs;2066182865;1;1418613668;|32752|285330
Delete.aspx.designer.cs;1115221997;1;1418613668;|32764|285342
Details.aspx.cs;2581547032;1;1418613668;|32753|285331
Details.aspx.designer.cs;3785598435;1;1418613668;|32754|285332
Export.aspx;1591399436;1;1418613668;|32769|285347
Export.aspx.cs;1523574615;1;1418613668;|32755|285333
Export.aspx.designer.cs;280920965;1;1418613668;|32756|285334
Insert.aspx.cs;3939347718;1;1418613668;|32757|285335
Insert.aspx.designer.cs;595226686;1;1418613668;|32758|285336
Update.aspx.cs;1491949836;1;1418613668;|32759|285337
Update.aspx.designer.cs;3334101950;1;1418613668;|32760|285338
Clone.aspx;2862350264;3;1418752887;|32765|288996
Default.aspx;2503479299;3;1418752887;|32766|288997
Delete.aspx;384092513;3;1418752887;|32767|288998
Insert.aspx;3231198037;3;1418752887;|32770|288999
Details.aspx;3019688394;2;1419542781;|32768|290789
Update.aspx;4291572736;4;1419542781;|32772|290790
