SCMBranch=USR-717
SCMRepository=User Interface/Task Time Tracker/Web/MS/EventNotification/NotificationEventType
SCMMainlineUUID={6a359bb0-6131-417f-b48a-3113b3a22182}
SCMBranchRepositoryID=30813
CommonUpdate.aspx;1050726532;1;1418613675;|33649|286227
CommonUpdate.aspx.designer.cs;113158510;1;1418613675;|33657|286235
Export.aspx;1139388697;1;1418613675;|33645|286223
Export.aspx.cs;2708959814;1;1418613675;|33664|286242
Export.aspx.designer.cs;3239357740;1;1418613675;|33665|286243
InlineUpdate.aspx;3394727467;1;1418613675;|33646|286224
InlineUpdate.aspx.designer.cs;1629665988;1;1418613675;|33667|286245
Settings.aspx;3287965669;1;1418613675;|33674|286252
Settings.aspx.designer.cs;3015652158;1;1418613675;|33671|286249
Clone.aspx;3126805947;2;1418759726;|33650|289147
Default.aspx;880068200;2;1418759735;|33648|289148
Delete.aspx;2772377556;2;1418759742;|33647|289149
Insert.aspx;1113242961;2;1418759763;|33651|289151
Clone.aspx.cs;4062625109;1;1418613675;|33654|286232
Clone.aspx.designer.cs;879347520;1;1418613675;|33655|286233
Default.aspx.cs;1667844674;1;1418613675;|33658|286236
Default.aspx.designer.cs;1454889304;1;1418613675;|33660|286238
Delete.aspx.cs;2431944508;1;1418613675;|33659|286237
Delete.aspx.designer.cs;173638354;1;1418613675;|33661|286239
Details.aspx.cs;3968097625;1;1418613675;|33662|286240
Details.aspx.designer.cs;2530435511;1;1418613675;|33663|286241
Insert.aspx.cs;3033316020;1;1418613675;|33668|286246
Insert.aspx.designer.cs;4169659171;1;1418613675;|33669|286247
Update.aspx.cs;1328393027;1;1418613675;|33672|286250
Details.aspx;1989846912;3;1419542783;|33653|290965
Update.aspx;2729268935;4;1428633529;|33652|299911
Update.aspx.designer.cs;1912086313;2;1428633529;|33673|299881
UI_Pages.cs;1309701801;1;1462161207;|41556|346654
UI_Pages.tt;3975969065;1;1462161207;|41557|346655
InlineUpdate.aspx.cs;616292502;2;1464933980;|33666|349524
Settings.aspx.cs;881604508;3;1465193331;|33670|349957
CommonUpdate.aspx.cs;2742810392;3;1493092262;|33656|357836
