SCMBranch=USR-717
SCMRepository=User Interface/Task Time Tracker/Web/Shared/QualityAssurance/AllEntityDetail
SCMMainlineUUID={6a359bb0-6131-417f-b48a-3113b3a22182}
SCMBranchRepositoryID=14839
Clone.aspx.cs;2520494482;1;1394430893;|10691|135467
Clone.aspx.designer.cs;483504696;2;1394430893;|10692|144169
CommonUpdate.aspx.designer.cs;3069687348;1;1394430893;|10694|135470
Default.aspx;1338660591;4;1394430893;|10684|172587
Default.aspx.designer.cs;3032807289;2;1394430893;|10700|144174
Delete.aspx.designer.cs;1982949335;1;1394430893;|10698|135474
Details.aspx.cs;2334393369;1;1394430893;|10697|135473
Details.aspx.designer.cs;2289303326;1;1394430893;|10695|135471
InlineUpdate.aspx.designer.cs;207540984;1;1394430893;|10682|135458
Insert.aspx.cs;2032998350;1;1394430893;|10681|135457
Insert.aspx.designer.cs;3744375936;2;1394430893;|10680|144181
Update.aspx.cs;627501026;1;1394430893;|10702|135478
Update.aspx.designer.cs;2413673233;1;1394430893;|10679|135455
CommonUpdate.aspx.cs;2014471222;4;1395688972;|10693|184090
InlineUpdate.aspx.cs;3357854269;4;1400086236;|10683|188993
Clone.aspx;355842665;5;1401678845;|10696|201836
CommonUpdate.aspx;2852169687;5;1401678845;|10690|201837
Delete.aspx;3975818276;7;1401678845;|10685|201838
Details.aspx;1121075749;7;1401678845;|10686|201839
InlineUpdate.aspx;1345788098;5;1401678845;|10687|201840
Insert.aspx;651813148;5;1401678845;|10688|201841
Update.aspx;3540249691;5;1401678845;|10689|201842
Delete.aspx.cs;4266045951;4;1404236648;|10699|209699
Default.aspx.cs;1794095794;4;1405544893;|10701|213393
