SCMBranch=USR-717
SCMRepository=User Interface/Task Time Tracker/Web/Configuration/FieldConfigurationModeXApplicationRole/V1/Controls
SCMMainlineUUID={6a359bb0-6131-417f-b48a-3113b3a22182}
SCMBranchRepositoryID=29120
Details.ascx;892362313;1;1417403878;|28078|278662
Details.ascx.designer.cs;2885634601;1;1417403878;|28083|278667
Generic.ascx;2750781680;1;1417403878;|28079|278663
Generic.ascx.designer.cs;1354722948;1;1417403878;|28073|278657
List.ascx;134548235;1;1417403878;|28080|278664
List.ascx.cs;717205617;1;1417403878;|28074|278658
List.ascx.designer.cs;4078712671;1;1417403878;|28075|278659
SearchFilter.ascx;2469116119;1;1417403878;|28081|278665
SearchFilter.ascx.designer.cs;3747237276;1;1417403878;|28077|278661
Validation.xml;3386814017;1;1417403878;|28082|278666
Details.ascx.cs;3034689532;2;1469426620;|28071|352059
Generic.ascx.cs;2443107945;2;1469426620;|28072|352060
SearchFilter.ascx.cs;2552874693;2;1469426620;|28076|352061
