SCMBranch=USR-717
SCMRepository=User Interface/Task Time Tracker/Web/Scripts/Kendo/2013.3.1119/cultures
SCMMainlineUUID={6a359bb0-6131-417f-b48a-3113b3a22182}
SCMBranchRepositoryID=19209
kendo.culture.af-ZA.min.js;3320512212;1;1394430838;|15140|160229
kendo.culture.af-ZA.min.js.map;3780348657;1;1394430838;|15139|160228
kendo.culture.af.min.js;3195512166;1;1394430838;|15138|160227
kendo.culture.af.min.js.map;1802078175;1;1394430838;|15137|160226
kendo.culture.am-ET.min.js;1074850558;1;1394430838;|15136|160225
kendo.culture.am-ET.min.js.map;635123817;1;1394430838;|15135|160224
kendo.culture.am.min.js;788377703;1;1394430838;|15134|160223
kendo.culture.am.min.js.map;1043648538;1;1394430838;|15133|160222
kendo.culture.ar-AE.min.js;63324071;1;1394430838;|15132|160221
kendo.culture.ar-AE.min.js.map;3072793990;1;1394430838;|14555|159644
kendo.culture.ar-BH.min.js;1742065457;1;1394430838;|14494|159583
kendo.culture.ar-BH.min.js.map;2359226815;1;1394430838;|15131|160220
kendo.culture.ar-DZ.min.js;2811992724;1;1394430838;|15129|160218
kendo.culture.ar-DZ.min.js.map;151599821;1;1394430838;|15128|160217
kendo.culture.ar-EG.min.js;752887960;1;1394430838;|15127|160216
kendo.culture.ar-EG.min.js.map;3167388515;1;1394430838;|15126|160215
kendo.culture.ar-IQ.min.js;3415101351;1;1394430838;|15125|160214
kendo.culture.ar-IQ.min.js.map;1241710012;1;1394430838;|15124|160213
kendo.culture.ar-JO.min.js;1450367921;1;1394430838;|15123|160212
kendo.culture.ar-JO.min.js.map;3936044061;1;1394430838;|15122|160211
kendo.culture.ar-KW.min.js;1956698956;1;1394430838;|15121|160210
kendo.culture.ar-KW.min.js.map;244496094;1;1394430838;|15120|160209
kendo.culture.ar-LB.min.js;2134777603;1;1394430838;|15119|160208
kendo.culture.ar-LB.min.js.map;3687335599;1;1394430838;|15118|160207
kendo.culture.ar-LY.min.js;2006251141;1;1394430838;|15117|160206
kendo.culture.ar-LY.min.js.map;3956065844;1;1394430838;|15116|160205
kendo.culture.ar-MA.min.js;1113364470;1;1394430838;|15115|160204
kendo.culture.ar-MA.min.js.map;1067254992;1;1394430838;|15114|160203
kendo.culture.ar-OM.min.js;1533018767;1;1394430838;|15113|160202
kendo.culture.ar-OM.min.js.map;2800681256;1;1394430838;|15112|160201
kendo.culture.ar-QA.min.js;3629317199;1;1394430838;|15111|160200
kendo.culture.ar-QA.min.js.map;618787259;1;1394430838;|15110|160199
kendo.culture.ar-SA.min.js;945143470;1;1394430838;|15109|160198
kendo.culture.ar-SA.min.js.map;379880870;1;1394430838;|15108|160197
kendo.culture.ar-SY.min.js;2256574108;1;1394430838;|15107|160196
kendo.culture.ar-SY.min.js.map;1885428542;1;1394430838;|15106|160195
kendo.culture.ar-TN.min.js;541861018;1;1394430838;|15105|160194
kendo.culture.ar-TN.min.js.map;1479534354;1;1394430838;|15104|160193
kendo.culture.ar-YE.min.js;495143473;1;1394430838;|15103|160192
kendo.culture.ar-YE.min.js.map;859491441;1;1394430838;|15102|160191
kendo.culture.ar.min.js;1406305545;1;1394430838;|15101|160190
kendo.culture.ar.min.js.map;1856791093;1;1394430838;|15100|160189
kendo.culture.arn-CL.min.js;3459543667;1;1394430838;|15099|160188
kendo.culture.arn-CL.min.js.map;2261538092;1;1394430838;|15098|160187
kendo.culture.arn.min.js;2220997456;1;1394430838;|15097|160186
kendo.culture.arn.min.js.map;710804550;1;1394430838;|15096|160185
kendo.culture.as-IN.min.js;112270835;1;1394430838;|15095|160184
kendo.culture.as-IN.min.js.map;897909433;1;1394430838;|15094|160183
kendo.culture.as.min.js;2947445752;1;1394430838;|15093|160182
kendo.culture.as.min.js.map;550123734;1;1394430838;|15092|160181
kendo.culture.az-Cyrl-AZ.min.js;3881520910;1;1394430838;|15091|160180
kendo.culture.az-Cyrl-AZ.min.js.map;2439132006;1;1394430838;|15090|160179
kendo.culture.az-Cyrl.min.js;1052570901;1;1394430838;|15089|160178
kendo.culture.az-Cyrl.min.js.map;387865706;1;1394430838;|15088|160177
kendo.culture.az-Latn-AZ.min.js;2503446200;1;1394430838;|15087|160176
kendo.culture.az-Latn-AZ.min.js.map;3032444312;1;1394430839;|15086|160175
kendo.culture.az-Latn.min.js;486137176;1;1394430839;|15085|160174
kendo.culture.az-Latn.min.js.map;3651926949;1;1394430839;|15084|160173
kendo.culture.az.min.js;3130796189;1;1394430839;|15083|160172
kendo.culture.az.min.js.map;2991196925;1;1394430839;|15082|160171
kendo.culture.ba-RU.min.js;2811746736;1;1394430839;|15081|160170
kendo.culture.ba-RU.min.js.map;3545124621;1;1394430839;|15080|160169
kendo.culture.ba.min.js;967566662;1;1394430839;|15079|160168
kendo.culture.ba.min.js.map;3530712887;1;1394430839;|15078|160167
kendo.culture.be-BY.min.js;2253222646;1;1394430839;|15077|160166
kendo.culture.be-BY.min.js.map;1341218304;1;1394430839;|15076|160165
kendo.culture.be.min.js;1535747916;1;1394430839;|15075|160164
kendo.culture.be.min.js.map;208478033;1;1394430839;|15074|160163
kendo.culture.bg-BG.min.js;1906275597;1;1394430839;|15073|160162
kendo.culture.bg-BG.min.js.map;565475676;1;1394430839;|15072|160161
kendo.culture.bg.min.js;449573232;1;1394430839;|15071|160160
kendo.culture.bg.min.js.map;761664454;1;1394430839;|15070|160159
kendo.culture.bn-BD.min.js;1496393354;1;1394430839;|15069|160158
kendo.culture.bn-BD.min.js.map;2822298857;1;1394430839;|15068|160157
kendo.culture.bn-IN.min.js;1348148408;1;1394430839;|15067|160156
kendo.culture.bn-IN.min.js.map;2942969412;1;1394430839;|15066|160155
kendo.culture.bn.min.js;3193748599;1;1394430839;|15065|160154
kendo.culture.bn.min.js.map;3828481577;1;1394430839;|15064|160153
kendo.culture.bo-CN.min.js;2271098106;1;1394430839;|15063|160152
kendo.culture.bo-CN.min.js.map;1115590669;1;1394430839;|15062|160151
kendo.culture.bo.min.js;1071686915;1;1394430839;|15061|160150
kendo.culture.bo.min.js.map;1755510579;1;1394430839;|15060|160149
kendo.culture.br-FR.min.js;1394410796;1;1394430839;|15059|160148
kendo.culture.br-FR.min.js.map;2086212876;1;1394430839;|15058|160147
kendo.culture.br.min.js;1054005255;1;1394430839;|15057|160146
kendo.culture.br.min.js.map;3234631091;1;1394430839;|15056|160145
kendo.culture.bs-Cyrl-BA.min.js;4016831803;1;1394430839;|15055|160144
kendo.culture.bs-Cyrl-BA.min.js.map;1757574300;1;1394430839;|15054|160143
kendo.culture.bs-Cyrl.min.js;2299856503;1;1394430839;|15053|160142
kendo.culture.bs-Cyrl.min.js.map;1332308377;1;1394430839;|15052|160141
kendo.culture.bs-Latn-BA.min.js;1334396785;1;1394430839;|15051|160140
kendo.culture.bs-Latn-BA.min.js.map;1750678152;1;1394430839;|15050|160139
kendo.culture.bs-Latn.min.js;4215357633;1;1394430839;|15049|160138
kendo.culture.bs-Latn.min.js.map;2261198935;1;1394430839;|15048|160137
kendo.culture.bs.min.js;2851325698;1;1394430839;|15047|160136
kendo.culture.bs.min.js.map;132364907;1;1394430839;|15046|160135
kendo.culture.ca-ES.min.js;4171071449;1;1394430839;|15045|160134
kendo.culture.ca-ES.min.js.map;947758826;1;1394430839;|15044|160133
kendo.culture.ca.min.js;995228090;1;1394430839;|15043|160132
kendo.culture.ca.min.js.map;3896204410;1;1394430839;|15042|160131
kendo.culture.co-FR.min.js;1196940826;1;1394430839;|15041|160130
kendo.culture.co-FR.min.js.map;1227317410;1;1394430839;|15040|160129
kendo.culture.co.min.js;2755879030;1;1394430839;|15039|160128
kendo.culture.co.min.js.map;84223938;1;1394430839;|15038|160127
kendo.culture.cs-CZ.min.js;3823683624;1;1394430839;|15037|160126
kendo.culture.cs-CZ.min.js.map;381117174;1;1394430839;|15036|160125
kendo.culture.cs.min.js;1548777619;1;1394430839;|15035|160124
kendo.culture.cs.min.js.map;2808654809;1;1394430839;|15034|160123
kendo.culture.cy-GB.min.js;133858328;1;1394430839;|15033|160122
kendo.culture.cy-GB.min.js.map;2261206557;1;1394430839;|15032|160121
kendo.culture.cy.min.js;1045991668;1;1394430839;|15031|160120
kendo.culture.cy.min.js.map;1233129025;1;1394430839;|15030|160119
kendo.culture.da-DK.min.js;2715545546;1;1394430839;|15029|160118
kendo.culture.da-DK.min.js.map;2494083522;1;1394430839;|15028|160117
kendo.culture.da.min.js;543264230;1;1394430839;|15027|160116
kendo.culture.da.min.js.map;4081970047;1;1394430839;|15026|160115
kendo.culture.de-AT.min.js;1333936754;1;1394430839;|15025|160114
kendo.culture.de-AT.min.js.map;2477262721;1;1394430839;|15024|160113
kendo.culture.de-CH.min.js;4081670899;1;1394430839;|15023|160112
kendo.culture.de-CH.min.js.map;4193754401;1;1394430839;|15022|160111
kendo.culture.de-DE.min.js;1917635454;1;1394430839;|15021|160110
kendo.culture.de-DE.min.js.map;810392779;1;1394430839;|15020|160109
kendo.culture.de-LI.min.js;3650221262;1;1394430839;|15019|160108
kendo.culture.de-LI.min.js.map;2803168000;1;1394430839;|15018|160107
kendo.culture.de-LU.min.js;1804529434;1;1394430839;|14726|159815
kendo.culture.de-LU.min.js.map;3781576742;1;1394430839;|14435|159524
kendo.culture.de.min.js;3714850933;1;1394430839;|14436|159525
kendo.culture.de.min.js.map;376974159;1;1394430839;|14437|159526
kendo.culture.dsb-DE.min.js;1311205875;1;1394430839;|14438|159527
kendo.culture.dsb-DE.min.js.map;1134369890;1;1394430839;|14439|159528
kendo.culture.dsb.min.js;1469126093;1;1394430839;|14440|159529
kendo.culture.dsb.min.js.map;1726001110;1;1394430839;|14441|159530
kendo.culture.dv-MV.min.js;1256874579;1;1394430839;|14442|159531
kendo.culture.dv-MV.min.js.map;912824363;1;1394430839;|14443|159532
kendo.culture.dv.min.js;3153961343;1;1394430839;|14444|159533
kendo.culture.dv.min.js.map;3466352338;1;1394430839;|14445|159534
kendo.culture.el-GR.min.js;2531891552;1;1394430839;|14446|159535
kendo.culture.el-GR.min.js.map;97282758;1;1394430839;|14447|159536
kendo.culture.el.min.js;949069013;1;1394430839;|14448|159537
kendo.culture.el.min.js.map;4160562098;1;1394430839;|14449|159538
kendo.culture.en-029.min.js;2669003321;1;1394430839;|14450|159539
kendo.culture.en-029.min.js.map;2458840821;1;1394430839;|14451|159540
kendo.culture.en-AU.min.js;551315594;1;1394430839;|14452|159541
kendo.culture.en-AU.min.js.map;1261661779;1;1394430839;|14453|159542
kendo.culture.en-BZ.min.js;3238851959;1;1394430839;|14454|159543
kendo.culture.en-BZ.min.js.map;248674303;1;1394430839;|14455|159544
kendo.culture.en-CA.min.js;3697547357;1;1394430839;|14456|159545
kendo.culture.en-CA.min.js.map;376287853;1;1394430839;|14457|159546
kendo.culture.en-GB.min.js;3852440358;1;1394430839;|14458|159547
kendo.culture.en-GB.min.js.map;2126136247;1;1394430839;|14459|159548
kendo.culture.en-IE.min.js;1845754692;1;1394430839;|14460|159549
kendo.culture.en-IE.min.js.map;2756735929;1;1394430840;|14461|159550
kendo.culture.en-IN.min.js;179953445;1;1394430840;|14462|159551
kendo.culture.en-IN.min.js.map;841681014;1;1394430840;|14463|159552
kendo.culture.en-JM.min.js;3535016041;1;1394430840;|14464|159553
kendo.culture.en-JM.min.js.map;336668047;1;1394430840;|14465|159554
kendo.culture.en-MY.min.js;2409140661;1;1394430840;|14466|159555
kendo.culture.en-MY.min.js.map;1386346648;1;1394430840;|14467|159556
kendo.culture.en-NZ.min.js;514078449;1;1394430840;|14468|159557
kendo.culture.en-NZ.min.js.map;1644038509;1;1394430840;|14469|159558
kendo.culture.en-PH.min.js;283101829;1;1394430840;|14470|159559
kendo.culture.en-PH.min.js.map;2194556867;1;1394430840;|14471|159560
kendo.culture.en-SG.min.js;3849850765;1;1394430840;|14472|159561
kendo.culture.en-SG.min.js.map;413386211;1;1394430840;|14473|159562
kendo.culture.en-TT.min.js;2367877885;1;1394430840;|14474|159563
kendo.culture.en-TT.min.js.map;403878805;1;1394430840;|14475|159564
kendo.culture.en-US.min.js;2058557977;1;1394430840;|14476|159565
kendo.culture.en-US.min.js.map;1709812230;1;1394430840;|14477|159566
kendo.culture.en-ZA.min.js;1081183621;1;1394430840;|14478|159567
kendo.culture.en-ZA.min.js.map;4166411240;1;1394430840;|14479|159568
kendo.culture.en-ZW.min.js;1490773469;1;1394430840;|14480|159569
kendo.culture.en-ZW.min.js.map;3283791205;1;1394430840;|14481|159570
kendo.culture.en.min.js;2144213711;1;1394430840;|14482|159571
kendo.culture.en.min.js.map;3697622228;1;1394430840;|14483|159572
kendo.culture.es-AR.min.js;3185350322;1;1394430840;|14484|159573
kendo.culture.es-AR.min.js.map;3913683034;1;1394430840;|14485|159574
kendo.culture.es-BO.min.js;2774855979;1;1394430840;|14486|159575
kendo.culture.es-BO.min.js.map;2338904413;1;1394430840;|14487|159576
kendo.culture.es-CL.min.js;2181507258;1;1394430840;|14488|159577
kendo.culture.es-CL.min.js.map;815691631;1;1394430840;|14489|159578
kendo.culture.es-CO.min.js;2865691910;1;1394430840;|14490|159579
kendo.culture.es-CO.min.js.map;4250642498;1;1394430840;|14491|159580
kendo.culture.es-CR.min.js;851812898;1;1394430840;|14492|159581
kendo.culture.es-CR.min.js.map;1269066929;1;1394430840;|14493|159582
kendo.culture.es-DO.min.js;3262733372;1;1394430840;|15142|160231
kendo.culture.es-DO.min.js.map;430606087;1;1394430840;|14495|159584
kendo.culture.es-EC.min.js;3435917119;1;1394430840;|14496|159585
kendo.culture.es-EC.min.js.map;2209425151;1;1394430840;|14497|159586
kendo.culture.es-ES.min.js;1330360637;1;1394430840;|14498|159587
kendo.culture.es-ES.min.js.map;3821894054;1;1394430840;|14499|159588
kendo.culture.es-GT.min.js;171926670;1;1394430840;|14500|159589
kendo.culture.es-GT.min.js.map;1027131889;1;1394430840;|14501|159590
kendo.culture.es-HN.min.js;2248696387;1;1394430840;|14502|159591
kendo.culture.es-HN.min.js.map;721793573;1;1394430840;|14503|159592
kendo.culture.es-MX.min.js;2335967054;1;1394430840;|14504|159593
kendo.culture.es-MX.min.js.map;3649156782;1;1394430840;|14505|159594
kendo.culture.es-NI.min.js;141785399;1;1394430840;|14506|159595
kendo.culture.es-NI.min.js.map;2779700866;1;1394430840;|14507|159596
kendo.culture.es-PA.min.js;3995619772;1;1394430840;|14508|159597
kendo.culture.es-PA.min.js.map;2364407720;1;1394430840;|14509|159598
kendo.culture.es-PE.min.js;1316631695;1;1394430840;|14510|159599
kendo.culture.es-PE.min.js.map;2871950287;1;1394430840;|14511|159600
kendo.culture.es-PR.min.js;143398395;1;1394430840;|14512|159601
kendo.culture.es-PR.min.js.map;2980058382;1;1394430840;|14513|159602
kendo.culture.es-PY.min.js;2827933593;1;1394430840;|14514|159603
kendo.culture.es-PY.min.js.map;3842151137;1;1394430840;|14515|159604
kendo.culture.es-SV.min.js;3328363630;1;1394430840;|14516|159605
kendo.culture.es-SV.min.js.map;699881588;1;1394430840;|14517|159606
kendo.culture.es-US.min.js;1414611892;1;1394430840;|14518|159607
kendo.culture.es-US.min.js.map;2844142975;1;1394430840;|14519|159608
kendo.culture.es-UY.min.js;1320799385;1;1394430840;|14520|159609
kendo.culture.es-UY.min.js.map;945990665;1;1394430840;|14521|159610
kendo.culture.es-VE.min.js;711438422;1;1394430840;|14522|159611
kendo.culture.es-VE.min.js.map;3961247238;1;1394430840;|14523|159612
kendo.culture.es.min.js;3348015977;1;1394430840;|14524|159613
kendo.culture.es.min.js.map;3279617197;1;1394430840;|14525|159614
kendo.culture.et-EE.min.js;3171995716;1;1394430840;|14526|159615
kendo.culture.et-EE.min.js.map;4294272086;1;1394430840;|14527|159616
kendo.culture.et.min.js;4261598515;1;1394430840;|14528|159617
kendo.culture.et.min.js.map;1816929810;1;1394430840;|14529|159618
kendo.culture.eu-ES.min.js;4248234849;1;1394430840;|14530|159619
kendo.culture.eu-ES.min.js.map;2235697720;1;1394430840;|14531|159620
kendo.culture.eu.min.js;2321706949;1;1394430840;|14532|159621
kendo.culture.eu.min.js.map;1699123678;1;1394430840;|14533|159622
kendo.culture.fa-IR.min.js;3919612234;1;1394430840;|14534|159623
kendo.culture.fa-IR.min.js.map;96094590;1;1394430840;|14535|159624
kendo.culture.fa.min.js;1347651892;1;1394430840;|14536|159625
kendo.culture.fa.min.js.map;1629980171;1;1394430840;|14537|159626
kendo.culture.fi-FI.min.js;2077867040;1;1394430840;|14538|159627
kendo.culture.fi-FI.min.js.map;217927101;1;1394430840;|14539|159628
kendo.culture.fi.min.js;3785269649;1;1394430840;|14540|159629
kendo.culture.fi.min.js.map;2882058156;1;1394430840;|14541|159630
kendo.culture.fil-PH.min.js;2821393774;1;1394430840;|14542|159631
kendo.culture.fil-PH.min.js.map;3962888664;1;1394430840;|14543|159632
kendo.culture.fil.min.js;3320693371;1;1394430840;|14544|159633
kendo.culture.fil.min.js.map;2064682370;1;1394430840;|14545|159634
kendo.culture.fo-FO.min.js;10180004;1;1394430840;|14546|159635
kendo.culture.fo-FO.min.js.map;2464696590;1;1394430840;|14547|159636
kendo.culture.fo.min.js;2100881668;1;1394430840;|14548|159637
kendo.culture.fo.min.js.map;3670155012;1;1394430840;|14549|159638
kendo.culture.fr-BE.min.js;2786129733;1;1394430840;|14550|159639
kendo.culture.fr-BE.min.js.map;1173638303;1;1394430840;|14551|159640
kendo.culture.fr-CA.min.js;1638895550;1;1394430840;|14552|159641
kendo.culture.fr-CA.min.js.map;2489515651;1;1394430840;|14553|159642
kendo.culture.fr-CH.min.js;804252842;1;1394430840;|14554|159643
kendo.culture.fr-CH.min.js.map;1410249769;1;1394430840;|15141|160230
kendo.culture.fr-FR.min.js;1357191605;1;1394430840;|14556|159645
kendo.culture.fr-FR.min.js.map;2275107783;1;1394430840;|14557|159646
kendo.culture.fr-LU.min.js;620090223;1;1394430840;|14558|159647
kendo.culture.fr-LU.min.js.map;1285513518;1;1394430840;|14559|159648
kendo.culture.fr-MC.min.js;4087945156;1;1394430840;|14560|159649
kendo.culture.fr-MC.min.js.map;1062722343;1;1394430840;|14561|159650
kendo.culture.fr.min.js;487383330;1;1394430840;|14562|159651
kendo.culture.fr.min.js.map;722724223;1;1394430840;|14563|159652
kendo.culture.fy-NL.min.js;2945632133;1;1394430840;|14564|159653
kendo.culture.fy-NL.min.js.map;2876024479;1;1394430840;|14565|159654
kendo.culture.fy.min.js;3224141335;1;1394430840;|14566|159655
kendo.culture.fy.min.js.map;1948446074;1;1394430840;|14567|159656
kendo.culture.ga-IE.min.js;364131602;1;1394430840;|14568|159657
kendo.culture.ga-IE.min.js.map;1354876782;1;1394430840;|14569|159658
kendo.culture.ga.min.js;942503862;1;1394430840;|14570|159659
kendo.culture.ga.min.js.map;3347386616;1;1394430840;|14571|159660
kendo.culture.gd-GB.min.js;2207519529;1;1394430840;|14572|159661
kendo.culture.gd-GB.min.js.map;1408829822;1;1394430840;|14573|159662
kendo.culture.gd.min.js;3621170748;1;1394430840;|14574|159663
kendo.culture.gd.min.js.map;3980859470;1;1394430840;|14575|159664
kendo.culture.gl-ES.min.js;66586368;1;1394430840;|14576|159665
kendo.culture.gl-ES.min.js.map;3599661283;1;1394430840;|14577|159666
kendo.culture.gl.min.js;1368143403;1;1394430840;|14578|159667
kendo.culture.gl.min.js.map;2745787508;1;1394430840;|14579|159668
kendo.culture.gsw-FR.min.js;3005802988;1;1394430840;|14580|159669
kendo.culture.gsw-FR.min.js.map;450900887;1;1394430840;|14581|159670
kendo.culture.gsw.min.js;30921008;1;1394430841;|14582|159671
kendo.culture.gsw.min.js.map;2350740223;1;1394430841;|14583|159672
kendo.culture.gu-IN.min.js;111161068;1;1394430841;|14584|159673
kendo.culture.gu-IN.min.js.map;4050645018;1;1394430841;|14585|159674
kendo.culture.gu.min.js;4170117677;1;1394430841;|14586|159675
kendo.culture.gu.min.js.map;2879709490;1;1394430841;|14587|159676
kendo.culture.ha-Latn-NG.min.js;1457053284;1;1394430841;|14588|159677
kendo.culture.ha-Latn-NG.min.js.map;2027101481;1;1394430841;|14589|159678
kendo.culture.ha-Latn.min.js;3112147785;1;1394430841;|14590|159679
kendo.culture.ha-Latn.min.js.map;1560733324;1;1394430841;|14591|159680
kendo.culture.ha.min.js;2040141556;1;1394430841;|14592|159681
kendo.culture.ha.min.js.map;3998850055;1;1394430841;|14593|159682
kendo.culture.he-IL.min.js;3666852825;1;1394430841;|14594|159683
kendo.culture.he-IL.min.js.map;2225712352;1;1394430841;|14595|159684
kendo.culture.he.min.js;1104497446;1;1394430841;|14596|159685
kendo.culture.he.min.js.map;1785333469;1;1394430841;|14597|159686
kendo.culture.hi-IN.min.js;2605715144;1;1394430841;|14598|159687
kendo.culture.hi-IN.min.js.map;2475651344;1;1394430841;|14599|159688
kendo.culture.hi.min.js;1736597600;1;1394430841;|14600|159689
kendo.culture.hi.min.js.map;53395724;1;1394430841;|14601|159690
kendo.culture.hr-BA.min.js;2504104950;1;1394430841;|14602|159691
kendo.culture.hr-BA.min.js.map;1681475360;1;1394430841;|14603|159692
kendo.culture.hr-HR.min.js;720185370;1;1394430841;|14604|159693
kendo.culture.hr-HR.min.js.map;3272172976;1;1394430841;|14605|159694
kendo.culture.hr.min.js;3137760813;1;1394430841;|14606|159695
kendo.culture.hr.min.js.map;1144086269;1;1394430841;|14607|159696
kendo.culture.hsb-DE.min.js;2584158245;1;1394430841;|14608|159697
kendo.culture.hsb-DE.min.js.map;3670867246;1;1394430841;|14609|159698
kendo.culture.hsb.min.js;4246151063;1;1394430841;|14610|159699
kendo.culture.hsb.min.js.map;2758389654;1;1394430841;|14611|159700
kendo.culture.hu-HU.min.js;2331242010;1;1394430841;|14612|159701
kendo.culture.hu-HU.min.js.map;3128979397;1;1394430841;|14613|159702
kendo.culture.hu.min.js;397403353;1;1394430841;|14614|159703
kendo.culture.hu.min.js.map;3905592858;1;1394430841;|14615|159704
kendo.culture.hy-AM.min.js;1745876696;1;1394430841;|14616|159705
kendo.culture.hy-AM.min.js.map;2196401814;1;1394430841;|14617|159706
kendo.culture.hy.min.js;276906635;1;1394430841;|14618|159707
kendo.culture.hy.min.js.map;2169177375;1;1394430841;|14619|159708
kendo.culture.id-ID.min.js;2794046617;1;1394430841;|14620|159709
kendo.culture.id-ID.min.js.map;3329100848;1;1394430841;|14621|159710
kendo.culture.id.min.js;2722417547;1;1394430841;|14622|159711
kendo.culture.id.min.js.map;3837013275;1;1394430841;|14623|159712
kendo.culture.ig-NG.min.js;3844171551;1;1394430841;|14624|159713
kendo.culture.ig-NG.min.js.map;3465059551;1;1394430841;|14625|159714
kendo.culture.ig.min.js;336520537;1;1394430841;|14626|159715
kendo.culture.ig.min.js.map;2878509415;1;1394430841;|14627|159716
kendo.culture.ii-CN.min.js;86978173;1;1394430841;|14628|159717
kendo.culture.ii-CN.min.js.map;3290800751;1;1394430841;|14629|159718
kendo.culture.ii.min.js;3022425092;1;1394430841;|14630|159719
kendo.culture.ii.min.js.map;2185253467;1;1394430841;|14631|159720
kendo.culture.is-IS.min.js;144063475;1;1394430841;|14632|159721
kendo.culture.is-IS.min.js.map;2309405454;1;1394430841;|14633|159722
kendo.culture.is.min.js;1335496588;1;1394430841;|14634|159723
kendo.culture.is.min.js.map;4164116278;1;1394430841;|14635|159724
kendo.culture.it-CH.min.js;3928109707;1;1394430841;|14636|159725
kendo.culture.it-CH.min.js.map;2020491352;1;1394430841;|14637|159726
kendo.culture.it-IT.min.js;1003202324;1;1394430841;|14638|159727
kendo.culture.it-IT.min.js.map;2706571716;1;1394430841;|14639|159728
kendo.culture.it.min.js;2603502362;1;1394430841;|14640|159729
kendo.culture.it.min.js.map;2337513315;1;1394430841;|14641|159730
kendo.culture.iu-Cans-CA.min.js;1179379102;1;1394430841;|14642|159731
kendo.culture.iu-Cans-CA.min.js.map;3011131808;1;1394430841;|14643|159732
kendo.culture.iu-Cans.min.js;2342518383;1;1394430841;|14644|159733
kendo.culture.iu-Cans.min.js.map;3188604600;1;1394430841;|14645|159734
kendo.culture.iu-Latn-CA.min.js;175694860;1;1394430841;|14646|159735
kendo.culture.iu-Latn-CA.min.js.map;2946262429;1;1394430841;|14647|159736
kendo.culture.iu-Latn.min.js;1699111734;1;1394430841;|14648|159737
kendo.culture.iu-Latn.min.js.map;3445754145;1;1394430841;|14649|159738
kendo.culture.iu.min.js;557700220;1;1394430841;|14650|159739
kendo.culture.iu.min.js.map;3913141598;1;1394430841;|14651|159740
kendo.culture.ja-JP.min.js;2542708089;1;1394430841;|14652|159741
kendo.culture.ja-JP.min.js.map;1089427919;1;1394430841;|14653|159742
kendo.culture.ja.min.js;1297744283;1;1394430841;|14654|159743
kendo.culture.ja.min.js.map;3872029886;1;1394430841;|14655|159744
kendo.culture.ka-GE.min.js;3996713970;1;1394430841;|14656|159745
kendo.culture.ka-GE.min.js.map;2676123112;1;1394430841;|14657|159746
kendo.culture.ka.min.js;1712511422;1;1394430841;|14658|159747
kendo.culture.ka.min.js.map;3362023694;1;1394430841;|14659|159748
kendo.culture.kk-KZ.min.js;3687641317;1;1394430841;|14660|159749
kendo.culture.kk-KZ.min.js.map;1987438537;1;1394430841;|14661|159750
kendo.culture.kk.min.js;239775043;1;1394430841;|14662|159751
kendo.culture.kk.min.js.map;91401490;1;1394430841;|14663|159752
kendo.culture.kl-GL.min.js;1429084524;1;1394430841;|14664|159753
kendo.culture.kl-GL.min.js.map;895047113;1;1394430841;|14665|159754
kendo.culture.kl.min.js;2321296305;1;1394430841;|14666|159755
kendo.culture.kl.min.js.map;4180776600;1;1394430841;|14667|159756
kendo.culture.km-KH.min.js;3241382123;1;1394430841;|14668|159757
kendo.culture.km-KH.min.js.map;2242632792;1;1394430841;|14669|159758
kendo.culture.km.min.js;2904371389;1;1394430841;|14670|159759
kendo.culture.km.min.js.map;4014972194;1;1394430841;|14671|159760
kendo.culture.kn-IN.min.js;1451688392;1;1394430841;|14672|159761
kendo.culture.kn-IN.min.js.map;2296682319;1;1394430841;|14673|159762
kendo.culture.kn.min.js;1360424980;1;1394430841;|14674|159763
kendo.culture.kn.min.js.map;1442613052;1;1394430842;|14675|159764
kendo.culture.ko-KR.min.js;482850203;1;1394430842;|14676|159765
kendo.culture.ko-KR.min.js.map;2795638142;1;1394430842;|14677|159766
kendo.culture.ko.min.js;2065114474;1;1394430842;|14678|159767
kendo.culture.ko.min.js.map;1621368459;1;1394430842;|14679|159768
kendo.culture.kok-IN.min.js;2507363132;1;1394430842;|14680|159769
kendo.culture.kok-IN.min.js.map;944931781;1;1394430842;|14681|159770
kendo.culture.kok.min.js;920822787;1;1394430842;|14682|159771
kendo.culture.kok.min.js.map;3174959388;1;1394430842;|14683|159772
kendo.culture.ky-KG.min.js;4130174475;1;1394430842;|14684|159773
kendo.culture.ky-KG.min.js.map;850246799;1;1394430842;|14685|159774
kendo.culture.ky.min.js;1167888885;1;1394430842;|14686|159775
kendo.culture.ky.min.js.map;60052648;1;1394430842;|14687|159776
kendo.culture.lb-LU.min.js;1524792586;1;1394430842;|14688|159777
kendo.culture.lb-LU.min.js.map;742659826;1;1394430842;|14689|159778
kendo.culture.lb.min.js;48210143;1;1394430842;|14690|159779
kendo.culture.lb.min.js.map;571685057;1;1394430842;|14691|159780
kendo.culture.lo-LA.min.js;3281729528;1;1394430842;|14692|159781
kendo.culture.lo-LA.min.js.map;1820034645;1;1394430842;|14693|159782
kendo.culture.lo.min.js;413210921;1;1394430842;|14694|159783
kendo.culture.lo.min.js.map;4059709887;1;1394430842;|14695|159784
kendo.culture.lt-LT.min.js;2616508611;1;1394430842;|14696|159785
kendo.culture.lt-LT.min.js.map;673791593;1;1394430842;|14697|159786
kendo.culture.lt.min.js;3525231128;1;1394430842;|14698|159787
kendo.culture.lt.min.js.map;2169628823;1;1394430842;|14699|159788
kendo.culture.lv-LV.min.js;1561298700;1;1394430842;|14700|159789
kendo.culture.lv-LV.min.js.map;2031485952;1;1394430842;|14701|159790
kendo.culture.lv.min.js;3822596227;1;1394430842;|14702|159791
kendo.culture.lv.min.js.map;781282642;1;1394430842;|14703|159792
kendo.culture.mi-NZ.min.js;1670136490;1;1394430842;|14704|159793
kendo.culture.mi-NZ.min.js.map;2027344887;1;1394430842;|14705|159794
kendo.culture.mi.min.js;2863788937;1;1394430842;|14706|159795
kendo.culture.mi.min.js.map;1399530447;1;1394430842;|14707|159796
kendo.culture.mk-MK.min.js;2057336977;1;1394430842;|14708|159797
kendo.culture.mk-MK.min.js.map;2634594219;1;1394430842;|14709|159798
kendo.culture.mk.min.js;1607624067;1;1394430842;|14710|159799
kendo.culture.mk.min.js.map;1812596666;1;1394430842;|14711|159800
kendo.culture.ml-IN.min.js;3209016919;1;1394430842;|14712|159801
kendo.culture.ml-IN.min.js.map;136436229;1;1394430842;|14713|159802
kendo.culture.ml.min.js;4134607119;1;1394430842;|14714|159803
kendo.culture.ml.min.js.map;2256463108;1;1394430842;|14715|159804
kendo.culture.mn-Cyrl.min.js;2025047304;1;1394430842;|14716|159805
kendo.culture.mn-Cyrl.min.js.map;1913362391;1;1394430842;|14717|159806
kendo.culture.mn-MN.min.js;2908954712;1;1394430842;|14718|159807
kendo.culture.mn-MN.min.js.map;4158688532;1;1394430842;|14719|159808
kendo.culture.mn-Mong-CN.min.js;1695726799;1;1394430842;|14720|159809
kendo.culture.mn-Mong-CN.min.js.map;87333953;1;1394430842;|14721|159810
kendo.culture.mn-Mong.min.js;82683286;1;1394430842;|14722|159811
kendo.culture.mn-Mong.min.js.map;796489315;1;1394430842;|14723|159812
kendo.culture.mn.min.js;1327292873;1;1394430842;|14724|159813
kendo.culture.mn.min.js.map;51461002;1;1394430842;|14725|159814
kendo.culture.moh-CA.min.js;1065688152;1;1394430842;|15130|160219
kendo.culture.moh-CA.min.js.map;996537608;1;1394430842;|14727|159816
kendo.culture.moh.min.js;892165389;1;1394430842;|14728|159817
kendo.culture.moh.min.js.map;3654744652;1;1394430842;|14729|159818
kendo.culture.mr-IN.min.js;1052265958;1;1394430842;|14730|159819
kendo.culture.mr-IN.min.js.map;269739155;1;1394430842;|14731|159820
kendo.culture.mr.min.js;2053642326;1;1394430842;|14732|159821
kendo.culture.mr.min.js.map;3266942122;1;1394430842;|14733|159822
kendo.culture.ms-BN.min.js;3258484597;1;1394430842;|14734|159823
kendo.culture.ms-BN.min.js.map;3675787789;1;1394430842;|14735|159824
kendo.culture.ms-MY.min.js;83212975;1;1394430842;|14736|159825
kendo.culture.ms-MY.min.js.map;932468234;1;1394430842;|14737|159826
kendo.culture.ms.min.js;725203553;1;1394430842;|14738|159827
kendo.culture.ms.min.js.map;304556122;1;1394430842;|14739|159828
kendo.culture.mt-MT.min.js;1365614012;1;1394430842;|14740|159829
kendo.culture.mt-MT.min.js.map;2868871526;1;1394430842;|14741|159830
kendo.culture.mt.min.js;592295433;1;1394430842;|14742|159831
kendo.culture.mt.min.js.map;2327895281;1;1394430842;|14743|159832
kendo.culture.nb-NO.min.js;3934879410;1;1394430842;|14744|159833
kendo.culture.nb-NO.min.js.map;2078620566;1;1394430842;|14745|159834
kendo.culture.nb.min.js;2048659620;1;1394430842;|14746|159835
kendo.culture.nb.min.js.map;3819957689;1;1394430842;|14747|159836
kendo.culture.ne-NP.min.js;1452045721;1;1394430842;|14748|159837
kendo.culture.ne-NP.min.js.map;4080568011;1;1394430842;|14749|159838
kendo.culture.ne.min.js;4280527715;1;1394430842;|14750|159839
kendo.culture.ne.min.js.map;880405883;1;1394430842;|14751|159840
kendo.culture.nl-BE.min.js;3806657613;1;1394430842;|14752|159841
kendo.culture.nl-BE.min.js.map;733075064;1;1394430842;|14753|159842
kendo.culture.nl-NL.min.js;2126616652;1;1394430842;|14754|159843
kendo.culture.nl-NL.min.js.map;163314514;1;1394430842;|14755|159844
kendo.culture.nl.min.js;2969948715;1;1394430842;|14756|159845
kendo.culture.nl.min.js.map;503995146;1;1394430842;|14757|159846
kendo.culture.nn-NO.min.js;3768028858;1;1394430842;|14758|159847
kendo.culture.nn-NO.min.js.map;3007177641;1;1394430842;|14759|159848
kendo.culture.nn.min.js;572495075;1;1394430842;|14760|159849
kendo.culture.nn.min.js.map;4048182388;1;1394430842;|14761|159850
kendo.culture.no.min.js;674043178;1;1394430842;|14762|159851
kendo.culture.no.min.js.map;1806839046;1;1394430842;|14763|159852
kendo.culture.nso-ZA.min.js;4097362398;1;1394430842;|14764|159853
kendo.culture.nso-ZA.min.js.map;1132367313;1;1394430842;|14765|159854
kendo.culture.nso.min.js;1882113304;1;1394430842;|14766|159855
kendo.culture.nso.min.js.map;2934012031;1;1394430842;|14767|159856
kendo.culture.oc-FR.min.js;1378007131;1;1394430842;|14768|159857
kendo.culture.oc-FR.min.js.map;2668896598;1;1394430842;|14769|159858
kendo.culture.oc.min.js;79356072;1;1394430842;|14770|159859
kendo.culture.oc.min.js.map;2461747345;1;1394430842;|14771|159860
kendo.culture.or-IN.min.js;4005619101;1;1394430842;|14772|159861
kendo.culture.or-IN.min.js.map;1846036178;1;1394430842;|14773|159862
kendo.culture.or.min.js;1267541431;1;1394430842;|14774|159863
kendo.culture.or.min.js.map;3934565815;1;1394430842;|14775|159864
kendo.culture.pa-IN.min.js;57924340;1;1394430842;|14776|159865
kendo.culture.pa-IN.min.js.map;59999246;1;1394430842;|14777|159866
kendo.culture.pa.min.js;3938717128;1;1394430842;|14778|159867
kendo.culture.pa.min.js.map;1612164712;1;1394430842;|14779|159868
kendo.culture.pl-PL.min.js;1890068440;1;1394430842;|14780|159869
kendo.culture.pl-PL.min.js.map;1842922443;1;1394430842;|14781|159870
kendo.culture.pl.min.js;1357270605;1;1394430842;|14782|159871
kendo.culture.pl.min.js.map;3921609257;1;1394430842;|14783|159872
kendo.culture.prs-AF.min.js;593812583;1;1394430842;|14784|159873
kendo.culture.prs-AF.min.js.map;2541748863;1;1394430842;|14785|159874
kendo.culture.prs.min.js;564386437;1;1394430842;|14786|159875
kendo.culture.prs.min.js.map;478557468;1;1394430842;|14787|159876
kendo.culture.ps-AF.min.js;399827631;1;1394430842;|14788|159877
kendo.culture.ps-AF.min.js.map;980159402;1;1394430842;|14789|159878
kendo.culture.ps.min.js;3733866073;1;1394430842;|14790|159879
kendo.culture.ps.min.js.map;80205913;1;1394430842;|14791|159880
kendo.culture.pt-BR.min.js;2824259383;1;1394430842;|14792|159881
kendo.culture.pt-BR.min.js.map;997242027;1;1394430842;|14793|159882
kendo.culture.pt-PT.min.js;3564730962;1;1394430842;|14794|159883
kendo.culture.pt-PT.min.js.map;4184472225;1;1394430842;|14795|159884
kendo.culture.pt.min.js;3892569969;1;1394430842;|14796|159885
kendo.culture.pt.min.js.map;1362324201;1;1394430842;|14797|159886
kendo.culture.qut-GT.min.js;169286330;1;1394430842;|14798|159887
kendo.culture.qut-GT.min.js.map;1538911125;1;1394430843;|14799|159888
kendo.culture.qut.min.js;1478461729;1;1394430843;|14800|159889
kendo.culture.qut.min.js.map;2799337561;1;1394430843;|14801|159890
kendo.culture.quz-BO.min.js;1521663899;1;1394430843;|14802|159891
kendo.culture.quz-BO.min.js.map;129115587;1;1394430843;|14803|159892
kendo.culture.quz-EC.min.js;1772251927;1;1394430843;|14804|159893
kendo.culture.quz-EC.min.js.map;1909137074;1;1394430843;|14805|159894
kendo.culture.quz-PE.min.js;2215217954;1;1394430843;|14806|159895
kendo.culture.quz-PE.min.js.map;2359489471;1;1394430843;|14807|159896
kendo.culture.quz.min.js;3212935057;1;1394430843;|14808|159897
kendo.culture.quz.min.js.map;2726553156;1;1394430843;|14809|159898
kendo.culture.rm-CH.min.js;3981385294;1;1394430843;|14810|159899
kendo.culture.rm-CH.min.js.map;1706813744;1;1394430843;|14811|159900
kendo.culture.rm.min.js;833854651;1;1394430843;|14812|159901
kendo.culture.rm.min.js.map;3237680;1;1394430843;|14813|159902
kendo.culture.ro-RO.min.js;3915428873;1;1394430843;|14814|159903
kendo.culture.ro-RO.min.js.map;2620981299;1;1394430843;|14815|159904
kendo.culture.ro.min.js;1207158325;1;1394430843;|14816|159905
kendo.culture.ro.min.js.map;2660419502;1;1394430843;|14817|159906
kendo.culture.ru-RU.min.js;1882385537;1;1394430843;|14818|159907
kendo.culture.ru-RU.min.js.map;1699950739;1;1394430843;|14819|159908
kendo.culture.ru-UA.min.js;3904518624;1;1394430843;|14820|159909
kendo.culture.ru-UA.min.js.map;595367998;1;1394430843;|14821|159910
kendo.culture.ru.min.js;3542587422;1;1394430843;|14822|159911
kendo.culture.ru.min.js.map;2777252480;1;1394430843;|14823|159912
kendo.culture.rw-RW.min.js;2093950215;1;1394430843;|14824|159913
kendo.culture.rw-RW.min.js.map;570665630;1;1394430843;|14825|159914
kendo.culture.rw.min.js;572433413;1;1394430843;|14826|159915
kendo.culture.rw.min.js.map;1109079076;1;1394430843;|14827|159916
kendo.culture.sa-IN.min.js;183229267;1;1394430843;|14828|159917
kendo.culture.sa-IN.min.js.map;478342197;1;1394430843;|14829|159918
kendo.culture.sa.min.js;2109687303;1;1394430843;|14830|159919
kendo.culture.sa.min.js.map;3497573168;1;1394430843;|14831|159920
kendo.culture.sah-RU.min.js;3046767050;1;1394430843;|14832|159921
kendo.culture.sah-RU.min.js.map;4141233899;1;1394430843;|14833|159922
kendo.culture.sah.min.js;724289051;1;1394430843;|14834|159923
kendo.culture.sah.min.js.map;3923164276;1;1394430843;|14835|159924
kendo.culture.se-FI.min.js;3434758609;1;1394430843;|14836|159925
kendo.culture.se-FI.min.js.map;644123927;1;1394430843;|14837|159926
kendo.culture.se-NO.min.js;1387655052;1;1394430843;|14838|159927
kendo.culture.se-NO.min.js.map;1681050167;1;1394430843;|14839|159928
kendo.culture.se-SE.min.js;2216768575;1;1394430843;|14840|159929
kendo.culture.se-SE.min.js.map;1488738298;1;1394430843;|14841|159930
kendo.culture.se.min.js;583962571;1;1394430843;|14842|159931
kendo.culture.se.min.js.map;3005164858;1;1394430843;|14843|159932
kendo.culture.si-LK.min.js;1514189849;1;1394430843;|14844|159933
kendo.culture.si-LK.min.js.map;1704059360;1;1394430843;|14845|159934
kendo.culture.si.min.js;4110404190;1;1394430843;|14846|159935
kendo.culture.si.min.js.map;1061562572;1;1394430843;|14847|159936
kendo.culture.sk-SK.min.js;1884671130;1;1394430843;|14848|159937
kendo.culture.sk-SK.min.js.map;2342993248;1;1394430843;|14849|159938
kendo.culture.sk.min.js;3427605959;1;1394430843;|14850|159939
kendo.culture.sk.min.js.map;3750540493;1;1394430843;|14851|159940
kendo.culture.sl-SI.min.js;919314163;1;1394430843;|14852|159941
kendo.culture.sl-SI.min.js.map;1692830322;1;1394430843;|14853|159942
kendo.culture.sl.min.js;60087159;1;1394430843;|14854|159943
kendo.culture.sl.min.js.map;2403961888;1;1394430843;|14855|159944
kendo.culture.sma-NO.min.js;689763797;1;1394430843;|14856|159945
kendo.culture.sma-NO.min.js.map;1770885373;1;1394430843;|14857|159946
kendo.culture.sma-SE.min.js;3511527364;1;1394430843;|14858|159947
kendo.culture.sma-SE.min.js.map;1579363075;1;1394430843;|14859|159948
kendo.culture.sma.min.js;3298696674;1;1394430843;|14860|159949
kendo.culture.sma.min.js.map;2227531075;1;1394430843;|14861|159950
kendo.culture.smj-NO.min.js;3243817205;1;1394430843;|14862|159951
kendo.culture.smj-NO.min.js.map;1483333360;1;1394430843;|14863|159952
kendo.culture.smj-SE.min.js;2752091576;1;1394430843;|14864|159953
kendo.culture.smj-SE.min.js.map;2409013058;1;1394430843;|14865|159954
kendo.culture.smj.min.js;1947289618;1;1394430843;|14866|159955
kendo.culture.smj.min.js.map;2440056461;1;1394430843;|14867|159956
kendo.culture.smn-FI.min.js;1370932602;1;1394430843;|14868|159957
kendo.culture.smn-FI.min.js.map;3360955991;1;1394430843;|14869|159958
kendo.culture.smn.min.js;2227052146;1;1394430843;|14870|159959
kendo.culture.smn.min.js.map;315897747;1;1394430843;|14871|159960
kendo.culture.sms-FI.min.js;4123941658;1;1394430843;|14872|159961
kendo.culture.sms-FI.min.js.map;3065025551;1;1394430843;|14873|159962
kendo.culture.sms.min.js;258042456;1;1394430843;|14874|159963
kendo.culture.sms.min.js.map;1651480942;1;1394430843;|14875|159964
kendo.culture.sq-AL.min.js;3434216406;1;1394430843;|14876|159965
kendo.culture.sq-AL.min.js.map;1711988245;1;1394430843;|14877|159966
kendo.culture.sq.min.js;92361921;1;1394430843;|14878|159967
kendo.culture.sq.min.js.map;3419796370;1;1394430843;|14879|159968
kendo.culture.sr-Cyrl-BA.min.js;2446848002;1;1394430843;|14880|159969
kendo.culture.sr-Cyrl-BA.min.js.map;3097376012;1;1394430843;|14881|159970
kendo.culture.sr-Cyrl-CS.min.js;1379114055;1;1394430843;|14882|159971
kendo.culture.sr-Cyrl-CS.min.js.map;2724940766;1;1394430843;|14883|159972
kendo.culture.sr-Cyrl-ME.min.js;644070632;1;1394430843;|14884|159973
kendo.culture.sr-Cyrl-ME.min.js.map;2382474138;1;1394430843;|14885|159974
kendo.culture.sr-Cyrl-RS.min.js;2300407655;1;1394430843;|14886|159975
kendo.culture.sr-Cyrl-RS.min.js.map;2679711418;1;1394430843;|14887|159976
kendo.culture.sr-Cyrl.min.js;755195325;1;1394430843;|14888|159977
kendo.culture.sr-Cyrl.min.js.map;4129544399;1;1394430843;|14889|159978
kendo.culture.sr-Latn-BA.min.js;360321954;1;1394430843;|14890|159979
kendo.culture.sr-Latn-BA.min.js.map;3488291375;1;1394430843;|14891|159980
kendo.culture.sr-Latn-CS.min.js;758400903;1;1394430844;|14892|159981
kendo.culture.sr-Latn-CS.min.js.map;2105897142;1;1394430844;|14893|159982
kendo.culture.sr-Latn-ME.min.js;4034878914;1;1394430844;|14894|159983
kendo.culture.sr-Latn-ME.min.js.map;2394726945;1;1394430844;|14895|159984
kendo.culture.sr-Latn-RS.min.js;970734699;1;1394430844;|14896|159985
kendo.culture.sr-Latn-RS.min.js.map;1079451090;1;1394430844;|14897|159986
kendo.culture.sr-Latn.min.js;3267692956;1;1394430844;|14898|159987
kendo.culture.sr-Latn.min.js.map;3774409853;1;1394430844;|14899|159988
kendo.culture.sr.min.js;1794212736;1;1394430844;|14900|159989
kendo.culture.sr.min.js.map;289241779;1;1394430844;|14901|159990
kendo.culture.sv-FI.min.js;3601922199;1;1394430844;|14902|159991
kendo.culture.sv-FI.min.js.map;839925084;1;1394430844;|14903|159992
kendo.culture.sv-SE.min.js;3808393545;1;1394430844;|14904|159993
kendo.culture.sv-SE.min.js.map;677885542;1;1394430844;|14905|159994
kendo.culture.sv.min.js;2792628034;1;1394430844;|14906|159995
kendo.culture.sv.min.js.map;2499306981;1;1394430844;|14907|159996
kendo.culture.sw-KE.min.js;3573775493;1;1394430844;|14908|159997
kendo.culture.sw-KE.min.js.map;1477848877;1;1394430844;|14909|159998
kendo.culture.sw.min.js;1449014933;1;1394430844;|14910|159999
kendo.culture.sw.min.js.map;2225936192;1;1394430844;|14911|160000
kendo.culture.syr-SY.min.js;1515066663;1;1394430844;|14912|160001
kendo.culture.syr-SY.min.js.map;3900223519;1;1394430844;|14913|160002
kendo.culture.syr.min.js;17664555;1;1394430844;|14914|160003
kendo.culture.syr.min.js.map;3534819968;1;1394430844;|14915|160004
kendo.culture.ta-IN.min.js;2654179791;1;1394430844;|14916|160005
kendo.culture.ta-IN.min.js.map;2777190402;1;1394430844;|14917|160006
kendo.culture.ta.min.js;75779911;1;1394430844;|14918|160007
kendo.culture.ta.min.js.map;570627378;1;1394430844;|14919|160008
kendo.culture.te-IN.min.js;77568174;1;1394430844;|14920|160009
kendo.culture.te-IN.min.js.map;550473783;1;1394430844;|14921|160010
kendo.culture.te.min.js;2407537239;1;1394430844;|14922|160011
kendo.culture.te.min.js.map;1257440460;1;1394430844;|14923|160012
kendo.culture.tg-Cyrl-TJ.min.js;3255282310;1;1394430844;|14924|160013
kendo.culture.tg-Cyrl-TJ.min.js.map;1673712632;1;1394430844;|14925|160014
kendo.culture.tg-Cyrl.min.js;2651949591;1;1394430844;|14926|160015
kendo.culture.tg-Cyrl.min.js.map;529107524;1;1394430844;|14927|160016
kendo.culture.tg.min.js;3135806488;1;1394430844;|14928|160017
kendo.culture.tg.min.js.map;2071858183;1;1394430844;|14929|160018
kendo.culture.th-TH.min.js;525784280;1;1394430844;|14930|160019
kendo.culture.th-TH.min.js.map;1201389348;1;1394430844;|14931|160020
kendo.culture.th.min.js;2927570849;1;1394430844;|14932|160021
kendo.culture.th.min.js.map;373653439;1;1394430844;|14933|160022
kendo.culture.tk-TM.min.js;1538033620;1;1394430844;|14934|160023
kendo.culture.tk-TM.min.js.map;3556911253;1;1394430844;|14935|160024
kendo.culture.tk.min.js;158676825;1;1394430844;|14936|160025
kendo.culture.tk.min.js.map;874868860;1;1394430844;|14937|160026
kendo.culture.tn-ZA.min.js;3488536537;1;1394430844;|14938|160027
kendo.culture.tn-ZA.min.js.map;37720521;1;1394430844;|14939|160028
kendo.culture.tn.min.js;3977380981;1;1394430844;|14940|160029
kendo.culture.tn.min.js.map;1309364643;1;1394430844;|14941|160030
kendo.culture.tr-TR.min.js;1803708331;1;1394430844;|14942|160031
kendo.culture.tr-TR.min.js.map;3629235057;1;1394430844;|14943|160032
kendo.culture.tr.min.js;3171398950;1;1394430844;|14944|160033
kendo.culture.tr.min.js.map;134806486;1;1394430844;|14945|160034
kendo.culture.tt-RU.min.js;841197049;1;1394430844;|14946|160035
kendo.culture.tt-RU.min.js.map;3838872715;1;1394430844;|14947|160036
kendo.culture.tt.min.js;2751325041;1;1394430844;|14948|160037
kendo.culture.tt.min.js.map;152097228;1;1394430844;|14949|160038
kendo.culture.tzm-Latn-DZ.min.js;3173930966;1;1394430844;|14950|160039
kendo.culture.tzm-Latn-DZ.min.js.map;210293482;1;1394430844;|14951|160040
kendo.culture.tzm-Latn.min.js;3055231468;1;1394430844;|14952|160041
kendo.culture.tzm-Latn.min.js.map;2422767313;1;1394430844;|14953|160042
kendo.culture.tzm.min.js;3141065722;1;1394430844;|14954|160043
kendo.culture.tzm.min.js.map;2238970283;1;1394430844;|14955|160044
kendo.culture.ug-CN.min.js;83341886;1;1394430844;|14956|160045
kendo.culture.ug-CN.min.js.map;827115875;1;1394430844;|14957|160046
kendo.culture.ug.min.js;1967065644;1;1394430844;|14958|160047
kendo.culture.ug.min.js.map;4177677106;1;1394430844;|14959|160048
kendo.culture.uk-UA.min.js;1419146524;1;1394430844;|14960|160049
kendo.culture.uk-UA.min.js.map;833577797;1;1394430844;|14961|160050
kendo.culture.uk.min.js;1985638257;1;1394430844;|14962|160051
kendo.culture.uk.min.js.map;3578082742;1;1394430844;|14963|160052
kendo.culture.ur-PK.min.js;2723032021;1;1394430844;|14964|160053
kendo.culture.ur-PK.min.js.map;2768861061;1;1394430844;|14965|160054
kendo.culture.ur.min.js;1747102357;1;1394430844;|14966|160055
kendo.culture.ur.min.js.map;1454454384;1;1394430844;|14967|160056
kendo.culture.uz-Cyrl-UZ.min.js;2888472072;1;1394430844;|14968|160057
kendo.culture.uz-Cyrl-UZ.min.js.map;2317481088;1;1394430844;|14969|160058
kendo.culture.uz-Cyrl.min.js;3069024201;1;1394430844;|14970|160059
kendo.culture.uz-Cyrl.min.js.map;1748191387;1;1394430844;|14971|160060
kendo.culture.uz-Latn-UZ.min.js;799469217;1;1394430844;|14972|160061
kendo.culture.uz-Latn-UZ.min.js.map;1219047325;1;1394430844;|14973|160062
kendo.culture.uz-Latn.min.js;2060919433;1;1394430844;|14974|160063
kendo.culture.uz-Latn.min.js.map;3430194499;1;1394430844;|14975|160064
kendo.culture.uz.min.js;3390276937;1;1394430844;|14976|160065
kendo.culture.uz.min.js.map;2676734518;1;1394430844;|14977|160066
kendo.culture.vi-VN.min.js;881741343;1;1394430844;|14978|160067
kendo.culture.vi-VN.min.js.map;3391093608;1;1394430844;|14979|160068
kendo.culture.vi.min.js;1189995454;1;1394430844;|14980|160069
kendo.culture.vi.min.js.map;508345587;1;1394430844;|14981|160070
kendo.culture.wo-SN.min.js;1784920822;1;1394430844;|14982|160071
kendo.culture.wo-SN.min.js.map;2267889452;1;1394430844;|14983|160072
kendo.culture.wo.min.js;722508107;1;1394430844;|14984|160073
kendo.culture.wo.min.js.map;2306602125;1;1394430844;|14985|160074
kendo.culture.xh-ZA.min.js;3163447485;1;1394430844;|14986|160075
kendo.culture.xh-ZA.min.js.map;4224759014;1;1394430844;|14987|160076
kendo.culture.xh.min.js;3274323616;1;1394430844;|14988|160077
kendo.culture.xh.min.js.map;4163799528;1;1394430844;|14989|160078
kendo.culture.yo-NG.min.js;990590050;1;1394430844;|14990|160079
kendo.culture.yo-NG.min.js.map;1209830752;1;1394430844;|14991|160080
kendo.culture.yo.min.js;3601177511;1;1394430844;|14992|160081
kendo.culture.yo.min.js.map;356561876;1;1394430844;|14993|160082
kendo.culture.zh-CHS.min.js;1407675647;1;1394430844;|14994|160083
kendo.culture.zh-CHS.min.js.map;3626851640;1;1394430844;|14995|160084
kendo.culture.zh-CHT.min.js;3780804392;1;1394430844;|14996|160085
kendo.culture.zh-CHT.min.js.map;4036851609;1;1394430844;|14997|160086
kendo.culture.zh-CN.min.js;3481685777;1;1394430844;|14998|160087
kendo.culture.zh-CN.min.js.map;1223719208;1;1394430844;|14999|160088
kendo.culture.zh-Hans.min.js;1536754066;1;1394430844;|15000|160089
kendo.culture.zh-Hans.min.js.map;3937169161;1;1394430844;|15001|160090
kendo.culture.zh-Hant.min.js;1043723169;1;1394430844;|15002|160091
kendo.culture.zh-Hant.min.js.map;766936075;1;1394430844;|15003|160092
kendo.culture.zh-HK.min.js;2440890512;1;1394430844;|15004|160093
kendo.culture.zh-HK.min.js.map;188970930;1;1394430844;|15005|160094
kendo.culture.zh-MO.min.js;1417270692;1;1394430844;|15006|160095
kendo.culture.zh-MO.min.js.map;3702068833;1;1394430844;|15007|160096
kendo.culture.zh-SG.min.js;1648401245;1;1394430844;|15008|160097
kendo.culture.zh-SG.min.js.map;1013727656;1;1394430844;|15009|160098
kendo.culture.zh-TW.min.js;751649536;1;1394430844;|15010|160099
kendo.culture.zh-TW.min.js.map;3310526472;1;1394430844;|15011|160100
kendo.culture.zh.min.js;33679449;1;1394430844;|15012|160101
kendo.culture.zh.min.js.map;646195670;1;1394430844;|15013|160102
kendo.culture.zu-ZA.min.js;3174382947;1;1394430844;|15014|160103
kendo.culture.zu-ZA.min.js.map;7883378;1;1394430844;|15015|160104
kendo.culture.zu.min.js;913698998;1;1394430846;|15016|160105
kendo.culture.zu.min.js.map;2172284713;1;1394430846;|15017|160106
