SCMBranch=USR-717
SCMRepository=User Interface/Task Time Tracker/Web/app/BM/Legal/services/Gen
SCMMainlineUUID={6a359bb0-6131-417f-b48a-3113b3a22182}
SCMBranchRepositoryID=35059
CaseStatusService.js;221291454;2;1435115621;|38543|311032
CaseTypeService.js;4170775587;2;1435115621;|38544|311033
ClientTypeService.js;2427509065;2;1435115621;|38545|311034
CounselService.js;3596001712;2;1435115621;|38546|311037
JurisdictionsService.js;3264403810;2;1435115621;|38547|311038
MovantTypeService.js;2322738849;2;1435115621;|38549|311039
PressReleaseTypeService.js;634576595;2;1435115621;|38730|311040
ReportingRequirementService.js;2072084159;2;1435115621;|38726|311041
ReportTypeService.js;2806594038;2;1435115621;|38731|311042
RetrievalMethodService.js;1802062180;2;1435115621;|38727|311043
SettlementStatusService.js;2105162852;2;1435115621;|38728|311044
TransactionTypeService.js;1050745976;2;1435115621;|38729|311045
Core.cs;850560623;4;1439523305;|38569|322456
Core.tt;1003877493;5;1439523305;|38568|322457
