SCMBranch=USR-717
SCMRepository=User Interface/Task Time Tracker/Web/MA/AuthenticationAndAuthorization/ApplicationOperation
SCMMainlineUUID={6a359bb0-6131-417f-b48a-3113b3a22182}
SCMBranchRepositoryID=30785
Clone.aspx.cs;3994324858;1;1418613671;|33153|285731
Clone.aspx.designer.cs;4098254243;1;1418613671;|33154|285732
Delete.aspx.cs;3440474336;1;1418613671;|33159|285737
Delete.aspx.designer.cs;4281598434;1;1418613671;|33160|285738
Details.aspx.cs;1599735177;1;1418613671;|33161|285739
Details.aspx.designer.cs;3978004053;1;1418613671;|33162|285740
Export.aspx;3044306111;1;1418613671;|33147|285725
Export.aspx.cs;871641097;1;1418613671;|33163|285741
Export.aspx.designer.cs;3215997034;1;1418613671;|33164|285742
InlineUpdate.aspx;1038638036;1;1418613671;|33148|285726
InlineUpdate.aspx.designer.cs;3146044928;1;1418613671;|33166|285744
Insert.aspx.cs;1987172803;1;1418613671;|33167|285745
Insert.aspx.designer.cs;2483735609;1;1418613671;|33168|285746
RenumberData.aspx;945818949;1;1418613671;|33150|285728
RenumberData.aspx.designer.cs;2335037273;1;1418613671;|33170|285748
Settings.aspx;4069455528;1;1418613671;|33151|285729
Settings.aspx.cs;3811149042;1;1418613671;|33171|285749
Settings.aspx.designer.cs;1608047080;1;1418613671;|33172|285750
Update.aspx.cs;3806646226;1;1418613671;|33173|285751
Update.aspx.designer.cs;349388943;1;1418613671;|33174|285752
Clone.aspx;3528921376;2;1418839025;|33142|289933
Delete.aspx;3798667254;2;1418839025;|33145|289935
Insert.aspx;1363293497;2;1418839025;|33149|289936
Details.aspx;1841236971;2;1419542783;|33146|290809
Update.aspx;713510733;3;1419542783;|33152|290810
CommonUpdate.aspx;4228045974;2;1462161186;|33143|346129
CommonUpdate.aspx.cs;4258372476;2;1462161186;|33155|346130
CommonUpdate.aspx.designer.cs;1609678811;2;1462161186;|33156|346131
Default.aspx;2964148266;3;1462161186;|33144|346132
Default.aspx.cs;3345654660;2;1462161186;|33157|346133
Default.aspx.designer.cs;2090511809;2;1462161186;|33158|346134
UI_Pages.cs;1309701801;1;1462161186;|41523|346076
UI_Pages.tt;3228971417;1;1462161186;|41522|346075
InlineUpdate.aspx.cs;1229680334;2;1464838864;|33165|349198
RenumberData.aspx.cs;1564080873;7;1493092262;|33169|357828
