SCMBranch=USR-717
SCMRepository=User Interface/Task Time Tracker/Web/Shared/Configuration/MenuCategory/Controls
SCMMainlineUUID={6a359bb0-6131-417f-b48a-3113b3a22182}
SCMBranchRepositoryID=12569
Details.ascx.designer.cs;3298779545;2;1394430881;|7860|154972
List.ascx.designer.cs;1881063982;1;1394430881;|7856|27140
Validation.xml;3687457457;1;1394430881;|7867|27151
List.ascx;2875766113;2;1401244935;|7864|193842
Details.ascx;260668134;5;1401678843;|7862|200365
SearchFilter.ascx.designer.cs;2121029235;7;1405544890;|7858|213143
SearchFilter.ascx;1150813998;17;1406825965;|7865|223216
Generic.ascx.cs;1800796974;18;1408591365;|7866|227837
List.ascx.cs;238453316;7;1408591365;|7855|227838
Details.ascx.cs;1030248404;14;1410146599;|7861|247856
Generic.ascx;1307390522;5;1412565131;|7863|255143
Generic.ascx.designer.cs;2801537036;2;1412565131;|7859|255144
SearchFilter.ascx.cs;1049705370;18;1414437912;|7857|273844
