SCMBranch=USR-717
SCMRepository=User Interface/Task Time Tracker/Web/Configuration/FieldConfigurationMode/Controls
SCMMainlineUUID={6a359bb0-6131-417f-b48a-3113b3a22182}
SCMBranchRepositoryID=29111
Details.ascx.cs;2055740408;1;1417403877;|27949|278533
Generic.ascx.designer.cs;1078319114;1;1417403877;|27946|278530
List.ascx.cs;3227652275;1;1417403877;|27938|278522
List.ascx.designer.cs;4207450452;1;1417403877;|27945|278529
SearchFilter.ascx;4183607347;1;1417403877;|27941|278525
SearchFilter.ascx.cs;4000729793;1;1417403877;|27944|278528
SearchFilter.ascx.designer.cs;1878251059;1;1417403877;|27943|278527
Validation.xml;2130932709;1;1417403877;|27942|278526
List.ascx;2098327635;2;1417540916;|27940|280258
Details.ascx;2625487317;2;1428633515;|27950|299777
Details.ascx.designer.cs;1459785788;2;1428633515;|27948|299778
Generic.ascx;1345353609;2;1428633515;|27939|299779
Generic.ascx.cs;2244360687;3;1469426620;|27947|352056
