SCMBranch=USR-717
SCMRepository=User Interface/Task Time Tracker/Web/Prototype/Kendo/content/shared/js
SCMMainlineUUID={6a359bb0-6131-417f-b48a-3113b3a22182}
SCMBranchRepositoryID=19063
console.js;483490838;1;1394430811;|13308|158397
everlive.all.js;1177938030;1;1394430811;|13307|158396
examples.js;1816993867;1;1394430811;|13306|158395
less.js;2049139768;1;1394430811;|13305|158394
orders.js;3112366540;1;1394430811;|13304|158393
people.js;3781949189;1;1394430811;|13309|158398
prettify.js;2590686260;1;1394430811;|13303|158392
products.js;2361512054;1;1394430811;|13302|158391
telerik-navigation.js;3793728829;1;1394430811;|13310|158399
