SCMBranch=USR-717
SCMRepository=User Interface/Task Time Tracker/Web/Shared/Admin/BatchFileStatus/Controls
SCMMainlineUUID={6a359bb0-6131-417f-b48a-3113b3a22182}
SCMBranchRepositoryID=5503
Details.ascx.designer.cs;3289817429;4;1394430858;|1141|154618
Generic.ascx.designer.cs;2525973588;4;1394430858;|1147|61149
List.ascx.designer.cs;3139279051;1;1394430858;|1151|1151
SearchFilter.ascx.designer.cs;1054085017;6;1394430858;|1149|80722
Validation.xml;1239430318;1;1394430858;|1146|1146
Generic.ascx;3749084003;7;1401244928;|1144|193378
List.ascx;1712170215;2;1401244928;|1145|193379
Details.ascx;1803584071;6;1401678837;|1143|200135
Details.ascx.cs;4164592306;8;1408639045;|1140|231226
List.ascx.cs;1481371384;6;1409070497;|1142|234543
SearchFilter.ascx;1252940081;16;1433472810;|1139|308625
Generic.ascx.cs;2218335956;15;1469426662;|1148|351677
SearchFilter.ascx.cs;3483126182;15;1469426662;|1150|353320
