SCMBranch=USR-717
SCMRepository=User Interface/Task Time Tracker/Web/Prototype/Kendo/content/shared/images/patterns
SCMMainlineUUID={6a359bb0-6131-417f-b48a-3113b3a22182}
SCMBranchRepositoryID=19059
pattern1.png;2361818920;1;1394430810;|13270|158359
pattern10.png;1995344569;1;1394430810;|13269|158358
pattern2.png;1770391289;1;1394430810;|13268|158357
pattern3.png;4231609756;1;1394430810;|13267|158356
pattern4.png;2920446142;1;1394430810;|13271|158360
pattern5.png;450758625;1;1394430810;|13265|158354
pattern6.png;2370302203;1;1394430810;|13264|158353
pattern7.png;1215375428;1;1394430810;|13272|158361
pattern8.png;507120927;1;1394430810;|13263|158352
pattern9.png;4035720556;1;1394430810;|13266|158355
