SCMBranch=USR-717
SCMRepository=User Interface/Task Time Tracker/Web/ckeditor
SCMMainlineUUID={6a359bb0-6131-417f-b48a-3113b3a22182}
SCMBranchRepositoryID=9764
.htaccess;843300523;1;1394430777;|4350|11137
CHANGES.html;2327171070;1;1394430777;|4352|11139
ckeditor.js;479212690;1;1394430777;|4353|11140
ckeditor_basic.js;2932730801;1;1394430777;|4354|11141
config.js;3927342798;1;1394430777;|4355|11142
contents.css;2285425163;1;1394430777;|4356|11143
INSTALL.html;1657660123;1;1394430777;|4357|11144
LICENSE.html;1890662879;1;1394430777;|4351|11138
