SCMBranch=USR-717
SCMRepository=User Interface/Task Time Tracker/Web/Shared/TasksAndWorkflow/TaskEntity
SCMMainlineUUID={6a359bb0-6131-417f-b48a-3113b3a22182}
SCMBranchRepositoryID=29204
Clone.aspx;2718386951;1;1417403914;|27448|278014
Clone.aspx.cs;2253220211;1;1417403914;|27441|278007
Clone.aspx.designer.cs;875674587;1;1417403914;|27447|278013
CommonUpdate.aspx;2352648798;1;1417403914;|27449|278015
CommonUpdate.aspx.cs;4108411565;1;1417403914;|27440|278006
CommonUpdate.aspx.designer.cs;1710053621;1;1417403914;|27439|278005
Default.aspx;30248101;1;1417403914;|27450|278016
Default.aspx.cs;1148102860;1;1417403914;|27438|278004
Default.aspx.designer.cs;136887872;1;1417403914;|27437|278003
Delete.aspx;236927835;1;1417403914;|27451|278017
Delete.aspx.cs;48782939;1;1417403914;|27436|278002
Delete.aspx.designer.cs;722341238;1;1417403914;|27435|278001
Details.aspx;3615934264;1;1417403914;|27452|278018
Details.aspx.cs;3569054286;1;1417403914;|27446|278012
Details.aspx.designer.cs;4066584130;1;1417403914;|27433|277999
Export.aspx;580184218;1;1417403914;|27453|278019
Export.aspx.cs;3650272169;1;1417403914;|27432|277998
Export.aspx.designer.cs;2228235249;1;1417403914;|27431|277997
InlineUpdate.aspx;539034738;1;1417403914;|27454|278020
InlineUpdate.aspx.cs;1601632051;1;1417403914;|27430|277996
InlineUpdate.aspx.designer.cs;3220676242;1;1417403914;|27429|277995
Insert.aspx;2753528984;1;1417403914;|27455|278021
Insert.aspx.cs;265387402;1;1417403914;|27428|277994
Insert.aspx.designer.cs;247270886;1;1417403914;|27434|278000
Settings.aspx;2600388161;1;1417403914;|27456|278022
Settings.aspx.cs;3826602036;1;1417403914;|27442|278008
Settings.aspx.designer.cs;237209615;1;1417403914;|27443|278009
Update.aspx;85258145;1;1417403914;|27457|278023
Update.aspx.cs;2862933374;1;1417403914;|27444|278010
Update.aspx.designer.cs;2689371279;1;1417403914;|27445|278011
