SCMBranch=USR-717
SCMRepository=User Interface/Task Time Tracker/Web/Configuration/Application/Controls
SCMMainlineUUID={6a359bb0-6131-417f-b48a-3113b3a22182}
SCMBranchRepositoryID=29098
Details.ascx.cs;3215484185;1;1417403875;|27694|278278
Generic.ascx.designer.cs;3259720338;1;1417403875;|27691|278275
List.ascx.cs;3960223098;1;1417403876;|27690|278274
List.ascx.designer.cs;306236099;1;1417403876;|27689|278273
SearchFilter.ascx;1920806366;1;1417403876;|27685|278269
SearchFilter.ascx.cs;3990254183;1;1417403876;|27688|278272
SearchFilter.ascx.designer.cs;1493936704;1;1417403876;|27687|278271
Validation.xml;1470978621;1;1417403876;|27686|278270
List.ascx;532606233;2;1417540915;|27684|280219
Details.ascx;764584975;2;1428633515;|27683|299762
Details.ascx.designer.cs;372523199;2;1428633515;|27693|299763
Generic.ascx;3313700789;2;1428633515;|27682|299764
Generic.ascx.cs;2325750798;3;1469426620;|27692|352048
