SCMBranch=USR-717
SCMRepository=User Interface/Task Time Tracker/Web/Styles/font-awesome/scss
SCMMainlineUUID={6a359bb0-6131-417f-b48a-3113b3a22182}
SCMBranchRepositoryID=13371
_bootstrap.scss;2797421814;1;1394430903;|9511|77354
_core.scss;659275890;1;1394430903;|9510|77353
_extras.scss;1752684524;1;1394430903;|9509|77352
_icons.scss;316596738;1;1394430903;|9508|77351
_mixins.scss;1841511875;1;1394430903;|9507|77350
_path.scss;4047325154;1;1394430903;|9512|77355
_variables.scss;1319279596;1;1394430903;|9504|77347
font-awesome-ie7.scss;576552450;1;1394430903;|9505|77348
font-awesome.scss;3743886581;1;1394430903;|9506|77349
