SCMBranch=USR-717
SCMRepository=User Interface/Task Time Tracker/Web/Shared/Admin/Audit/AuditHistory
SCMMainlineUUID={6a359bb0-6131-417f-b48a-3113b3a22182}
SCMBranchRepositoryID=5494
Export.aspx;4148720196;1;1394430857;|1046|1046
Export.aspx.cs;3679128545;2;1394430857;|1045|123444
Export.aspx.designer.cs;2899314843;1;1394430857;|1044|1044
Details.aspx.cs;762111286;8;1406311478;|1041|222251
Default.aspx.cs;2425728351;21;1408507669;|1050|227931
Default.aspx;611672091;10;1408639045;|1049|233488
Default.aspx.designer.cs;4062868275;5;1410146579;|1043|249909
Delete.aspx;650977087;7;1410146579;|1048|241370
Delete.aspx.designer.cs;589179939;3;1410146579;|1042|241371
Details.aspx;306888574;6;1410146579;|1047|241372
Details.aspx.designer.cs;3959360254;3;1410146579;|1040|241373
Delete.aspx.cs;2108226370;12;1462161225;|1039|346953
