SCMBranch=USR-717
SCMRepository=User Interface/Task Time Tracker/Web/MA/ApplicationDevelopment/Functionality/Controls
SCMMainlineUUID={6a359bb0-6131-417f-b48a-3113b3a22182}
SCMBranchRepositoryID=30750
Details.ascx;2164936741;1;1418613666;|32545|285123
Details.ascx.cs;3106098555;1;1418613666;|32534|285112
Details.ascx.designer.cs;1639886483;1;1418613666;|32535|285113
Generic.ascx.designer.cs;220107511;1;1418613666;|32537|285115
List.ascx;2941996194;1;1418613666;|32543|285121
List.ascx.cs;3563493244;1;1418613666;|32538|285116
List.ascx.designer.cs;3671721819;1;1418613666;|32539|285117
SearchFilter.ascx;1292864400;1;1418613666;|32542|285120
SearchFilter.ascx.designer.cs;417253301;1;1418613666;|32541|285119
Validation.xml;3687457457;1;1418613666;|32546|285124
Generic.ascx;2335204266;2;1433221042;|32544|304304
SearchFilter.ascx.cs;3084177358;3;1447042478;|32540|335267
Generic.ascx.cs;4086959709;8;1493092262;|32536|357817
