SCMBranch=USR-717
SCMRepository=User Interface/Task Time Tracker/Web/MA/ApplicationDevelopment/EntityXWorkticket/Controls
SCMMainlineUUID={6a359bb0-6131-417f-b48a-3113b3a22182}
SCMBranchRepositoryID=35894
Details.ascx;716922817;1;1445829593;|40936|332670
Details.ascx.cs;2219628721;1;1445829593;|40934|332668
Details.ascx.designer.cs;163973864;1;1445829593;|40935|332669
Generic.ascx;87062024;1;1445829593;|40940|332675
Generic.ascx.designer.cs;4071766039;1;1445829593;|40944|332679
Validation.xml;3687457457;1;1445829593;|40942|332677
Validation.xml.cs;1167501914;1;1445829593;|40947|332746
Validation.xml.designer.cs;47719150;1;1445829593;|40948|332747
SearchFilter.ascx;1202695385;2;1446003213;|40941|333020
SearchFilter.ascx.designer.cs;3939668218;2;1446003213;|40946|333022
SearchFilter.ascx.cs;3989313413;3;1447042478;|40945|335265
Generic.ascx.cs;3056447326;2;1469426631;|40943|352091
