SCMBranch=USR-717
SCMRepository=User Interface/Task Time Tracker/Web/app/BM/ReferenceData/views/Gen/Save
SCMMainlineUUID={6a359bb0-6131-417f-b48a-3113b3a22182}
SCMBranchRepositoryID=35839
saveRaceType.html;2954614821;1;1439960293;|40483|326490
saveSexType.html;1058843637;1;1439960293;|40486|326493
SaveViewGenerator.cs;1566315191;1;1440748511;|40490|326497
saveAddress.html;2167278233;2;1459347659;|40610|343850
saveAirport.html;2614885312;4;1459347659;|40471|343629
saveCalendar.html;3904528887;3;1459347659;|40472|343630
saveCity.html;677304663;4;1459347659;|40473|343631
saveContinent.html;1499141005;3;1459347659;|40474|343632
saveCountry.html;1505945680;3;1459347659;|40475|343633
saveCurrency.html;1913959750;3;1459347659;|40476|343634
saveEthnicity.html;2667683242;3;1459347659;|40582|343851
saveGender.html;2605854620;3;1459347659;|40698|343636
saveGeographicRegion.html;1095529927;3;1459347659;|40477|343637
saveHelpLine.html;236640456;3;1459347659;|40478|343638
saveHoliday.html;958662713;3;1459347659;|40479|343639
saveMall.html;3201464358;3;1459347659;|40480|343640
saveMonument.html;449271772;3;1459347659;|40481|343641
savePersonSuffix.html;457483035;3;1459347659;|40482|343642
saveProvince.html;238455907;3;1459347659;|40673|343643
saveProvinceType.html;1886943765;3;1459347659;|40674|343644
saveRegion.html;181436035;4;1459347659;|40484|343645
saveReligion.html;494092103;3;1459347659;|40485|343646
saveState.html;1626095667;4;1459347659;|40487|343647
saveTrainStation.html;888221977;4;1459347659;|40489|343649
saveTimeZone.html;3909071025;4;1462249284;|40488|347043
saveLayerName.html;2704500475;1;1462765963;|41665|347449
saveTaskName.html;4240778088;1;1462765963;|41657|347422
SaveViewGenerator.tt;2818562831;13;1463663225;|40470|347958
