SCMBranch=USR-717
SCMRepository=User Interface/Task Time Tracker/Web/Shared/Admin/BatchFileHistory
SCMMainlineUUID={6a359bb0-6131-417f-b48a-3113b3a22182}
SCMBranchRepositoryID=5498
Export.aspx;3635540406;2;1394430857;|1074|118789
Export.aspx.designer.cs;771973999;2;1394430857;|1068|154612
Default.aspx;2264758651;7;1408639045;|1066|233490
Default.aspx.cs;3847869621;18;1408639045;|1069|233491
Default.aspx.designer.cs;62779350;5;1410146579;|1070|249911
Details.aspx.designer.cs;4205743816;4;1410146579;|1072|249913
Export.aspx.cs;2571805108;8;1410146579;|1073|245662
Details.aspx.cs;3611128516;7;1414005995;|1071|272700
Details.aspx;3572163064;8;1419542792;|1067|290893
