SCMBranch=USR-717
SCMRepository=User Interface/Task Time Tracker/Web/Shared/Admin/SystemIntegrity/SearchKey/Controls
SCMMainlineUUID={6a359bb0-6131-417f-b48a-3113b3a22182}
SCMBranchRepositoryID=13091
Details.ascx.designer.cs;1989720744;4;1394430862;|8854|155218
Generic.ascx.designer.cs;428014422;2;1394430862;|8853|72598
List.ascx.designer.cs;3814212705;1;1394430862;|8851|69859
SearchFilter.ascx.designer.cs;918197701;3;1394430862;|8850|105063
Validation.xml;2430838278;1;1394430862;|8856|69864
Generic.ascx;1089466319;4;1401244929;|8859|195498
List.ascx;2460555671;2;1401244929;|8858|195499
Details.ascx;1793055060;6;1401678838;|8860|201699
SearchFilter.ascx;2360009837;9;1406774006;|8857|223064
List.ascx.cs;4150526809;6;1408591358;|8852|229605
Details.ascx.cs;741246021;10;1413170137;|8855|267337
Generic.ascx.cs;1078286019;13;1469426664;|8861|353433
SearchFilter.ascx.cs;3580156342;9;1469426664;|8849|353434
