SCMBranch=USR-717
SCMRepository=User Interface/Task Time Tracker/Web/Configuration/DateRangeTitle/Controls
SCMMainlineUUID={6a359bb0-6131-417f-b48a-3113b3a22182}
SCMBranchRepositoryID=29107
Details.ascx.cs;3300076845;1;1417403877;|27860|278444
Generic.ascx.designer.cs;1742891647;1;1417403877;|27858|278442
List.ascx;933909281;1;1417403877;|27851|278435
List.ascx.cs;1668374617;1;1417403877;|27857|278441
List.ascx.designer.cs;72158380;1;1417403877;|27856|278440
SearchFilter.ascx;777461146;1;1417403877;|27850|278434
SearchFilter.ascx.cs;52119960;1;1417403877;|27855|278439
SearchFilter.ascx.designer.cs;657897731;1;1417403877;|27854|278438
Validation.xml;1066268328;1;1417403877;|27849|278433
Details.ascx;3076753732;2;1428633515;|27853|299772
Details.ascx.designer.cs;878166015;2;1428633515;|27848|299773
Generic.ascx;1999736026;2;1428633515;|27852|299774
Generic.ascx.cs;1268261316;3;1469426620;|27859|352054
