SCMBranch=USR-717
SCMRepository=User Interface/Task Time Tracker/Web/Controls/EntityDateRangeState/Controls
SCMMainlineUUID={6a359bb0-6131-417f-b48a-3113b3a22182}
SCMBranchRepositoryID=29159
Details.ascx;3799143217;1;1417403885;|28779|279363
Details.ascx.cs;1845212981;1;1417403885;|28786|279370
Details.ascx.designer.cs;973821163;1;1417403885;|28787|279371
SearchFilter.ascx;4074380798;1;1417403885;|28781|279365
SearchFilter.ascx.cs;2218608604;1;1417403885;|28784|279368
SearchFilter.ascx.designer.cs;1537004419;1;1417403885;|28783|279367
Validation.xml;1508226554;1;1417403885;|28782|279366
Generic.ascx.designer.cs;1447962111;2;1419579530;|28785|291152
Generic.ascx;2231521150;3;1420780104;|28780|294504
Generic.ascx.cs;951315467;9;1493092258;|28788|358309
