SCMBranch=USR-717
SCMRepository=User Interface/Task Time Tracker/Web/MA/AuthenticationAndAuthorization/ApplicationUserProfileImageMaster/Controls
SCMMainlineUUID={6a359bb0-6131-417f-b48a-3113b3a22182}
SCMBranchRepositoryID=30796
Details.ascx;2087263408;1;1418613672;|33375|285953
Details.ascx.cs;152065182;1;1418613672;|33380|285958
Details.ascx.designer.cs;1211899868;1;1418613672;|33372|285950
Generic.ascx;3649459264;1;1418613672;|33376|285954
Generic.ascx.designer.cs;1839167992;1;1418613672;|33374|285952
List.ascx;1532026804;1;1418613672;|33377|285955
List.ascx.cs;3496942031;1;1418613672;|33371|285949
List.ascx.designer.cs;4201477021;1;1418613672;|33383|285961
SearchFilter.ascx;2671377760;1;1418613672;|33378|285956
SearchFilter.ascx.cs;2773041145;1;1418613672;|33382|285960
SearchFilter.ascx.designer.cs;3790732764;1;1418613672;|33381|285959
Validation.xml;1428678950;1;1418613672;|33379|285957
Generic.ascx.cs;2969045284;4;1469426635;|33373|352123
