SCMBranch=USR-717
SCMRepository=User Interface/Task Time Tracker/Web/Prototype/Kendo/content/shared/images/photos/220
SCMMainlineUUID={6a359bb0-6131-417f-b48a-3113b3a22182}
SCMBranchRepositoryID=19062
1.jpg;3945436917;1;1394430811;|13299|158388
10.jpg;1480977510;1;1394430811;|13300|158389
11.jpg;1726621687;1;1394430811;|13298|158387
12.jpg;3098119486;1;1394430811;|13297|158386
13.jpg;1404185035;1;1394430811;|13296|158385
14.jpg;499234465;1;1394430811;|13294|158383
2.jpg;2852520153;1;1394430811;|13292|158381
3.jpg;3647550982;1;1394430811;|13291|158380
4.jpg;1286549493;1;1394430811;|13290|158379
5.jpg;2188677770;1;1394430811;|13301|158390
6.jpg;169083615;1;1394430811;|13293|158382
7.jpg;3222902046;1;1394430811;|13295|158384
8.jpg;1079323551;1;1394430811;|13289|158378
9.jpg;978744096;1;1394430811;|13288|158377
