SCMBranch=USR-717
SCMRepository=User Interface/Task Time Tracker/Web/Configuration/SystemForeignRelationship
SCMMainlineUUID={6a359bb0-6131-417f-b48a-3113b3a22182}
SCMBranchRepositoryID=29129
Clone.aspx.cs;2211692849;1;1417403879;|28219|278803
Clone.aspx.designer.cs;3972946210;1;1417403879;|28220|278804
CommonUpdate.aspx;2960038018;1;1417403879;|28222|278806
CommonUpdate.aspx.designer.cs;3029344082;1;1417403879;|28234|278818
Default.aspx.cs;963427483;1;1417403879;|28216|278800
Default.aspx.designer.cs;2724504173;1;1417403879;|28235|278819
Delete.aspx.cs;791000277;1;1417403879;|28236|278820
Delete.aspx.designer.cs;1474686282;1;1417403879;|28238|278822
Details.aspx;1041823004;1;1417403879;|28230|278814
Details.aspx.cs;3414615294;1;1417403879;|28239|278823
Details.aspx.designer.cs;3136544316;1;1417403879;|28237|278821
InlineUpdate.aspx;4255939207;1;1417403879;|28231|278815
InlineUpdate.aspx.designer.cs;3576089049;1;1417403879;|28226|278810
Insert.aspx.cs;3932706923;1;1417403879;|28224|278808
Insert.aspx.designer.cs;1977600478;1;1417403879;|28223|278807
Update.aspx.cs;491835659;1;1417403879;|28217|278801
Update.aspx.designer.cs;3924970721;1;1417403879;|28218|278802
Clone.aspx;2434553266;2;1417540916;|28221|280293
Default.aspx;469857612;2;1417540916;|28228|280294
Delete.aspx;3561404108;2;1417540916;|28229|280295
Insert.aspx;233467170;2;1417540916;|28232|280296
Update.aspx;2197266633;3;1419542780;|28233|290742
InlineUpdate.aspx.cs;1237109651;2;1464838855;|28227|349180
CommonUpdate.aspx.cs;110674920;3;1493092258;|28225|357802
