SCMBranch=USR-717
SCMRepository=User Interface/Task Time Tracker/Web/Controls/EntityDateRangeState
SCMMainlineUUID={6a359bb0-6131-417f-b48a-3113b3a22182}
SCMBranchRepositoryID=29158
CommonUpdate.aspx;3196505161;1;1417403885;|28765|279349
CommonUpdate.aspx.designer.cs;3813167295;1;1417403885;|28774|279358
InlineUpdate.aspx;2462860233;1;1417403885;|28756|279340
InlineUpdate.aspx.designer.cs;2109696178;1;1417403885;|28758|279342
Clone.aspx;1760473118;2;1419578798;|28766|291145
Update.aspx.designer.cs;377086701;1;1417403885;|28764|279348
Default.aspx;2084743515;2;1419578779;|28760|291146
Delete.aspx;2390405466;2;1419578809;|28755|291147
Details.aspx;304977630;3;1419578817;|28767|291148
Insert.aspx;3559510310;2;1419578828;|28757|291149
Update.aspx;3234610688;3;1419578837;|28778|291150
Update.aspx.cs;4282350802;1;1417403885;|28763|279347
Insert.aspx.designer.cs;2229690278;1;1417403885;|28762|279346
Insert.aspx.cs;1550833817;1;1417403885;|28761|279345
Details.aspx.designer.cs;3550453873;1;1417403885;|28768|279352
Details.aspx.cs;3849701065;1;1417403885;|28769|279353
Clone.aspx.cs;2606838551;1;1417403885;|28777|279361
Clone.aspx.designer.cs;2343641894;1;1417403885;|28776|279360
Delete.aspx.designer.cs;2026648423;1;1417403885;|28770|279354
Delete.aspx.cs;3287949908;1;1417403885;|28771|279355
Default.aspx.cs;2807203108;1;1417403885;|28773|279357
Default.aspx.designer.cs;1807633909;1;1417403885;|28772|279356
InlineUpdate.aspx.cs;3789800154;2;1464838862;|28759|348671
CommonUpdate.aspx.cs;4162192233;3;1493092258;|28775|357809
