SCMBranch=USR-717
SCMRepository=User Interface/Task Time Tracker/Web/Shared/Configuration/ThemeCategory/Controls
SCMMainlineUUID={6a359bb0-6131-417f-b48a-3113b3a22182}
SCMBranchRepositoryID=14796
Details.ascx.designer.cs;3449264780;2;1394430883;|10524|154984
List.ascx.designer.cs;1730710003;1;1394430883;|10520|134749
Validation.xml;1508226554;1;1394430883;|10526|134755
List.ascx;2408084645;2;1401244935;|10528|193865
Details.ascx;932225831;5;1401678843;|10518|200377
List.ascx.cs;3487471397;5;1408591366;|10521|228507
Generic.ascx;123490857;5;1412565131;|10529|255145
Generic.ascx.designer.cs;334729795;2;1412565131;|10522|255146
SearchFilter.ascx;2536425776;10;1414005995;|10527|272528
SearchFilter.ascx.cs;1322044245;10;1414005995;|10519|272529
SearchFilter.ascx.designer.cs;3258163803;4;1414005995;|10530|272530
Details.ascx.cs;4231064001;7;1414437912;|10525|273714
Generic.ascx.cs;737385959;5;1415243834;|10523|275019
