SCMBranch=USR-717
SCMRepository=User Interface/Task Time Tracker/Web/Shared/EventMonitoring/ApplicationMonitoredEvent/Controls
SCMMainlineUUID={6a359bb0-6131-417f-b48a-3113b3a22182}
SCMBranchRepositoryID=5591
Details.ascx.designer.cs;3593573954;3;1394430890;|2332|154724
Generic.ascx.designer.cs;2245887904;2;1394430890;|2330|18249
List.ascx.designer.cs;2717453728;1;1394430890;|2328|2328
Validation.xml;643176659;1;1394430890;|2338|2338
Generic.ascx;3545617885;5;1401244937;|2335|193513
List.ascx;12205893;2;1401244937;|2336|193514
Details.ascx;1872706666;5;1401678845;|2334|200189
SearchFilter.ascx.designer.cs;3893804227;7;1405544892;|2339|213318
SearchFilter.ascx;3861290529;16;1406825972;|2337|223252
List.ascx.cs;3897022943;7;1408422934;|2329|226625
Details.ascx.cs;1998879266;12;1408422749;|2333|226627
Generic.ascx.cs;3965743616;16;1408468473;|2331|227309
SearchFilter.ascx.cs;2973717023;25;1414437923;|2327|273778
