SCMBranch=USR-717
SCMRepository=User Interface/Task Time Tracker/Web/ckeditor/plugins/a11yhelp/lang
SCMMainlineUUID={6a359bb0-6131-417f-b48a-3113b3a22182}
SCMBranchRepositoryID=9771
_translationstatus.txt;2571995307;1;1394430779;|4425|11212
cs.js;4063099307;1;1394430779;|4426|11213
cy.js;3127893615;1;1394430779;|4427|11214
da.js;2104446079;1;1394430779;|4428|11215
de.js;1724435644;1;1394430779;|4429|11216
el.js;3507585720;1;1394430779;|4430|11217
en.js;185477605;1;1394430779;|4431|11218
eo.js;2020487395;1;1394430779;|4432|11219
fa.js;1014941082;1;1394430779;|4433|11220
fi.js;1694407277;1;1394430779;|4434|11221
fr.js;3524501576;1;1394430779;|4435|11222
gu.js;3577640465;1;1394430779;|4436|11223
he.js;1535230227;1;1394430779;|4437|11224
it.js;2765473553;1;1394430779;|4438|11225
mk.js;3085704800;1;1394430779;|4439|11226
nb.js;2082497304;1;1394430779;|4440|11227
nl.js;4130710788;1;1394430779;|4441|11228
no.js;845898613;1;1394430779;|4442|11229
pt-br.js;1258637110;1;1394430779;|4443|11230
ro.js;3489472055;1;1394430779;|4444|11231
tr.js;4202667133;1;1394430779;|4445|11232
ug.js;2286480642;1;1394430779;|4446|11233
vi.js;166591186;1;1394430779;|4447|11234
zh-cn.js;4045575422;1;1394430779;|4448|11235
