SCMBranch=USR-717
SCMRepository=User Interface/Task Time Tracker/Web/Prototype/Kendo/content/mobilethemebuilder/scripts
SCMMainlineUUID={6a359bb0-6131-417f-b48a-3113b3a22182}
SCMBranchRepositoryID=19050
colorengine.js;97393905;1;1394430809;|13237|158326
contextmenu.js;2874377206;1;1394430809;|13236|158325
fontpicker.js;491962030;1;1394430810;|13235|158324
gradientengine.js;1191999739;1;1394430810;|13234|158323
gradientpicker.js;3889535883;1;1394430810;|13242|158331
hslpicker.js;1720295901;1;1394430810;|13241|158330
patternpicker.js;1878569600;1;1394430810;|13240|158329
slider.js;2384141744;1;1394430810;|13239|158328
themebuilder.js;4035739507;1;1394430810;|13238|158327
