SCMBranch=USR-717
SCMRepository=User Interface/Task Time Tracker/Web/MA/ApplicationDevelopment/FunctionalityXFunctionalityImage/Controls
SCMMainlineUUID={6a359bb0-6131-417f-b48a-3113b3a22182}
SCMBranchRepositoryID=30774
Details.ascx;2060510748;1;1418613670;|32983|285561
Details.ascx.cs;3093263685;1;1418613670;|32982|285560
Details.ascx.designer.cs;2455486242;1;1418613670;|32981|285559
List.ascx;2044483193;1;1418613670;|32973|285551
List.ascx.cs;1533204580;1;1418613670;|32978|285556
List.ascx.designer.cs;4159264264;1;1418613670;|32977|285555
SearchFilter.ascx;654513277;1;1418613670;|32984|285562
SearchFilter.ascx.designer.cs;1466198643;1;1418613670;|32975|285553
Generic.ascx;1954860805;2;1422358640;|32974|295520
Generic.ascx.designer.cs;1004314502;2;1422358537;|32979|295522
Generic.ascx.cs;2844902762;3;1469426635;|32980|353404
SearchFilter.ascx.cs;3323384099;3;1469426635;|32976|352109
