SCMBranch=USR-717
SCMRepository=User Interface/Task Time Tracker/Web/Shared/ApplicationDevelopment/FunctionalityXFunctionalityActiveStatus
SCMMainlineUUID={6a359bb0-6131-417f-b48a-3113b3a22182}
SCMBranchRepositoryID=22792
Clone.aspx.cs;3595290903;2;1406094031;|19834|219415
CommonUpdate.aspx;3142166191;2;1406094031;|19836|219417
CommonUpdate.aspx.designer.cs;788993838;2;1406094031;|19851|219419
Delete.aspx;1941738515;2;1406094031;|19838|219423
Delete.aspx.designer.cs;4024105350;2;1406094031;|19827|219425
Export.aspx;540303538;2;1406094031;|19840|219429
Export.aspx.designer.cs;3155866618;2;1406094031;|19823|219431
Insert.aspx.cs;3197235570;2;1406094031;|19845|219436
Settings.aspx.designer.cs;2083867976;2;1406094031;|19848|219439
Update.aspx.cs;4201844925;2;1406094031;|19849|219441
Default.aspx.cs;3010639082;3;1408465043;|19830|226789
InlineUpdate.aspx.cs;3287503353;3;1408465043;|19831|226793
Default.aspx;486031972;3;1408639048;|19837|232628
InlineUpdate.aspx;234523248;3;1408639048;|19841|232629
Clone.aspx;162763561;3;1410146589;|19835|242851
Clone.aspx.designer.cs;708606353;3;1410146589;|19833|242852
Default.aspx.designer.cs;3179991860;3;1410146589;|19829|238755
Details.aspx;3036763137;3;1410146589;|19839|242853
Details.aspx.cs;1387164411;7;1410146589;|19826|245823
Details.aspx.designer.cs;400720520;3;1410146589;|19825|242854
Export.aspx.cs;82657138;6;1410146589;|19824|245824
InlineUpdate.aspx.designer.cs;2206020602;3;1410146589;|19844|238756
Insert.aspx;91273217;3;1410146589;|19842|242855
Insert.aspx.designer.cs;256421143;3;1410146589;|19846|242856
Settings.aspx.cs;2760251441;3;1410146589;|19847|248778
Update.aspx;3209279008;3;1410146589;|19852|242857
Update.aspx.designer.cs;4080768477;3;1410146589;|19850|242858
Settings.aspx;850414061;2;1413170140;|19843|263681
CommonUpdate.aspx.cs;2884028042;7;1414437902;|19832|273661
Delete.aspx.cs;3052947696;7;1414437902;|19828|273800
