SCMBranch=USR-717
SCMRepository=User Interface/Task Time Tracker/Web/Configuration/UserPreferenceDataType/Controls
SCMMainlineUUID={6a359bb0-6131-417f-b48a-3113b3a22182}
SCMBranchRepositoryID=29152
Validation.xml;723993543;1;1417403882;|28673|279257
Details.ascx.cs;171329171;2;1425959638;|28672|297830
Details.ascx;3983082147;2;1428633516;|28678|299842
Details.ascx.designer.cs;3828810595;2;1428633516;|28676|299843
Generic.ascx;1433748930;2;1428633516;|28675|299844
Generic.ascx.designer.cs;2782685015;2;1428633516;|28677|299845
SearchFilter.ascx;270652929;3;1433221013;|28674|304596
SearchFilter.ascx.cs;3234274007;3;1433221013;|28680|304597
SearchFilter.ascx.designer.cs;2378460334;3;1433221013;|28679|304598
Generic.ascx.cs;3999763303;4;1469426631;|28671|352079
