SCMBranch=USR-717
SCMRepository=User Interface/Task Time Tracker/Web/MA/ApplicationDevelopment/Functionality
SCMMainlineUUID={6a359bb0-6131-417f-b48a-3113b3a22182}
SCMBranchRepositoryID=30749
Clone.aspx.cs;1427948268;1;1418613666;|32530|285108
Clone.aspx.designer.cs;1407359312;1;1418613666;|32529|285107
CommonUpdate.aspx;2643891963;1;1418613666;|32520|285098
CommonUpdate.aspx.designer.cs;2757968366;1;1418613666;|32527|285105
Default.aspx.designer.cs;710763298;1;1418613666;|32517|285095
Delete.aspx.cs;3902990097;1;1418613666;|32516|285094
Delete.aspx.designer.cs;1289943471;1;1418613666;|32515|285093
Details.aspx.cs;716883768;1;1418613666;|32514|285092
Details.aspx.designer.cs;2050956278;1;1418613666;|32513|285091
Export.aspx;2961043563;1;1418613666;|32519|285097
Export.aspx.cs;476473663;1;1418613666;|32512|285090
Export.aspx.designer.cs;989909338;1;1418613666;|32531|285109
InlineUpdate.aspx;1330445658;1;1418613666;|32533|285111
InlineUpdate.aspx.designer.cs;1831813016;1;1418613666;|32509|285087
Insert.aspx.cs;693012179;1;1418613666;|32508|285086
Insert.aspx.designer.cs;1523919096;1;1418613666;|32507|285085
ShowImage.aspx;3410549223;1;1418613666;|32522|285100
ShowImage.aspx.designer.cs;83010295;1;1418613666;|32505|285083
Update.aspx.designer.cs;3254316948;1;1418613666;|32511|285089
Clone.aspx;1535429045;3;1418752887;|32523|288967
Default.aspx;1689448142;3;1418752887;|32526|288968
Delete.aspx;1910028448;3;1418752887;|32525|288969
Insert.aspx;3120914225;3;1418752887;|32521|288970
Details.aspx;3523782687;2;1419542781;|32532|290777
Update.aspx;3178960132;4;1419542781;|32524|290778
Default.aspx.cs;885527848;2;1424923009;|32518|297014
Update.aspx.cs;1296288429;5;1447046859;|32504|335674
UI_Pages.cs;1309701801;1;1462161185;|41492|345903
UI_Pages.tt;2330727477;1;1462161185;|41491|345902
InlineUpdate.aspx.cs;2285362553;2;1464933980;|32510|349577
ShowImage.aspx.cs;3168536319;7;1464933980;|32506|349578
CommonUpdate.aspx.cs;435094279;3;1493092262;|32528|357816
