SCMBranch=USR-717
SCMRepository=User Interface/Task Time Tracker/Web/Shared/TasksAndWorkflow/TaskEntityType/Controls
SCMMainlineUUID={6a359bb0-6131-417f-b48a-3113b3a22182}
SCMBranchRepositoryID=29207
Details.ascx;853605533;1;1417403915;|27513|278079
Details.ascx.cs;3362644920;1;1417403915;|27507|278073
Details.ascx.designer.cs;3564225251;1;1417403915;|27506|278072
Generic.ascx;1839378109;1;1417403915;|27511|278077
Generic.ascx.cs;4193924631;1;1417403915;|27505|278071
Generic.ascx.designer.cs;3602621205;1;1417403915;|27504|278070
List.ascx;3059021247;1;1417403915;|27510|278076
List.ascx.cs;4286741945;1;1417403915;|27503|278069
List.ascx.designer.cs;4111007;1;1417403915;|27502|278068
SearchFilter.ascx;4108720243;1;1417403915;|27509|278075
SearchFilter.ascx.cs;3405956989;1;1417403915;|27512|278078
SearchFilter.ascx.designer.cs;1974744730;1;1417403915;|27501|278067
Validation.xml;3096133376;1;1417403915;|27508|278074
