SCMBranch=USR-717
SCMRepository=User Interface/Task Time Tracker/Web/Prototype/Kendo/web/tabstrip
SCMMainlineUUID={6a359bb0-6131-417f-b48a-3113b3a22182}
SCMBranchRepositoryID=19200
ajax.html;536657540;3;1406516551;|14271|221471
animation.html;3448055437;3;1406516551;|14277|221472
api.html;337803029;3;1406516551;|14272|221473
events.html;1919757816;3;1406516551;|14273|221474
images.html;3390807418;3;1406516551;|14274|221475
index.html;1889457034;3;1406516551;|14275|221476
mvvm.html;3688182252;3;1406516551;|14276|221477
navigation.html;2355245019;3;1406516551;|14270|221478
rtl.html;2503008166;3;1406516551;|14269|221479
