SCMBranch=USR-717
SCMRepository=User Interface/Task Time Tracker/Web/app/configuration/controllers
SCMMainlineUUID={6a359bb0-6131-417f-b48a-3113b3a22182}
SCMBranchRepositoryID=27194
calculationDetailCtrl.js;2592078908;2;1430706980;|22792|302517
calculationListCtrl.js;2440719301;2;1430706980;|22794|302518
calculationListModalCtrl.js;2949196156;2;1430706980;|22795|302519
detailCtrl.js;226955058;2;1430706980;|22796|302520
detailListCtrl.js;1693590373;2;1430706980;|22793|302521
genevaQueryDetailCtrl.js;320653991;2;1430706980;|22786|302522
genevaQueryListCtrl.js;445380805;2;1430706980;|22787|302523
sampleDataCtrl.js;4130536282;2;1430706980;|22788|302524
summaryCalculationCtrl.js;493514850;2;1430706980;|22789|302525
summaryDetailCtrl.js;1407021887;2;1430706980;|22790|302526
summaryListCtrl.js;3495885605;2;1430706980;|22791|302527
