SCMBranch=USR-717
SCMRepository=User Interface/Task Time Tracker/Web/Content/kendo/2013.3.1119/Default
SCMMainlineUUID={6a359bb0-6131-417f-b48a-3113b3a22182}
SCMBranchRepositoryID=18990
editor.png;282092632;1;1394430784;|12873|157962
imagebrowser.png;2271792989;1;1394430784;|12870|157959
indeterminate.gif;1927192935;1;1394430784;|12869|157958
loading-image.gif;4058128588;1;1394430784;|12868|157957
loading.gif;2248019969;1;1394430784;|12871|157960
loading_2x.gif;2614234483;1;1394430784;|12872|157961
slider-h.gif;2013531871;1;1394430784;|12874|157963
slider-v.gif;1695425416;1;1394430784;|12875|157964
sprite.png;3707716892;1;1394430784;|12876|157965
sprite_2x.png;3580415314;1;1394430784;|12877|157966
