SCMBranch=USR-717
SCMRepository=User Interface/Task Time Tracker/Web/Prototype/Kendo/content/web/16x16
SCMMainlineUUID={6a359bb0-6131-417f-b48a-3113b3a22182}
SCMBranchRepositoryID=19080
Chart.png;3551057053;1;1394430813;|13463|158552
ComboBox.png;891647193;1;1394430813;|13464|158553
Grid.png;2265662330;1;1394430813;|13465|158554
Menu.png;2404280042;1;1394430813;|13466|158555
PanelBar.png;3630139465;1;1394430813;|13467|158556
Slider.png;2739373376;1;1394430813;|13462|158551
Splitter.png;999770492;1;1394430813;|13469|158558
TabStrip.png;2084842610;1;1394430813;|13470|158559
Thumbs.db;1802163933;1;1394430813;|13471|158560
TreeView.png;2147906761;1;1394430813;|13472|158561
Upload.png;4042071611;1;1394430813;|13468|158557
