SCMBranch=USR-717
SCMRepository=User Interface/Task Time Tracker/Web/Configuration/UserPreferenceKey/Controls
SCMMainlineUUID={6a359bb0-6131-417f-b48a-3113b3a22182}
SCMBranchRepositoryID=29154
Details.ascx;1073629892;1;1417403882;|28705|279289
Details.ascx.cs;1994916324;1;1417403882;|28712|279296
Details.ascx.designer.cs;3169587010;1;1417403882;|28713|279297
Generic.ascx;2408857261;1;1417403882;|28706|279290
Generic.ascx.designer.cs;3477343767;1;1417403882;|28714|279298
List.ascx.cs;792715172;1;1417403882;|28715|279299
List.ascx.designer.cs;420321228;1;1417403882;|28717|279301
SearchFilter.ascx.designer.cs;1910165997;1;1417403882;|28711|279295
Validation.xml;2127473685;1;1417403882;|28709|279293
List.ascx;27225674;2;1417540996;|28707|280373
SearchFilter.ascx;4022336490;2;1422882971;|28708|295752
Generic.ascx.cs;1893595133;3;1469426631;|28716|352080
SearchFilter.ascx.cs;1446576509;3;1469426631;|28710|352081
