SCMBranch=USR-717
SCMRepository=User Interface/Task Time Tracker/Web/Scripts/ace-editor/src/snippets
SCMMainlineUUID={6a359bb0-6131-417f-b48a-3113b3a22182}
SCMBranchRepositoryID=27233
abap.js;3506892112;1;1410186254;|24180|252517
actionscript.js;438036775;1;1410186254;|24185|252522
ada.js;333595766;1;1410186254;|24184|252521
apache_conf.js;2279700220;1;1410186254;|24183|252520
applescript.js;1849991728;1;1410186254;|24182|252519
asciidoc.js;3191048456;1;1410186254;|24181|252518
assembly_x86.js;2651108326;1;1410186254;|24179|252516
autohotkey.js;2443171682;1;1410186254;|24178|252515
batchfile.js;2913385403;1;1410186254;|24177|252514
c9search.js;2893162101;1;1410186254;|24176|252513
c_cpp.js;2535138136;1;1410186254;|24175|252512
cirru.js;1127103264;1;1410186254;|24174|252511
clojure.js;2892523599;1;1410186254;|24173|252510
cobol.js;1505551182;1;1410186254;|24172|252509
coffee.js;90851188;1;1410186254;|24171|252508
coldfusion.js;2742086624;1;1410186254;|24170|252507
csharp.js;3367789269;1;1410186254;|24169|252506
css.js;2064030984;1;1410186254;|24168|252505
curly.js;1594186094;1;1410186254;|24167|252504
d.js;92663280;1;1410186254;|24166|252503
dart.js;3321397599;1;1410186254;|24165|252502
diff.js;687791615;1;1410186254;|24164|252501
django.js;3552270593;1;1410186254;|24163|252500
dockerfile.js;613415777;1;1410186254;|24162|252499
dot.js;3283521569;1;1410186254;|24161|252498
ejs.js;3978466753;1;1410186254;|24160|252497
erlang.js;3508667134;1;1410186254;|24159|252496
forth.js;828982911;1;1410186254;|24158|252495
ftl.js;96391906;1;1410186254;|24157|252494
gherkin.js;202985290;1;1410186254;|24156|252493
gitignore.js;11934101;1;1410186254;|24155|252492
glsl.js;1539704537;1;1410186254;|24154|252491
golang.js;1610936585;1;1410186254;|24153|252490
groovy.js;4178472742;1;1410186254;|24152|252489
haml.js;2569941984;1;1410186254;|24151|252488
handlebars.js;2091099688;1;1410186254;|24150|252487
haskell.js;2512063221;1;1410186254;|24149|252486
haxe.js;1438639867;1;1410186254;|24148|252485
html.js;1865822837;1;1410186254;|24147|252484
html_ruby.js;1627268944;1;1410186254;|24146|252483
ini.js;2563189629;1;1410186254;|24145|252482
jack.js;2799860560;1;1410186254;|24144|252481
jade.js;1213404909;1;1410186254;|24143|252480
java.js;2694766198;1;1410186254;|24142|252479
javascript.js;3312268720;1;1410186254;|24141|252478
json.js;3752494946;1;1410186254;|24139|252476
jsoniq.js;806693803;1;1410186254;|24138|252475
jsp.js;4103665634;1;1410186254;|24137|252474
jsx.js;2698513607;1;1410186254;|24136|252473
julia.js;1204076239;1;1410186254;|24135|252472
latex.js;405178380;1;1410186254;|24134|252471
less.js;1655941640;1;1410186254;|24133|252470
liquid.js;4276949557;1;1410186254;|24132|252469
lisp.js;4253886019;1;1410186254;|24131|252468
livescript.js;2013627153;1;1410186254;|24130|252467
logiql.js;4015057306;1;1410186254;|24129|252466
lsl.js;4145703523;1;1410186254;|24128|252465
lua.js;3640505173;1;1410186254;|24127|252464
luapage.js;1293363645;1;1410186254;|24126|252463
lucene.js;2228025302;1;1410186254;|24125|252462
makefile.js;3265292549;1;1410186254;|24124|252461
markdown.js;3920489627;1;1410186254;|24123|252460
matlab.js;833847478;1;1410186254;|24122|252459
mel.js;1923851684;1;1410186254;|24121|252458
mushcode.js;483384367;1;1410186254;|24120|252457
mysql.js;2172335827;1;1410186254;|24119|252456
nix.js;29955805;1;1410186254;|24118|252455
objectivec.js;3199248882;1;1410186254;|24117|252454
ocaml.js;1422347047;1;1410186254;|24116|252453
pascal.js;692076762;1;1410186254;|24115|252452
perl.js;551362134;1;1410186254;|24114|252451
pgsql.js;2482423539;1;1410186254;|24113|252450
php.js;3234326424;1;1410186254;|24186|252523
plain_text.js;942987908;1;1410186254;|24112|252449
powershell.js;2581390291;1;1410186254;|24111|252448
prolog.js;3590650190;1;1410186254;|24110|252447
properties.js;2480098787;1;1410186254;|24109|252446
protobuf.js;649898772;1;1410186254;|24108|252445
python.js;2812600059;1;1410186254;|24107|252444
r.js;2073196940;1;1410186254;|24106|252443
rdoc.js;2169374394;1;1410186255;|24105|252442
rhtml.js;1471282965;1;1410186255;|24104|252441
ruby.js;1564290353;1;1410186255;|24103|252440
rust.js;884798795;1;1410186255;|24102|252439
sass.js;4249492522;1;1410186255;|24101|252438
scad.js;3897809113;1;1410186255;|24100|252437
scala.js;126847527;1;1410186255;|24099|252436
scheme.js;1234280864;1;1410186255;|24098|252435
scss.js;4286408713;1;1410186255;|24097|252434
sh.js;3501638246;1;1410186255;|24096|252433
sjs.js;842245506;1;1410186255;|24095|252432
smarty.js;1145825426;1;1410186255;|24094|252431
snippets.js;3267884849;1;1410186255;|24093|252430
soy_template.js;714738267;1;1410186255;|24092|252429
space.js;731798271;1;1410186255;|24091|252428
sql.js;1407441132;1;1410186255;|24090|252427
stylus.js;2075218640;1;1410186255;|24089|252426
svg.js;3636196414;1;1410186255;|24088|252425
tcl.js;1042830272;1;1410186255;|24087|252424
tex.js;607913524;1;1410186255;|24086|252423
text.js;840435543;1;1410186255;|24085|252422
textile.js;1828254159;1;1410186255;|24084|252421
toml.js;2954236650;1;1410186255;|24083|252420
twig.js;2987059971;1;1410186255;|24082|252419
typescript.js;727176420;1;1410186255;|24081|252418
vala.js;225986779;1;1410186255;|24080|252417
vbscript.js;3352853329;1;1410186255;|24079|252416
velocity.js;2668085114;1;1410186255;|24078|252415
verilog.js;436260731;1;1410186255;|24077|252414
vhdl.js;2293188404;1;1410186255;|24076|252413
xml.js;2534090777;1;1410186255;|24075|252412
xquery.js;2820348273;1;1410186255;|24074|252411
yaml.js;2484954518;1;1410186255;|24140|252477
