SCMBranch=USR-717
SCMRepository=User Interface/Task Time Tracker/Web/Shared/Configuration/TabChildStructure
SCMMainlineUUID={6a359bb0-6131-417f-b48a-3113b3a22182}
SCMBranchRepositoryID=10270
Clone.aspx.cs;497363867;7;1394430882;|4756|108953
Details.aspx.cs;2007013032;11;1394430882;|4766|120455
Export.aspx;2263184071;2;1394430882;|4746|118909
Export.aspx.designer.cs;1198386096;2;1394430882;|4760|154977
Insert.aspx.cs;3937515894;10;1394430882;|4761|108957
Settings.aspx.designer.cs;3511558305;2;1394430882;|8921|156268
Update.aspx.cs;3125720981;12;1394430882;|4763|108958
Settings.aspx;3322305793;3;1401678843;|8922|199344
CommonUpdate.aspx.cs;1693181611;10;1408591366;|8915|228483
InlineUpdate.aspx.cs;3769811938;8;1408591366;|8917|228487
Default.aspx;1784924841;9;1408639052;|4759|233855
Clone.aspx;1093149239;6;1410146599;|4765|250853
Clone.aspx.designer.cs;2086437616;3;1410146599;|4757|250854
CommonUpdate.aspx;4007437346;4;1410146600;|8919|243219
CommonUpdate.aspx.designer.cs;1701200237;2;1410146600;|8916|243220
Default.aspx.designer.cs;1619869063;5;1410146600;|4754|250856
Delete.aspx;436438346;7;1410146600;|4758|250857
Delete.aspx.designer.cs;3095225655;3;1410146600;|4752|250859
Details.aspx;1500294928;7;1410146600;|4751|250860
Details.aspx.designer.cs;4179901647;4;1410146600;|4750|250861
Export.aspx.cs;3218320294;10;1410146600;|4749|245862
InlineUpdate.aspx;4060567236;4;1410146600;|8914|243225
InlineUpdate.aspx.designer.cs;1822518678;2;1410146600;|8918|243226
Insert.aspx;2371146474;6;1410146600;|4747|250862
Insert.aspx.designer.cs;768526320;3;1410146600;|4762|250863
Settings.aspx.cs;245069194;2;1410146600;|8920|248808
Update.aspx;2727368196;6;1410146600;|4748|250864
Update.aspx.designer.cs;757839917;3;1410146600;|4764|250865
Default.aspx.cs;3887059380;21;1413402075;|4755|271957
Delete.aspx.cs;34157488;15;1414437912;|4753|273848
