SCMBranch=USR-717
SCMRepository=User Interface/Task Time Tracker/Web/Prototype/Kendo/content/shared/images/photos
SCMMainlineUUID={6a359bb0-6131-417f-b48a-3113b3a22182}
SCMBranchRepositoryID=19061
1.jpg;3833744457;1;1394430810;|13287|158376
10.jpg;3977209161;1;1394430810;|13286|158375
11.jpg;2990333553;1;1394430810;|13285|158374
12.jpg;2973664606;1;1394430810;|13274|158363
13.jpg;4159869661;1;1394430810;|13275|158364
14.jpg;3543085463;1;1394430811;|13276|158365
2.jpg;1955078414;1;1394430811;|13277|158366
3.jpg;3198889140;1;1394430811;|13278|158367
4.jpg;3280005968;1;1394430811;|13279|158368
5.jpg;1413971277;1;1394430811;|13280|158369
6.jpg;256500240;1;1394430811;|13281|158370
7.jpg;2811835433;1;1394430811;|13282|158371
8.jpg;4117461215;1;1394430811;|13283|158372
9.jpg;1876323160;1;1394430811;|13284|158373
