SCMBranch=USR-717
SCMRepository=User Interface/Task Time Tracker/Web/app/BM/SystemAdmin/controllers/Gen/Detail
SCMMainlineUUID={6a359bb0-6131-417f-b48a-3113b3a22182}
SCMBranchRepositoryID=36433
detailfieldConfigurationBaseCtrl.js;3765714204;3;1463716007;|41667|347964
DetailControllerGenerator.cs;1566315191;1;1463716009;|41666|4294967295
DetailControllerGenerator.tt;3116273103;3;1463716007;|41668|347965
detailaddressCtrl.js;1979416408;1;1463974789;|41690|347984
detailairportCtrl.js;1647763239;1;1463974789;|41691|347985
detailcalendarCtrl.js;3062888560;1;1463974789;|41692|347986
detailcityCtrl.js;927540049;1;1463974789;|41693|347987
detailcontinentCtrl.js;2264957036;1;1463974789;|41694|347988
detailcountryCtrl.js;3100093118;1;1463974789;|41695|347989
detailcurrencyCtrl.js;2536379599;1;1463974789;|41696|347990
detailethnicityCtrl.js;1477760207;1;1463974789;|41697|347991
detailgenderCtrl.js;3774258765;1;1463974789;|41698|347992
detailgeographicRegionCtrl.js;267788866;1;1463974789;|41699|347993
detailhelpLineCtrl.js;1474525050;1;1463974789;|41700|347994
detailholidayCtrl.js;960751867;1;1463974789;|41701|347995
detailmallCtrl.js;518475937;1;1463974789;|41702|347996
detailmonumentCtrl.js;4229042504;1;1463974789;|41703|347997
detailpersonSuffixCtrl.js;2961280919;1;1463974789;|41704|347998
detailprovinceCtrl.js;2776567274;1;1463974789;|41705|347999
detailprovinceTypeCtrl.js;152088839;1;1463974789;|41706|348000
detailregionCtrl.js;4052954046;1;1463974789;|41707|348001
detailreligionCtrl.js;60448644;1;1463974789;|41708|348002
detailstateCtrl.js;979502932;1;1463974789;|41709|348003
detailtimeZoneCtrl.js;3848006713;1;1463974789;|41710|348004
detailtrainStationCtrl.js;3440336896;1;1463974789;|41711|348005
