SCMBranch=USR-717
SCMRepository=User Interface/Task Time Tracker/Web/Shared/Admin/SystemEntityType
SCMMainlineUUID={6a359bb0-6131-417f-b48a-3113b3a22182}
SCMBranchRepositoryID=5512
Clone.aspx.cs;2423463575;9;1394430860;|1288|107870
Details.aspx.cs;4116198126;11;1394430861;|1300|120407
Export.aspx;260883507;2;1394430861;|1292|118798
Export.aspx.designer.cs;2288270061;2;1394430861;|1303|154632
Insert.aspx.cs;3014014424;12;1394430861;|1304|107871
Update.aspx.cs;3841631839;14;1406516671;|1306|222278
Default.aspx.cs;2723617633;20;1408591357;|1296|229469
Default.aspx;2334478182;11;1408639046;|1295|233507
Clone.aspx;2145004105;6;1410146581;|1307|241436
Clone.aspx.designer.cs;2978918084;3;1410146581;|1289|241437
CommonUpdate.aspx;3401833014;5;1410146581;|7099|242571
CommonUpdate.aspx.designer.cs;1484306405;3;1410146581;|7096|242572
Default.aspx.designer.cs;307620170;6;1410146581;|1297|238641
Delete.aspx;4115463634;7;1410146581;|1294|241438
Delete.aspx.designer.cs;1357422496;3;1410146581;|1299|241439
Details.aspx.designer.cs;285669284;4;1410146581;|1301|241441
Export.aspx.cs;949109001;10;1410146581;|1302|245669
InlineUpdate.aspx;3665659058;5;1410146581;|7101|242573
InlineUpdate.aspx.designer.cs;2824286445;3;1410146581;|7098|242574
Insert.aspx;2791607897;6;1410146581;|1291|241442
Insert.aspx.designer.cs;310724380;3;1410146581;|1305|241443
Update.aspx.designer.cs;2656303900;4;1410146581;|1308|241445
Delete.aspx.cs;3262036878;16;1414005995;|1298|272709
Details.aspx;3874994958;8;1419542792;|1293|290580
Update.aspx;2276002844;8;1419542792;|1290|290581
InlineUpdate.aspx.cs;1694863665;12;1464838926;|7097|349234
CommonUpdate.aspx.cs;1716950428;17;1493092281;|7100|358320
