SCMBranch=USR-717
SCMRepository=User Interface/Task Time Tracker/Web/Shared/Configuration/FieldConfigurationModeXApplicationRole/V1
SCMMainlineUUID={6a359bb0-6131-417f-b48a-3113b3a22182}
SCMBranchRepositoryID=14761
Clone.aspx.cs;332891760;1;1394430879;|10461|134339
Details.aspx.cs;3016568754;1;1394430879;|10467|134345
Export.aspx;2091186018;1;1394430879;|10447|134325
Export.aspx.designer.cs;3251361967;2;1394430879;|10456|154965
Insert.aspx.cs;4246459516;1;1394430879;|10452|134330
Default.aspx;2138620622;3;1408639051;|10444|232651
Default.aspx.cs;3246928386;4;1409070503;|10471|234754
Clone.aspx;1686375105;4;1410146597;|10458|243129
Clone.aspx.designer.cs;1263222017;2;1410146597;|10465|243130
CommonUpdate.aspx;3496519098;4;1410146597;|10462|243131
CommonUpdate.aspx.cs;1450177638;5;1410146597;|10463|245856
CommonUpdate.aspx.designer.cs;400319172;2;1410146597;|10464|243132
Default.aspx.designer.cs;3363269027;2;1410146598;|10470|238778
Delete.aspx;1565292027;5;1410146598;|10445|243133
Delete.aspx.designer.cs;1921819189;2;1410146598;|10468|243134
Details.aspx;1824440727;5;1410146598;|10446|243135
Details.aspx.designer.cs;2693258155;2;1410146598;|10466|243136
Export.aspx.cs;1102050894;7;1410146598;|10457|245857
Insert.aspx;3726698393;4;1410146598;|10460|243139
Insert.aspx.designer.cs;346556020;2;1410146598;|10443|243140
Update.aspx;1666676387;4;1410146598;|10451|243141
Update.aspx.cs;3388023291;2;1410146598;|10455|238435
Update.aspx.designer.cs;3607866143;2;1410146598;|10459|243142
InlineUpdate.aspx;2025637207;5;1413170143;|10448|263712
InlineUpdate.aspx.cs;468502832;7;1413170143;|10454|263713
InlineUpdate.aspx.designer.cs;2940246643;3;1413170143;|10453|263714
Settings.aspx;4017917596;4;1413170143;|10450|263715
Settings.aspx.cs;3817822283;3;1413170143;|10442|263716
Settings.aspx.designer.cs;1703047756;3;1413170147;|10449|263717
Delete.aspx.cs;1518305228;7;1414437912;|10469|273839
