SCMBranch=USR-717
SCMRepository=User Interface/Task Time Tracker/Web/Shared/AuthenticationAndAuthorization/ApplicationOperation/Controls
SCMMainlineUUID={6a359bb0-6131-417f-b48a-3113b3a22182}
SCMBranchRepositoryID=5551
Details.ascx.designer.cs;2591059427;3;1394430870;|1714|154672
Generic.ascx.designer.cs;675280053;2;1394430870;|1716|10368
List.ascx.designer.cs;28222454;1;1394430870;|1718|7533
Validation.xml;2597972457;1;1394430870;|1712|1712
Generic.ascx;2926518615;8;1401244932;|1722|193453
List.ascx;724891184;2;1401244932;|1721|193454
Details.ascx;2503794696;7;1401678840;|1723|200167
Details.ascx.cs;2877102800;12;1408591362;|1713|229490
Generic.ascx.cs;717118434;20;1408591362;|1715|229491
List.ascx.cs;1982066909;8;1408591362;|1717|229492
SearchFilter.ascx;2187857771;17;1412741044;|1724|256381
SearchFilter.ascx.designer.cs;1608906100;9;1413170142;|1720|266363
SearchFilter.ascx.cs;1802548720;31;1414437907;|1719|273760
