SCMBranch=USR-717
SCMRepository=User Interface/Task Time Tracker/Web/MA/ApplicationDevelopment/ModuleOwner/Controls
SCMMainlineUUID={6a359bb0-6131-417f-b48a-3113b3a22182}
SCMBranchRepositoryID=30778
Details.ascx;2279022379;1;1418613670;|33067|285645
Details.ascx.cs;3377974874;1;1418613670;|33056|285634
Details.ascx.designer.cs;396090424;1;1418613670;|33055|285633
List.ascx;484737788;1;1418613670;|33069|285647
List.ascx.cs;1641511922;1;1418613670;|33059|285637
List.ascx.designer.cs;1465656228;1;1418613670;|33060|285638
MOStatChart.ascx;2857287661;1;1418613670;|33070|285648
MOStatChart.ascx.cs;2700322369;1;1418613670;|33061|285639
MOStatChart.ascx.designer.cs;728945842;1;1418613670;|33062|285640
MOStatGrid.ascx;1278302490;1;1418613670;|33071|285649
MOStatGrid.ascx.cs;3363355867;1;1418613670;|33063|285641
MOStatGrid.ascx.designer.cs;3706605398;1;1418613670;|33064|285642
SearchFilter.ascx;1919396716;1;1418613670;|33072|285650
SearchFilter.ascx.cs;1417449050;1;1418613670;|33065|285643
SearchFilter.ascx.designer.cs;880868343;1;1418613670;|33066|285644
Validation.xml;3270855030;1;1418613670;|33073|285651
Generic.ascx.designer.cs;1372842364;2;1447332824;|33058|335992
Generic.ascx;3870844758;2;1447667764;|33068|335993
Generic.ascx.cs;1770421914;4;1469426635;|33057|352111
