SCMBranch=USR-717
SCMRepository=User Interface/Task Time Tracker/Web/Shared/Configuration/Menu
SCMMainlineUUID={6a359bb0-6131-417f-b48a-3113b3a22182}
SCMBranchRepositoryID=5570
Clone.aspx.cs;1023950063;10;1394430880;|2020|131256
Details.aspx.cs;2432666045;14;1394430880;|2034|131259
Export.aspx;15785691;3;1394430880;|2018|170762
Export.aspx.designer.cs;3014428448;2;1394430880;|2028|154691
Insert.aspx.cs;1170393167;13;1394430880;|2027|131260
Update.aspx.cs;2065432703;27;1394430880;|2025|155173
CommonUpdate.aspx.cs;1046445207;11;1408329226;|8758|225489
Default.aspx.cs;3653401651;29;1408329226;|2030|225563
Default.aspx;3554062948;14;1408639052;|2015|233530
Clone.aspx;2796701514;6;1410146598;|2023|250012
Clone.aspx.designer.cs;3708650529;3;1410146598;|2021|250013
CommonUpdate.aspx;3406668119;5;1410146598;|8759|243157
CommonUpdate.aspx.designer.cs;2079146557;3;1410146598;|8757|243158
Default.aspx.designer.cs;3759688608;10;1410146598;|2031|250015
Delete.aspx;35207956;7;1410146598;|2022|250016
Delete.aspx.designer.cs;2241221209;3;1410146598;|2033|250017
Details.aspx;320574691;7;1410146598;|2019|250018
Details.aspx.designer.cs;3671751994;4;1410146598;|2029|250019
Export.aspx.cs;82916397;11;1410146598;|2014|245684
InlineUpdate.aspx;2260825020;3;1410146598;|17769|243159
InlineUpdate.aspx.cs;644469805;6;1410146598;|17768|245860
InlineUpdate.aspx.designer.cs;555566262;2;1410146598;|17767|243160
Insert.aspx;3572481041;6;1410146598;|2017|250020
Insert.aspx.designer.cs;1372699356;3;1410146598;|2026|250021
Update.aspx;1791326126;9;1410146598;|2016|250022
Update.aspx.designer.cs;584230002;3;1410146598;|2024|250023
Delete.aspx.cs;3864917976;18;1414437912;|2032|273765
