SCMBranch=USR-717
SCMRepository=User Interface/Task Time Tracker/Web/MA/ApplicationDevelopment/FunctionalityImage
SCMMainlineUUID={6a359bb0-6131-417f-b48a-3113b3a22182}
SCMBranchRepositoryID=30759
Clone.aspx.cs;222111216;1;1418613668;|32689|285267
Clone.aspx.designer.cs;1912986685;1;1418613668;|32690|285268
CommonUpdate.aspx;844362748;1;1418613668;|32687|285265
CommonUpdate.aspx.designer.cs;3303848054;1;1418613668;|32692|285270
Default.aspx.cs;398301887;1;1418613668;|32701|285279
Default.aspx.designer.cs;1014102254;1;1418613668;|32700|285278
Delete.aspx.cs;993545077;1;1418613668;|32699|285277
Delete.aspx.designer.cs;1378710016;1;1418613668;|32698|285276
Details.aspx.cs;1311439959;1;1418613668;|32697|285275
Details.aspx.designer.cs;2558129375;1;1418613668;|32696|285274
InlineUpdate.aspx;3357850226;1;1418613668;|32675|285253
InlineUpdate.aspx.designer.cs;267415996;1;1418613668;|32694|285272
Insert.aspx.cs;1836806636;1;1418613668;|32693|285271
Insert.aspx.designer.cs;1552039011;1;1418613668;|32688|285266
Update.aspx.cs;1795163346;1;1418613668;|32681|285259
Update.aspx.designer.cs;1783679696;1;1418613668;|32683|285261
Clone.aspx;3823020312;3;1418752887;|32686|288986
Default.aspx;2299661906;3;1418752887;|32680|288987
Delete.aspx;2085055324;3;1418752887;|32679|288988
Insert.aspx;116957772;3;1418752887;|32685|288989
Details.aspx;1537394208;2;1419542781;|32676|290785
Update.aspx;1251881620;4;1419542781;|32678|290786
ShowImage.aspx;3745141419;2;1421086285;|32677|294632
ShowImage.aspx.designer.cs;354152605;2;1421086285;|32682|294633
InlineUpdate.aspx.cs;3998608649;2;1464933980;|32695|349582
ShowImage.aspx.cs;2922159217;2;1464933980;|32684|349583
CommonUpdate.aspx.cs;3579018113;3;1493092262;|32691|357821
