SCMBranch=USR-717
SCMRepository=User Interface/Task Time Tracker/Web/Configuration/ApplicationMode/Controls
SCMMainlineUUID={6a359bb0-6131-417f-b48a-3113b3a22182}
SCMBranchRepositoryID=29100
Details.ascx.cs;1005513271;1;1417403876;|27728|278312
Generic.ascx.designer.cs;1995611164;1;1417403876;|27731|278315
List.ascx;1604886419;1;1417403876;|27726|278310
List.ascx.cs;2915919793;1;1417403876;|27730|278314
List.ascx.designer.cs;2683259643;1;1417403876;|27733|278317
SearchFilter.ascx;328534738;1;1417403876;|27727|278311
SearchFilter.ascx.cs;3563003606;1;1417403876;|27734|278318
SearchFilter.ascx.designer.cs;3432741018;1;1417403876;|27735|278319
Validation.xml;1066268328;1;1417403876;|27732|278316
Details.ascx;1732281304;2;1428633515;|27725|299767
Details.ascx.designer.cs;4221066713;2;1428633515;|27729|299768
Generic.ascx;4134551697;2;1428633515;|27736|299769
Generic.ascx.cs;154457324;3;1469426620;|27737|352049
