SCMBranch=USR-717
SCMRepository=User Interface/Task Time Tracker/Web/Shared/ApplicationDevelopment/FunctionalityImageInstance/Controls
SCMMainlineUUID={6a359bb0-6131-417f-b48a-3113b3a22182}
SCMBranchRepositoryID=22785
Validation.xml;3687457457;1;1405911749;|19694|214128
Details.ascx;2916142515;2;1406094029;|19704|219288
Details.ascx.designer.cs;1251987333;2;1406094029;|19695|219290
Generic.ascx;918080250;2;1406094029;|19703|219291
Generic.ascx.designer.cs;304117704;2;1406094029;|19699|219293
List.ascx;1427469499;2;1406094029;|19702|219294
List.ascx.designer.cs;200375778;2;1406094029;|19701|219296
SearchFilter.ascx;3517999197;4;1407121248;|19693|223439
SearchFilter.ascx.cs;1970588327;5;1407952799;|19705|225074
List.ascx.cs;2777645864;3;1408379788;|19700|226009
Details.ascx.cs;4156744004;4;1413170139;|19696|263675
SearchFilter.ascx.designer.cs;2409032362;4;1413170140;|19697|263676
Generic.ascx.cs;3855526320;4;1414376796;|19698|273182
