SCMBranch=USR-717
SCMRepository=User Interface/Task Time Tracker/Web/app/reports/controllers
SCMMainlineUUID={6a359bb0-6131-417f-b48a-3113b3a22182}
SCMBranchRepositoryID=27209
addEditDatasetCtrl.js;4037573081;2;1430706981;|22849|302560
addEditParameterCtrl.js;1384310152;2;1430706981;|22847|302561
chartCtrl.js;4222330094;2;1430706981;|22846|302562
dashboardAssistantCtrl.js;730044296;2;1430707033;|22845|302563
dashboardDesignerCtrl.js;3210002415;2;1430707033;|22843|302564
dashboardListCtrl.js;2460671470;2;1430707033;|22842|302565
explorerCtrl.js;1977319995;2;1430707033;|22850|302566
reportViewerCtrl.js;2637474127;2;1430707033;|22848|302568
reportDashboardCtrl.js;3621781501;3;1454667562;|22844|341995
