SCMBranch=USR-717
SCMRepository=User Interface/Task Time Tracker/Web/Shared/ApplicationDevelopment/FunctionalityImageAttribute/Controls
SCMMainlineUUID={6a359bb0-6131-417f-b48a-3113b3a22182}
SCMBranchRepositoryID=22783
Validation.xml;3687457457;1;1405911749;|19666|214100
Details.ascx;989831141;2;1406094028;|19669|219255
Details.ascx.designer.cs;2942689882;2;1406094029;|19661|219257
Generic.ascx;1006073123;2;1406094029;|19668|219258
Generic.ascx.designer.cs;4036512208;2;1406094029;|19663|219260
List.ascx;1302534508;2;1406094029;|19667|219261
List.ascx.designer.cs;3794982170;2;1406094029;|19665|219263
SearchFilter.ascx;3741378289;3;1406172425;|19659|219746
Details.ascx.cs;4145697053;3;1408379788;|19660|226001
Generic.ascx.cs;179685109;3;1408379788;|19662|226002
List.ascx.cs;2304676777;3;1408379788;|19664|226003
SearchFilter.ascx.cs;2369386355;6;1409070501;|19670|237257
SearchFilter.ascx.designer.cs;3160968295;4;1413170139;|19671|263674
