SCMBranch=USR-717
SCMRepository=User Interface/Task Time Tracker/Web/MA/ApplicationDevelopment/DeveloperRole/Controls
SCMMainlineUUID={6a359bb0-6131-417f-b48a-3113b3a22182}
SCMBranchRepositoryID=30744
Details.ascx;1937584234;1;1418613666;|32413|284991
Details.ascx.cs;2170349157;1;1418613666;|32405|284983
Details.ascx.designer.cs;3226141186;1;1418613666;|32417|284995
Generic.ascx;2281389865;1;1418613666;|32412|284990
Generic.ascx.designer.cs;2067797920;1;1418613666;|32407|284985
List.ascx;2672866863;1;1418613666;|32411|284989
List.ascx.cs;323784502;1;1418613666;|32408|284986
List.ascx.designer.cs;4251539204;1;1418613666;|32414|284992
SearchFilter.ascx.cs;3796050372;1;1418613666;|32415|284993
SearchFilter.ascx.designer.cs;1314532840;1;1418613666;|32416|284994
Validation.xml;3687457457;1;1418613666;|32409|284987
SearchFilter.ascx;2598649904;2;1422882971;|32410|295753
Generic.ascx.cs;3310584446;3;1469426631;|32406|352088
