SCMBranch=USR-717
SCMRepository=User Interface/Task Time Tracker/Web/Configuration/SystemForeignRelationshipType
SCMMainlineUUID={6a359bb0-6131-417f-b48a-3113b3a22182}
SCMBranchRepositoryID=29133
Clone.aspx.cs;3574028406;1;1417403880;|28309|278893
Clone.aspx.designer.cs;2935261241;1;1417403880;|28308|278892
CommonUpdate.aspx;201122364;1;1417403880;|28304|278888
CommonUpdate.aspx.designer.cs;987397974;1;1417403880;|28306|278890
Default.aspx.cs;2237280320;1;1417403880;|28293|278877
Default.aspx.designer.cs;1439416133;1;1417403880;|28287|278871
Delete.aspx.cs;2592802783;1;1417403880;|28288|278872
Delete.aspx.designer.cs;3628642884;1;1417403880;|28289|278873
Details.aspx;1433155159;1;1417403880;|28296|278880
Details.aspx.cs;3694590959;1;1417403880;|28290|278874
Details.aspx.designer.cs;1293679875;1;1417403880;|28291|278875
InlineUpdate.aspx;3028469577;1;1417403880;|28295|278879
InlineUpdate.aspx.designer.cs;1453036404;1;1417403880;|28299|278883
Insert.aspx.cs;1040606353;1;1417403880;|28300|278884
Insert.aspx.designer.cs;3519170422;1;1417403880;|28301|278885
Update.aspx.cs;3841782581;1;1417403880;|28302|278886
Clone.aspx;3204860389;2;1417540916;|28305|280304
Default.aspx;1637085096;2;1417540916;|28298|280305
Delete.aspx;1811302389;2;1417540916;|28297|280306
Insert.aspx;1615018318;2;1417540916;|28294|280307
Update.aspx;185308313;4;1428633516;|28310|299808
Update.aspx.designer.cs;3640196128;2;1428633516;|28303|299809
InlineUpdate.aspx.cs;2890267407;2;1464838855;|28292|349182
CommonUpdate.aspx.cs;1830610731;3;1493092258;|28307|357804
