SCMBranch=USR-717
SCMRepository=User Interface/Task Time Tracker/Web/MA/ApplicationManagement/HelpPageContext/Controls
SCMMainlineUUID={6a359bb0-6131-417f-b48a-3113b3a22182}
SCMBranchRepositoryID=30783
Details.ascx;2683613377;1;1418613671;|33137|285715
Details.ascx.designer.cs;1056457763;1;1418613671;|33135|285713
Generic.ascx;941752937;1;1418613671;|33138|285716
Generic.ascx.designer.cs;316505647;1;1418613671;|33133|285711
List.ascx;1578550692;1;1418613671;|33139|285717
List.ascx.cs;2129231346;1;1418613671;|33132|285710
List.ascx.designer.cs;4204471757;1;1418613671;|33131|285709
SearchFilter.ascx;579817042;1;1418613671;|33140|285718
SearchFilter.ascx.designer.cs;760347825;1;1418613671;|33129|285707
Validation.xml;3687457457;1;1418613671;|33141|285719
Details.ascx.cs;3310370889;4;1469426635;|33136|352115
Generic.ascx.cs;1334722476;4;1469426635;|33134|352116
SearchFilter.ascx.cs;342741106;4;1469426635;|33130|352117
