SCMBranch=USR-717
SCMRepository=User Interface/Task Time Tracker/Web/Prototype/Kendo/content/web/48x48
SCMMainlineUUID={6a359bb0-6131-417f-b48a-3113b3a22182}
SCMBranchRepositoryID=19083
Chart.png;4145595520;1;1394430813;|13495|158584
ComboBox.png;547590060;1;1394430813;|13496|158585
Grid.png;1148467168;1;1394430813;|13498|158587
Menu.png;1039229619;1;1394430813;|13505|158594
PanelBar.png;2296457669;1;1394430813;|13497|158586
Slider.png;297093359;1;1394430813;|13499|158588
Splitter.png;896375365;1;1394430813;|13500|158589
TabStrip.png;236074062;1;1394430813;|13501|158590
Thumbs.db;3958545003;1;1394430813;|13502|158591
TreeView.png;795163974;1;1394430813;|13503|158592
Upload.png;2357740464;1;1394430813;|13504|158593
