SCMBranch=USR-717
SCMRepository=User Interface/Task Time Tracker/Web/Prototype/Kendo/web/fx
SCMMainlineUUID={6a359bb0-6131-417f-b48a-3113b3a22182}
SCMBranchRepositoryID=19185
combined.html;3236068767;3;1406516549;|14147|221344
expand.html;3750211490;3;1406516549;|14146|221345
fade.html;865316283;3;1406516549;|14145|221346
flip.html;3690133754;3;1406516549;|14144|221347
pageturn.html;1422896573;3;1406516549;|14143|221348
slidein.html;1316028517;3;1406516549;|14148|221349
tile.html;521209468;3;1406516549;|14142|221350
transfer.html;1343506359;3;1406516549;|14150|221351
zoom.html;414657991;3;1406516549;|14149|221352
