SCMBranch=USR-717
SCMRepository=User Interface/Task Time Tracker/Web/MS/EventMonitoring/ApplicationMonitoredEventEmail
SCMMainlineUUID={6a359bb0-6131-417f-b48a-3113b3a22182}
SCMBranchRepositoryID=30806
CommonUpdate.aspx;78029123;1;1418613674;|33525|286103
CommonUpdate.aspx.designer.cs;574946071;1;1418613674;|33537|286115
Export.aspx;3034629367;1;1418613674;|33511|286089
Export.aspx.cs;2740671772;1;1418613674;|33515|286093
Export.aspx.designer.cs;870638112;1;1418613674;|33514|286092
InlineUpdate.aspx;232902173;1;1418613674;|33523|286101
InlineUpdate.aspx.designer.cs;46215321;1;1418613674;|33512|286090
Settings.aspx;3196786774;1;1418613674;|33520|286098
Settings.aspx.cs;3164094644;1;1418613674;|33516|286094
Settings.aspx.designer.cs;3673431866;1;1418613674;|33517|286095
Details.aspx.cs;707016286;1;1418613674;|33527|286105
Delete.aspx.cs;707571538;1;1418613674;|33529|286107
Default.aspx.designer.cs;1814965534;1;1418613674;|33530|286108
Default.aspx.cs;822015341;1;1418613674;|33539|286117
Clone.aspx.designer.cs;386603427;1;1418613674;|33535|286113
Clone.aspx.cs;2272063860;1;1418613674;|33534|286112
Details.aspx.designer.cs;684256554;1;1418613674;|33526|286104
Insert.aspx.cs;4228032353;1;1418613674;|33522|286100
Insert.aspx.designer.cs;1665600765;1;1418613674;|33510|286088
Update.aspx.cs;920675962;1;1418613674;|33518|286096
Update.aspx.designer.cs;1323196365;1;1418613674;|33538|286116
Insert.aspx;1673662633;2;1418759492;|33521|289077
Delete.aspx;1595551857;2;1418759475;|33532|289079
Default.aspx;787660466;2;1418759460;|33531|289080
Clone.aspx;4130994991;2;1418759451;|33524|289081
Delete.aspx.designer.cs;2080198849;1;1418613674;|33528|286106
Details.aspx;3242627131;3;1419542783;|33533|290959
Update.aspx;316175877;3;1419542783;|33519|290960
InlineUpdate.aspx.cs;233095950;2;1464933980;|33513|349521
CommonUpdate.aspx.cs;1254978298;3;1493092262;|33536|357833
