SCMBranch=USR-717
SCMRepository=User Interface/Task Time Tracker/Web/Shared/Admin/BatchFileSet
SCMMainlineUUID={6a359bb0-6131-417f-b48a-3113b3a22182}
SCMBranchRepositoryID=5500
Clone.aspx.cs;1141550395;7;1394430857;|1104|109652
Details.aspx.cs;3528470192;13;1394430858;|1099|120187
Export.aspx;45709925;2;1394430858;|1093|118790
Export.aspx.designer.cs;2840857244;2;1394430858;|1090|154614
Insert.aspx.cs;1583548599;11;1394430858;|1089|109654
Update.aspx.cs;464869139;13;1394430858;|1087|109655
Default.aspx;1510583405;7;1408639045;|1085|233492
Default.aspx.cs;3179183231;22;1409070497;|1084|237270
Clone.aspx;2008904173;6;1410146579;|1095|241376
Clone.aspx.designer.cs;792604576;3;1410146579;|1103|241377
CommonUpdate.aspx;1671930090;4;1410146579;|8754|242533
CommonUpdate.aspx.designer.cs;1610631390;2;1410146579;|8751|242534
Default.aspx.designer.cs;1697759706;5;1410146579;|1096|249914
Delete.aspx;413817097;7;1410146579;|1091|241378
Delete.aspx.designer.cs;4042822876;3;1410146579;|1100|241379
Details.aspx;2107613139;7;1410146579;|1092|241380
Details.aspx.designer.cs;3351896400;3;1410146579;|1098|241381
Export.aspx.cs;2715643690;8;1410146579;|1097|245663
InlineUpdate.aspx;2119959541;4;1410146579;|8749|242535
InlineUpdate.aspx.designer.cs;575422607;2;1410146579;|8753|242536
Insert.aspx;3795569318;6;1410146579;|1094|241382
Insert.aspx.designer.cs;3253285090;3;1410146579;|1088|241383
Update.aspx;3913809531;6;1410146579;|1102|241384
Update.aspx.designer.cs;1239794085;3;1410146579;|1086|241385
Delete.aspx.cs;480744593;17;1414005995;|1101|272702
CommonUpdate.aspx.cs;91708660;10;1464838926;|8750|348942
InlineUpdate.aspx.cs;2331440226;15;1493092281;|8752|357853
