SCMBranch=USR-717
SCMRepository=User Interface/Task Time Tracker/Web/Shared/Configuration/TabChildStructure/Controls
SCMMainlineUUID={6a359bb0-6131-417f-b48a-3113b3a22182}
SCMBranchRepositoryID=10271
Details.ascx.designer.cs;3487851853;2;1394430882;|4774|154978
Generic.ascx.designer.cs;2865732598;1;1394430882;|4769|12732
List.ascx.designer.cs;774761257;1;1394430882;|4778|12741
Validation.xml;2741562676;1;1394430882;|4772|12735
Generic.ascx;1693041747;4;1401244935;|4767|193856
List.ascx;4251672273;2;1401244935;|4770|193857
Details.ascx;551526981;6;1401678843;|4768|200373
List.ascx.cs;3673569209;6;1408591366;|4777|228490
SearchFilter.ascx;3909601892;18;1413402075;|4771|271945
SearchFilter.ascx.cs;3969545023;26;1413402075;|4779|271958
SearchFilter.ascx.designer.cs;1703626100;7;1413402075;|4776|271947
Generic.ascx.cs;1408560806;16;1413948757;|4775|272401
Details.ascx.cs;690263244;13;1414437912;|4773|273709
