SCMBranch=USR-717
SCMRepository=User Interface/Task Time Tracker/Web/Shared/QualityAssurance/FeatureOwnerStatus
SCMMainlineUUID={6a359bb0-6131-417f-b48a-3113b3a22182}
SCMBranchRepositoryID=12136
Clone.aspx.cs;4237988209;7;1394430894;|6774|108966
Clone.aspx.designer.cs;278945165;2;1394430894;|6773|54588
CommonUpdate.aspx.designer.cs;2764323416;1;1394430894;|8966|70393
Default.aspx;3730423432;6;1394430894;|6765|172596
Default.aspx.designer.cs;3299342242;4;1394430894;|6770|100001
Delete.aspx.designer.cs;377434883;2;1394430894;|6768|54590
Details.aspx.cs;1809424230;8;1394430895;|6767|120457
Details.aspx.designer.cs;2243357155;3;1394430895;|6775|108969
Export.aspx;3120108905;2;1394430895;|6762|118917
Export.aspx.cs;3058080189;5;1394430895;|6757|155018
Export.aspx.designer.cs;982884979;2;1394430895;|6756|155019
InlineUpdate.aspx.designer.cs;3016727745;1;1394430895;|8968|70395
Insert.aspx.cs;3103625176;8;1394430895;|6758|108970
Insert.aspx.designer.cs;2283392099;2;1394430895;|6759|54594
Settings.aspx.cs;1512478604;3;1394430895;|8969|141454
Settings.aspx.designer.cs;1765075661;2;1394430895;|8970|156288
Update.aspx.cs;3850386063;11;1394430895;|6772|108971
Update.aspx.designer.cs;3435535075;2;1394430895;|6766|54596
CommonUpdate.aspx.cs;3616114491;8;1395688972;|8965|184011
InlineUpdate.aspx.cs;3752886738;8;1400086236;|8967|188932
Clone.aspx;2042153110;4;1401678846;|6771|201845
CommonUpdate.aspx;22769224;3;1401678846;|8962|199420
Delete.aspx;531168896;5;1401678846;|6764|201846
Details.aspx;2803261332;5;1401678846;|6763|201847
InlineUpdate.aspx;2322634188;3;1401678846;|8963|199423
Insert.aspx;1523551911;4;1401678846;|6761|201848
Settings.aspx;747928083;3;1401678846;|8964|199425
Update.aspx;412938401;4;1401678846;|6760|201849
Delete.aspx.cs;1900825411;10;1404236648;|6769|209700
Default.aspx.cs;2719933376;15;1405544893;|6776|213400
