SCMBranch=USR-717
SCMRepository=User Interface/Task Time Tracker/Web/Shared/ApplicationManagement/ReleaseLogDetail/Controls
SCMMainlineUUID={6a359bb0-6131-417f-b48a-3113b3a22182}
SCMBranchRepositoryID=5548
List.ascx.designer.cs;3525329062;1;1394430869;|1683|1683
Validation.xml;1818536887;2;1394430869;|1681|26921
List.ascx;740750908;2;1401244932;|1679|193446
List.ascx.cs;3872092273;5;1404188649;|1682|209445
SearchFilter.ascx;1347508296;20;1406649550;|1680|222759
SearchFilter.ascx.designer.cs;2804212131;10;1406649550;|1685|222761
Details.ascx;372347599;13;1406774006;|1677|222888
Details.ascx.cs;681359054;18;1406774006;|1686|223038
Details.ascx.designer.cs;742870745;10;1406774006;|1687|222890
SearchFilter.ascx.cs;3299544088;44;1407121259;|1684|223508
Generic.ascx;3927571368;20;1407379787;|1678|224076
Generic.ascx.cs;453915155;43;1407379787;|1675|224077
Generic.ascx.designer.cs;3597925074;15;1407379787;|1676|224078
