SCMBranch=USR-717
SCMRepository=User Interface/Task Time Tracker/Web/Shared/Admin/ApplicationRelation
SCMMainlineUUID={6a359bb0-6131-417f-b48a-3113b3a22182}
SCMBranchRepositoryID=27314
Clone.aspx;1556426251;1;1410753079;|24308|252866
Clone.aspx.cs;3159835121;1;1410753079;|24306|252864
Clone.aspx.designer.cs;1373914839;1;1410753079;|24305|252863
Delete.aspx.cs;3327610825;1;1410753079;|24300|252858
Delete.aspx.designer.cs;1054285229;1;1410753079;|24299|252857
Details.aspx.cs;1380368273;1;1410753079;|24298|252856
Details.aspx.designer.cs;2571729986;1;1410753079;|24297|252855
InlineUpdate.aspx;1408368360;1;1410753079;|24292|252850
InlineUpdate.aspx.designer.cs;2388252190;1;1410753079;|24295|252853
Insert.aspx.cs;173924958;1;1410753081;|24288|252846
Insert.aspx.designer.cs;263882459;1;1410753081;|24287|252845
Update.aspx.cs;242142390;1;1410753081;|24286|252844
Update.aspx.designer.cs;2554605183;1;1410753081;|24290|252848
Delete.aspx;3049555293;2;1410795682;|24309|253001
Insert.aspx;1168386300;2;1410795682;|24293|253003
Details.aspx;1732866387;3;1419542792;|24291|290852
Update.aspx;4011641140;3;1419542792;|24294|290853
CommonUpdate.aspx;4067656959;2;1462161225;|24307|346674
CommonUpdate.aspx.cs;1214420812;2;1462161225;|24304|346675
CommonUpdate.aspx.designer.cs;4216499703;2;1462161225;|24303|346676
Default.aspx;3163181656;3;1462161225;|24289|346677
Default.aspx.cs;3623349439;2;1462161225;|24302|346678
Default.aspx.designer.cs;2398038291;2;1462161225;|24301|346679
UI_Pages.cs;1309701801;1;1462161225;|41555|346647
UI_Pages.tt;1489003254;1;1462161225;|41554|346646
InlineUpdate.aspx.cs;2681582856;2;1464838926;|24296|349229
