SCMBranch=USR-717
SCMRepository=User Interface/Task Time Tracker/Web/Shared/QualityAssurance/DeveloperRole/Controls
SCMMainlineUUID={6a359bb0-6131-417f-b48a-3113b3a22182}
SCMBranchRepositoryID=12133
List.ascx.cs;2600199650;4;1394430894;|6712|141039
List.ascx.designer.cs;166232796;1;1394430894;|6713|23473
Validation.xml;3687457457;1;1394430894;|6716|23476
List.ascx;2059138248;2;1401244947;|6718|193900
Details.ascx;319639619;6;1401808473;|6721|203551
Details.ascx.designer.cs;341849859;3;1401808473;|6709|203553
Details.ascx.cs;4177882795;12;1401990873;|6720|203604
Generic.ascx;1276065293;8;1403581167;|6719|204762
Generic.ascx.cs;3590716799;17;1403581167;|6710|204763
Generic.ascx.designer.cs;2614213774;4;1403581167;|6711|204764
SearchFilter.ascx;3911266997;20;1405359275;|6717|212467
SearchFilter.ascx.cs;3385792556;26;1405544893;|6714|213394
SearchFilter.ascx.designer.cs;2555367788;9;1405544893;|6715|213183
