SCMBranch=USR-717
SCMRepository=User Interface/Task Time Tracker/Web/Shared/AuthenticationAndAuthorization/ApplicationUserProfileImageMaster/Controls
SCMMainlineUUID={6a359bb0-6131-417f-b48a-3113b3a22182}
SCMBranchRepositoryID=12514
Details.ascx.designer.cs;1211899868;2;1394430873;|7670|154943
List.ascx.designer.cs;4201477021;1;1394430873;|7667|26399
Validation.xml;1428678950;1;1394430873;|7674|26406
List.ascx;1532026804;2;1401244932;|7677|193796
Details.ascx;2087263408;5;1401678841;|7672|200345
List.ascx.cs;3496942031;8;1408591363;|7668|229656
SearchFilter.ascx;2671377760;15;1413948757;|7675|272479
SearchFilter.ascx.designer.cs;3790732764;6;1413948757;|7665|272481
Details.ascx.cs;152065182;12;1414127041;|7671|273062
Generic.ascx;3649459264;5;1414376801;|7673|273198
Generic.ascx.designer.cs;1839167992;2;1414376801;|7669|273200
SearchFilter.ascx.cs;2773041145;29;1414437912;|7666|273828
Generic.ascx.cs;2702118865;18;1416193543;|7676|276397
