SCMBranch=USR-717
SCMRepository=User Interface/Task Time Tracker/Web/Prototype/Kendo/content/web/fx
SCMMainlineUUID={6a359bb0-6131-417f-b48a-3113b3a22182}
SCMBranchRepositoryID=19100
blogs-screenshot.png;1734635985;1;1394430816;|13747|158836
cart.png;241754769;1;1394430816;|13746|158835
groceries.jpg;2504103197;1;1394430816;|13745|158834
library.jpg;3938873814;1;1394430816;|13750|158839
share-handle.png;274697553;1;1394430816;|13749|158838
social-buttons.png;3586861955;1;1394430816;|13748|158837
store.jpg;1537098430;1;1394430816;|13744|158833
