SCMBranch=USR-717
SCMRepository=User Interface/Task Time Tracker/Web/Shared/Configuration/UserPreferenceKey
SCMMainlineUUID={6a359bb0-6131-417f-b48a-3113b3a22182}
SCMBranchRepositoryID=5578
Clone.aspx.cs;1560821727;7;1394430886;|2157|108921
Details.aspx.cs;4258846966;9;1394430886;|2165|120418
Export.aspx;3309440791;2;1394430887;|2169|118825
Export.aspx.designer.cs;2796298697;2;1394430887;|2174|154703
Insert.aspx.cs;10915225;9;1394430887;|2175|108925
Settings.aspx.designer.cs;35015299;2;1394430887;|2178|156175
Update.aspx.cs;3392059754;11;1394430887;|2166|108926
Settings.aspx;1972729624;5;1401678844;|2161|198600
Default.aspx;2759348598;11;1408639053;|2171|233544
Default.aspx.cs;2264700104;21;1409070504;|2159|237295
Clone.aspx;1717674803;6;1410146602;|2170|250060
Clone.aspx.designer.cs;2928411537;3;1410146602;|2158|250061
Default.aspx.designer.cs;2844750116;5;1410146602;|2162|250063
Delete.aspx;3894553391;7;1410146602;|2172|250064
Delete.aspx.designer.cs;2335822479;3;1410146602;|2164|250065
Details.aspx;1751379337;7;1410146602;|2173|250066
Details.aspx.designer.cs;2398185058;4;1410146602;|2167|250067
Export.aspx.cs;4147819557;8;1410146602;|2168|245690
Insert.aspx;618428504;6;1410146602;|2179|250068
Insert.aspx.designer.cs;631379782;3;1410146602;|2176|250069
Settings.aspx.cs;1009553996;2;1410146602;|2177|248672
Update.aspx;103262381;6;1410146602;|2160|250070
Update.aspx.designer.cs;233744360;3;1410146602;|2156|250071
Delete.aspx.cs;72335458;16;1414437923;|2163|273772
