SCMBranch=USR-717
SCMRepository=User Interface/Task Time Tracker/Web/Configuration/FieldConfigurationModeCategory
SCMMainlineUUID={6a359bb0-6131-417f-b48a-3113b3a22182}
SCMBranchRepositoryID=29114
Clone.aspx.cs;2778732013;1;1417403877;|28001|278585
Clone.aspx.designer.cs;4290805074;1;1417403877;|28002|278586
Delete.aspx.cs;2354103211;1;1417403878;|28007|278591
Delete.aspx.designer.cs;2768844412;1;1417403878;|28008|278592
Details.aspx;1275762394;1;1417403878;|27994|278578
Details.aspx.cs;2650580503;1;1417403878;|28009|278593
Details.aspx.designer.cs;1081156905;1;1417403878;|28010|278594
Export.aspx;2025075337;1;1417403878;|27995|278579
Export.aspx.cs;3553560711;1;1417403878;|28011|278595
Export.aspx.designer.cs;306828603;1;1417403878;|28012|278596
InlineUpdate.aspx;2403625647;1;1417403878;|27996|278580
InlineUpdate.aspx.designer.cs;2033451664;1;1417403878;|28014|278598
Insert.aspx.cs;3877769530;1;1417403878;|28015|278599
Insert.aspx.designer.cs;4024784015;1;1417403878;|28016|278600
Settings.aspx;2220087968;1;1417403878;|27998|278582
Settings.aspx.cs;2982842883;1;1417403878;|28017|278601
Settings.aspx.designer.cs;1581964575;1;1417403878;|28018|278602
Update.aspx.cs;1206753996;1;1417403878;|28019|278603
Clone.aspx;2946733311;2;1417540916;|28000|280265
Delete.aspx;2219915921;2;1417540916;|27993|280267
Insert.aspx;51977470;2;1417540916;|27997|280268
Update.aspx;2737725462;4;1428633516;|27999|299786
Update.aspx.designer.cs;1957130842;2;1428633516;|28020|299787
CommonUpdate.aspx;1034011138;2;1462161177;|27991|346256
CommonUpdate.aspx.cs;3554710386;2;1462161177;|28003|346257
CommonUpdate.aspx.designer.cs;2808892678;2;1462161177;|28004|346258
Default.aspx;124701814;3;1462161177;|27992|346259
Default.aspx.cs;2010991128;2;1462161178;|28005|346260
Default.aspx.designer.cs;2618517528;2;1462161178;|28006|346261
UI_Pagestt.cs;1309701801;1;1462161178;|41541|346179
UI_Pagestt.tt;830841748;1;1462161178;|41540|346178
InlineUpdate.aspx.cs;3001014354;2;1464838855;|28013|349175
