SCMBranch=USR-717
SCMRepository=User Interface/Task Time Tracker/Web/Shared/ApplicationManagement/ReleaseNote/ReleaseLog/Controls
SCMMainlineUUID={6a359bb0-6131-417f-b48a-3113b3a22182}
SCMBranchRepositoryID=23943
Details.ascx;3636220887;1;1407766913;|20743|224292
Details.ascx.designer.cs;3825592922;1;1407766913;|20747|224296
List.ascx;2110914659;1;1407766913;|20753|224302
List.ascx.designer.cs;4254889295;1;1407766913;|20754|224303
SearchFilter.ascx;1682131105;1;1407766913;|20752|224301
Validation.xml;3783051638;1;1407766913;|20751|224300
Details.ascx.cs;3286516575;2;1408639049;|20748|231450
List.ascx.cs;2035092779;2;1408639049;|20745|231452
SearchFilter.ascx.cs;3869773721;2;1413170140;|20749|263688
SearchFilter.ascx.designer.cs;1510154861;2;1413170140;|20750|263689
Generic.ascx;508478615;4;1422359383;|20744|295538
Generic.ascx.designer.cs;2901351098;4;1422359335;|20746|295540
Generic.ascx.cs;3808703188;7;1469426679;|20742|353443
