SCMBranch=USR-717
SCMRepository=User Interface/Task Time Tracker/Web/Configuration/ThemeDetail
SCMMainlineUUID={6a359bb0-6131-417f-b48a-3113b3a22182}
SCMBranchRepositoryID=29143
Clone.aspx.cs;3848212459;1;1417403881;|28490|279074
Clone.aspx.designer.cs;2935883370;1;1417403881;|28491|279075
CommonUpdate.aspx;451673399;1;1417403881;|28515|279099
CommonUpdate.aspx.designer.cs;2749793532;1;1417403881;|28493|279077
Default.aspx.cs;3096968792;1;1417403881;|28495|279079
Default.aspx.designer.cs;2247317627;1;1417403881;|28494|279078
Delete.aspx.designer.cs;1900399732;1;1417403881;|28513|279097
Details.aspx.cs;789218574;1;1417403881;|28512|279096
Details.aspx.designer.cs;116913027;1;1417403881;|28511|279095
Export.aspx;3313437282;1;1417403881;|28499|279083
Export.aspx.cs;543506026;1;1417403881;|28510|279094
Export.aspx.designer.cs;2414886602;1;1417403881;|28509|279093
InlineUpdate.aspx;2355730332;1;1417403881;|28498|279082
InlineUpdate.aspx.designer.cs;3430220872;1;1417403881;|28507|279091
Insert.aspx.cs;384813279;1;1417403881;|28506|279090
Insert.aspx.designer.cs;1550713266;1;1417403881;|28505|279089
Search.aspx;3904904471;1;1417403881;|28497|279081
Search.aspx.cs;3154669606;1;1417403881;|28504|279088
Search.aspx.designer.cs;4174673455;1;1417403881;|28503|279087
Update.aspx.cs;4002425389;1;1417403881;|28502|279086
Update.aspx.designer.cs;2139547000;1;1417403881;|28501|279085
Clone.aspx;3757047344;2;1417540916;|28514|280330
Default.aspx;817082884;2;1417540916;|28517|280331
Delete.aspx;2097334592;2;1417540916;|28516|280332
Delete.aspx.cs;3953008973;2;1417540916;|28518|280333
Insert.aspx;99101028;2;1417540916;|28489|280334
Details.aspx;1420658636;2;1419542780;|28500|290753
Update.aspx;2527930287;3;1419542780;|28496|290754
InlineUpdate.aspx.cs;1549170558;3;1464838862;|28508|349187
CommonUpdate.aspx.cs;542990056;3;1493092258;|28492|357807
