SCMBranch=USR-717
SCMRepository=User Interface/Task Time Tracker/Web/app/BM/ReferenceData/views/Gen/List
SCMMainlineUUID={6a359bb0-6131-417f-b48a-3113b3a22182}
SCMBranchRepositoryID=35838
listTableSexType.html;1451155470;1;1439960240;|40466|326473
ListTableViewGenerator.cs;1285525959;1;1440748487;|40450|326457
listTableLayerName.html;1358302034;1;1462765963;|41664|347448
listTableTaskName.html;3614849720;1;1462765963;|41656|347421
listTableAddress.html;2979181717;3;1474515155;|40609|356146
listTableAirport.html;2000845768;3;1474515155;|40451|356112
listTableCalendar.html;1118033089;3;1474515155;|40452|356113
listTableCity.html;4064751974;3;1474515155;|40453|356114
listTableContinent.html;246403883;3;1474515155;|40454|356115
listTableCountry.html;477953101;3;1474515155;|40455|356116
listTableCurrency.html;1351867764;3;1474515155;|40456|356117
listTableEthnicity.html;3659644589;3;1474515155;|40581|356147
listTableGender.html;2947114532;3;1474515155;|40697|356119
listTableGeographicRegion.html;4051710676;3;1474515155;|40457|356120
listTableHelpLine.html;284607689;3;1474515155;|40458|356121
listTableHoliday.html;808139000;3;1474515155;|40459|356122
listTableMall.html;983387843;3;1474515155;|40460|356123
listTableMonument.html;1399839003;3;1474515155;|40461|356124
listTablePersonSuffix.html;1676359805;3;1474515155;|40462|356125
listTableProvince.html;2421223510;3;1474515155;|40672|356126
listTableProvinceType.html;976835436;3;1474515155;|40671|356127
listTableRaceType.html;2021295131;3;1474515155;|40463|356128
listTableRegion.html;3988207970;3;1474515155;|40464|356129
listTableReligion.html;2413646674;3;1474515155;|40465|356130
listTableState.html;1309215150;3;1474515155;|40467|356131
listTableTimeZone.html;730524831;3;1474515155;|40468|356132
listTableTrainStation.html;4081214518;3;1474515155;|40469|356133
ListTableViewGenerator.tt;1449433126;13;1474515155;|40449|356148
