SCMBranch=USR-717
SCMRepository=User Interface/Task Time Tracker/Web/Shared/Configuration/Application
SCMMainlineUUID={6a359bb0-6131-417f-b48a-3113b3a22182}
SCMBranchRepositoryID=5562
Clone.aspx.cs;151374820;8;1394430874;|1866|110164
DetailsList.aspx;3580073399;2;1394430874;|1872|170747
DetailsList.aspx.designer.cs;3098818140;1;1394430874;|1882|1882
Export.aspx;3836455027;2;1394430874;|1873|118815
Export.aspx.designer.cs;846033190;2;1394430874;|1880|154685
Insert.aspx.cs;3851171207;11;1394430874;|1879|110170
Settings.aspx.designer.cs;1703060652;2;1394430874;|1876|156169
Update.aspx.cs;3597141470;15;1394430874;|1875|110171
Settings.aspx;3385178413;5;1401678841;|1864|198566
CommonUpdate.aspx.cs;764091693;15;1408591364;|7144|229669
InlineUpdate.aspx.cs;1359303763;12;1408591364;|7147|229670
Settings.aspx.cs;2272549033;9;1408591364;|1877|229534
Clone.aspx;1473082672;6;1410146595;|1863|249999
Clone.aspx.designer.cs;3496975200;3;1410146595;|1867|250000
CommonUpdate.aspx;4280513348;5;1410146595;|7145|250699
CommonUpdate.aspx.designer.cs;258216537;3;1410146595;|7149|250700
Delete.aspx;1883957482;7;1410146595;|1870|250002
Delete.aspx.designer.cs;1469879963;3;1410146595;|1886|250003
DetailsList.aspx.cs;3960177372;8;1410146595;|1883|250006
Export.aspx.cs;2104388874;11;1410146595;|1881|250007
InlineUpdate.aspx;2234548389;5;1410146595;|7146|250701
InlineUpdate.aspx.designer.cs;1191385011;3;1410146595;|7148|250702
Insert.aspx;3903839661;6;1410146595;|1865|250008
Insert.aspx.designer.cs;3297058711;3;1410146595;|1878|250009
Update.aspx;96129741;6;1410146595;|1889|250010
Update.aspx.designer.cs;1686179277;3;1410146595;|1874|250011
Default.aspx;406081647;8;1412630415;|1869|256225
Details.aspx;2132682503;9;1412632952;|1871|256226
Details.aspx.cs;1957497959;12;1412627463;|1885|256222
Default.aspx.designer.cs;3406970034;5;1410146595;|1888|250001
Default.aspx.cs;1249808731;21;1408591364;|1868|229530
Details.aspx.designer.cs;95298315;4;1412627018;|1884|256223
Delete.aspx.cs;398350242;19;1414694218;|1887|274632
