SCMBranch=USR-717
SCMRepository=User Interface/Task Time Tracker/Web/Report
SCMMainlineUUID={6a359bb0-6131-417f-b48a-3113b3a22182}
SCMBranchRepositoryID=10268
Clone.aspx;915914173;7;1413169757;|4718|262750
Clone.aspx.cs;4217575246;9;1413169757;|4716|262751
Clone.aspx.designer.cs;1517091323;4;1413169757;|4717|262752
CommonUpdate.aspx;3560598734;9;1413169757;|6577|262753
CommonUpdate.aspx.designer.cs;2878296800;5;1413169757;|6573|262755
Default.aspx;4204771997;16;1413169757;|4739|267055
Default.aspx.cs;2833441001;27;1413169757;|4725|267056
Default.aspx.designer.cs;283233521;7;1413169757;|4726|267057
Delete.aspx;1817631010;9;1413169757;|4724|262759
Delete.aspx.designer.cs;1107120681;4;1413169757;|4728|262761
Details.aspx.designer.cs;413392435;5;1413169757;|4730|267061
Export.aspx;1074765773;3;1413169757;|4719|262765
Export.aspx.cs;136334590;12;1413169757;|4731|262766
Export.aspx.designer.cs;852330693;3;1413169757;|4732|262767
InlineUpdate.aspx;3541795232;6;1413169757;|6576|262768
InlineUpdate.aspx.designer.cs;1806022233;4;1413169757;|6574|262770
Insert.aspx;507305847;8;1413169757;|4720|262771
Insert.aspx.cs;1394285697;12;1413169757;|4733|262772
Insert.aspx.designer.cs;1864879489;4;1413169757;|4734|262773
Settings.aspx;2685168976;5;1413169757;|4721|262774
Settings.aspx.designer.cs;2261408652;3;1413169757;|4736|262776
Delete.aspx.cs;3171178415;22;1414005977;|4727|272741
Update.aspx.designer.cs;3547789136;5;1428897134;|4738|300361
Details.aspx;1412601192;11;1441772972;|4723|329792
Update.aspx;353213450;12;1441773003;|4722|329794
Details.aspx.cs;1633073075;21;1447042489;|4729|335600
Update.aspx.cs;3272925945;18;1447042489;|4737|335303
InlineUpdate.aspx.cs;4079298250;18;1464838879;|6575|349221
Settings.aspx.cs;2720858113;10;1465193331;|4735|349962
CommonUpdate.aspx.cs;1095095696;23;1493092281;|6572|358312
