SCMBranch=USR-717
SCMRepository=User Interface/Task Time Tracker/Web/MS/TasksAndWorkflow/TaskEntity
SCMMainlineUUID={6a359bb0-6131-417f-b48a-3113b3a22182}
SCMBranchRepositoryID=30825
CommonUpdate.aspx;2352648798;1;1418613676;|33867|286445
CommonUpdate.aspx.designer.cs;1710053621;1;1418613676;|33874|286452
Export.aspx;580184218;1;1418613676;|33871|286449
Export.aspx.cs;3650272169;1;1418613676;|33879|286457
Export.aspx.designer.cs;2228235249;1;1418613676;|33880|286458
InlineUpdate.aspx;539034738;1;1418613676;|33872|286450
InlineUpdate.aspx.designer.cs;3220676242;1;1418613676;|33882|286460
Settings.aspx;2600388161;1;1418613676;|33876|286454
Settings.aspx.cs;3826602036;1;1418613676;|33884|286462
Settings.aspx.designer.cs;237209615;1;1418613676;|33885|286463
Clone.aspx;2875734638;2;1418760201;|33866|289195
Default.aspx;2107109017;2;1418760208;|33868|289196
Delete.aspx;395745944;2;1418760425;|33869|289197
Insert.aspx;2831986878;2;1418760441;|33873|289199
Delete.aspx.cs;48782939;1;1418613676;|33863|286441
Default.aspx.designer.cs;136887872;1;1418613676;|33864|286442
Default.aspx.cs;1148102860;1;1418613676;|33865|286443
Clone.aspx.designer.cs;875674587;1;1418613676;|33877|286455
Clone.aspx.cs;2253220211;1;1418613676;|33878|286456
Details.aspx.cs;3569054286;1;1418613676;|33861|286439
Details.aspx.designer.cs;4066584130;1;1418613676;|33860|286438
Insert.aspx.cs;265387402;1;1418613676;|33889|286467
Insert.aspx.designer.cs;247270886;1;1418613676;|33883|286461
Update.aspx.cs;2862933374;1;1418613676;|33888|286466
Update.aspx.designer.cs;2689371279;1;1418613676;|33887|286465
Delete.aspx.designer.cs;722341238;1;1418613676;|33862|286440
Details.aspx;1813616950;3;1419542792;|33870|290975
Update.aspx;1359271993;3;1419542792;|33886|290976
InlineUpdate.aspx.cs;2352951421;2;1464933980;|33881|349528
CommonUpdate.aspx.cs;1129697709;3;1493092262;|33875|357841
