SCMBranch=USR-717
SCMRepository=User Interface/Task Time Tracker/Web/Content/kendo/2013.3.1119/Flat
SCMMainlineUUID={6a359bb0-6131-417f-b48a-3113b3a22182}
SCMBranchRepositoryID=18991
editor.png;3050983162;1;1394430784;|12878|157967
imagebrowser.png;2453973480;1;1394430784;|12879|157968
indeterminate.gif;1855455558;1;1394430784;|12880|157969
loading-image.gif;881439572;1;1394430784;|12881|157970
loading.gif;180186954;1;1394430784;|12887|157976
loading_2x.gif;2625891727;1;1394430784;|12886|157975
slider-h.gif;369607858;1;1394430784;|12885|157974
slider-v.gif;1533157761;1;1394430784;|12884|157973
sprite.png;2817580545;1;1394430784;|12883|157972
sprite_2x.png;3087098457;1;1394430784;|12882|157971
