SCMBranch=USR-717
SCMRepository=User Interface/Task Time Tracker/Web/MA/AuthenticationAndAuthorization/ApplicationOperation/Controls
SCMMainlineUUID={6a359bb0-6131-417f-b48a-3113b3a22182}
SCMBranchRepositoryID=30786
Details.ascx;2503794696;1;1418613671;|33187|285765
Details.ascx.designer.cs;2591059427;1;1418613671;|33178|285756
Generic.ascx;2926518615;1;1418613671;|33186|285764
Generic.ascx.designer.cs;675280053;1;1418613671;|33180|285758
List.ascx;724891184;1;1418613671;|33185|285763
List.ascx.cs;1982066909;1;1418613671;|33181|285759
List.ascx.designer.cs;28222454;1;1418613671;|33175|285753
SearchFilter.ascx;2187857771;1;1418613671;|33182|285760
SearchFilter.ascx.cs;1802548720;1;1418613671;|33183|285761
SearchFilter.ascx.designer.cs;1608906100;1;1418613671;|33184|285762
Validation.xml;2597972457;1;1418613671;|33176|285754
Details.ascx.cs;4026214600;3;1469426635;|33177|352118
Generic.ascx.cs;77450528;4;1469426635;|33179|352119
