SCMBranch=USR-717
SCMRepository=User Interface/Task Time Tracker/Web/Shared/QualityAssurance/FunctionalityImageXFunctionalityImageAttribute/Controls
SCMMainlineUUID={6a359bb0-6131-417f-b48a-3113b3a22182}
SCMBranchRepositoryID=13047
Details.ascx;3858634288;4;1394430898;|8692|177501
Details.ascx.cs;4194804505;10;1394430898;|8691|144236
Details.ascx.designer.cs;3683895684;3;1394430898;|8690|155260
Generic.ascx;3282816435;4;1394430898;|8693|179747
Generic.ascx.cs;3672802032;15;1394430898;|8696|147025
Generic.ascx.designer.cs;3500858600;2;1394430898;|8689|71884
List.ascx;3972729640;2;1394430898;|8697|58051
List.ascx.cs;2584460359;4;1394430898;|8688|144238
List.ascx.designer.cs;492252148;1;1394430898;|8687|56261
SearchFilter.ascx;2074306007;10;1394430898;|8695|180632
SearchFilter.ascx.cs;1506295414;22;1394430898;|8686|147026
SearchFilter.ascx.designer.cs;1290327907;4;1394430898;|8685|77839
Validation.xml;3687457457;1;1394430898;|8694|56268
