SCMBranch=USR-717
SCMRepository=User Interface/Task Time Tracker/Web/Configuration/MenuCategory/Controls
SCMMainlineUUID={6a359bb0-6131-417f-b48a-3113b3a22182}
SCMBranchRepositoryID=29127
Details.ascx.cs;1030248404;1;1417403879;|28204|278788
Generic.ascx.designer.cs;2801537036;1;1417403879;|28207|278791
List.ascx;2875766113;1;1417403879;|28203|278787
List.ascx.cs;238453316;1;1417403879;|28205|278789
List.ascx.designer.cs;1881063982;1;1417403879;|28212|278796
Validation.xml;3687457457;1;1417403879;|28206|278790
SearchFilter.ascx.designer.cs;1992722881;2;1423064084;|28200|295999
SearchFilter.ascx;116123766;3;1423064104;|28208|296001
Details.ascx;2970490023;2;1428633516;|28201|299799
Details.ascx.designer.cs;1595940638;2;1428633516;|28211|299800
Generic.ascx;1867987105;2;1428633516;|28202|299801
SearchFilter.ascx.cs;3406980507;3;1462161178;|28210|346979
Generic.ascx.cs;2693940908;4;1469426620;|28209|353399
