SCMBranch=USR-717
SCMRepository=User Interface/Task Time Tracker/Web/Shared/QualityAssurance/EntityOwner
SCMMainlineUUID={6a359bb0-6131-417f-b48a-3113b3a22182}
SCMBranchRepositoryID=12134
Clone.aspx.cs;2577695345;7;1394430894;|6741|107924
Clone.aspx.designer.cs;24905281;2;1394430894;|6742|58728
Default.aspx;1039169094;10;1394430894;|6726|172594
Default.aspx.designer.cs;1854026383;6;1394430894;|6738|112176
Delete.aspx.designer.cs;3304698577;2;1394430894;|6736|58734
Details.aspx.cs;2848767548;8;1394430894;|6735|120259
Details.aspx.designer.cs;3230739201;3;1394430894;|6734|108105
Export.aspx;2131909533;2;1394430894;|6723|118915
Export.aspx.cs;1000354280;5;1394430894;|6733|155015
Export.aspx.designer.cs;2390303046;2;1394430894;|6732|155016
Insert.aspx.cs;3895122818;7;1394430894;|6731|107925
Insert.aspx.designer.cs;848652970;2;1394430894;|6730|58740
Settings.aspx.cs;2424222002;1;1394430894;|8971|70415
Settings.aspx.designer.cs;53886358;2;1394430894;|8972|156287
Update.aspx.cs;2805553394;10;1394430894;|6729|107926
Update.aspx.designer.cs;2107399907;2;1394430894;|6728|58743
CommonUpdate.aspx.designer.cs;1120464155;1;1397496654;|17834|187033
InlineUpdate.aspx.cs;1888661835;1;1401244947;|18059|195174
InlineUpdate.aspx.designer.cs;1362045100;1;1401244947;|18060|195175
Clone.aspx;105716158;4;1401678846;|6727|199411
CommonUpdate.aspx;2421620784;2;1401678846;|17836|199412
Delete.aspx;1096724522;5;1401678846;|6725|199413
Details.aspx;1529273937;5;1401678846;|6724|199414
InlineUpdate.aspx;3663400513;2;1401678846;|18061|199415
Insert.aspx;3021396735;4;1401678846;|6722|199416
Settings.aspx;2855656913;3;1401678846;|8973|199417
Update.aspx;1604087153;4;1401678846;|6740|199418
CommonUpdate.aspx.cs;2070436997;2;1402283038;|17835|203724
Delete.aspx.cs;1535336958;9;1404236648;|6737|209328
Default.aspx.cs;453254930;18;1405544893;|6739|213398
