SCMBranch=USR-717
SCMRepository=User Interface/Task Time Tracker/Web/Styles/Kendo/Metro
SCMMainlineUUID={6a359bb0-6131-417f-b48a-3113b3a22182}
SCMBranchRepositoryID=19220
editor.png;3050983162;1;1394430905;|16151|161240
imagebrowser.png;2453973480;1;1394430905;|16152|161241
indeterminate.gif;642287631;1;1394430905;|16153|161242
loading-image.gif;647497749;1;1394430905;|16155|161244
loading.gif;758885478;1;1394430905;|16156|161245
loading_2x.gif;1001229231;1;1394430905;|16157|161246
markers.png;1631288984;1;1394430905;|16159|161248
markers_2x.png;3638233921;1;1394430905;|16158|161247
slider-h.gif;423880690;1;1394430905;|16154|161243
slider-v.gif;1411777217;1;1394430905;|16148|161237
sprite.png;180894420;1;1394430905;|16149|161238
sprite_2x.png;1320030088;1;1394430905;|16150|161239
