SCMBranch=USR-717
SCMRepository=User Interface/Task Time Tracker/Web/Shared/EventMonitoring/ApplicationMonitoredEventSource/Controls
SCMMainlineUUID={6a359bb0-6131-417f-b48a-3113b3a22182}
SCMBranchRepositoryID=5597
Details.ascx.designer.cs;3978411749;3;1394430892;|2439|154733
Generic.ascx.designer.cs;4042820432;2;1394430892;|2441|18258
List.ascx.designer.cs;324630105;1;1394430892;|2447|2447
Validation.xml;3636875124;1;1394430892;|2443|2443
Generic.ascx;2801237983;5;1401244937;|2445|193525
List.ascx;4234636218;2;1401244937;|2446|193526
Details.ascx;1862249414;5;1401678845;|2444|200195
SearchFilter.ascx;129770278;15;1406172432;|2450|219855
Details.ascx.cs;757302910;11;1408468527;|2438|227317
Generic.ascx.cs;2338879979;14;1408469999;|2440|227318
List.ascx.cs;1680688718;7;1408470111;|2442|227319
SearchFilter.ascx.designer.cs;1198767948;8;1413170147;|2449|266374
SearchFilter.ascx.cs;804006760;23;1414437923;|2448|273784
