SCMBranch=USR-717
SCMRepository=User Interface/Task Time Tracker/Web/Prototype/Kendo/dataviz/bar-charts
SCMMainlineUUID={6a359bb0-6131-417f-b48a-3113b3a22182}
SCMBranchRepositoryID=19133
column.html;1243008656;3;1406516545;|13905|221098
date-axis.html;1989098665;3;1406516545;|13904|221099
error-bars.html;77669309;3;1406516545;|13903|221100
gap-spacing.html;1328448913;3;1406516545;|13902|221101
grouped-data.html;3099811019;3;1406516545;|13901|221102
grouped-stacked-bar.html;2007766544;3;1406516545;|13899|221103
index.html;989785971;3;1406516545;|13898|221104
local-data.html;1675964966;3;1406516545;|13897|221105
multiple-axes.html;1255225640;3;1406516545;|13896|221106
mvvm.html;3754892586;3;1406516545;|13895|221107
pan-and-zoom.html;3526667471;3;1406516545;|13907|221108
plotbands.html;3707257450;3;1406516545;|13900|221109
remote-data.html;2830173538;3;1406516545;|13906|221110
stacked-bar.html;2512082871;3;1406516545;|13894|221111
