SCMBranch=USR-717
SCMRepository=User Interface/Task Time Tracker/Web/MA/ApplicationDevelopment/Customer/Controls
SCMMainlineUUID={6a359bb0-6131-417f-b48a-3113b3a22182}
SCMBranchRepositoryID=35095
Details.ascx;3387828716;1;1433221042;|36217|303894
Details.ascx.cs;3516572524;1;1433221042;|36212|303889
Details.ascx.designer.cs;3779986639;1;1433221042;|36213|303890
Generic.ascx;1192932647;1;1433221042;|36218|303895
Generic.ascx.cs;1529915186;1;1433221042;|36220|303897
Generic.ascx.designer.cs;3892338841;1;1433221042;|36214|303891
SearchFilter.ascx;499424622;1;1433221042;|36219|303896
SearchFilter.ascx.cs;707879194;1;1433221042;|36215|303892
SearchFilter.ascx.designer.cs;2563485357;1;1433221042;|36216|303893
Validation.xml;1508226554;1;1433221042;|36211|303888
