SCMBranch=USR-717
SCMRepository=User Interface/Task Time Tracker/Web/Shared/Configuration/Themes
SCMMainlineUUID={6a359bb0-6131-417f-b48a-3113b3a22182}
SCMBranchRepositoryID=14801
Export.aspx;878706228;2;1394430884;|10606|135433
Export.aspx.designer.cs;1867495056;3;1394430884;|10618|154992
Search.aspx;3775593023;1;1394430884;|10608|134837
Search.aspx.cs;2646175490;1;1394430884;|10603|134832
Search.aspx.designer.cs;2276025539;1;1394430884;|10611|134840
Default.aspx;4228556526;6;1408639052;|10614|232663
Clone.aspx;1458521762;5;1410146601;|10626|243287
Clone.aspx.designer.cs;2904989745;3;1410146601;|10616|243288
CommonUpdate.aspx;4103043167;3;1410146601;|17831|243289
CommonUpdate.aspx.designer.cs;1586951334;2;1410146601;|17833|243290
Default.aspx.designer.cs;3448628959;3;1410146601;|10624|238790
Delete.aspx;4163595090;6;1410146601;|10604|243291
Delete.aspx.designer.cs;1580773714;3;1410146601;|10622|243292
Details.aspx;3017959754;5;1410146601;|10605|243293
Details.aspx.designer.cs;375498121;3;1410146601;|10620|243294
InlineUpdate.aspx;532639570;3;1410146601;|18056|243295
InlineUpdate.aspx.designer.cs;849258457;2;1410146601;|18057|243296
Insert.aspx;3643996850;5;1410146601;|10607|243297
Insert.aspx.designer.cs;797550136;3;1410146601;|10610|243298
Update.aspx;3766210320;5;1410146601;|10609|243299
Update.aspx.designer.cs;767538870;3;1410146601;|10613|243300
Clone.aspx.cs;2841860090;3;1415159027;|10615|274949
CommonUpdate.aspx.cs;110875166;5;1415159027;|17832|274950
Default.aspx.cs;879685381;10;1415159027;|10625|274953
Delete.aspx.cs;2687594547;8;1415159027;|10623|274954
Details.aspx.cs;312271289;3;1415159027;|10621|274955
Export.aspx.cs;3150359534;10;1415159027;|10619|274956
InlineUpdate.aspx.cs;1623589724;6;1415159027;|18058|274957
Insert.aspx.cs;2741983647;3;1415159027;|10617|274958
Update.aspx.cs;1453819958;3;1415159027;|10612|274959
