SCMBranch=USR-717
SCMRepository=User Interface/Task Time Tracker/Web/Shared/Admin/SystemIntegrity/SuperKeyDetail
SCMMainlineUUID={6a359bb0-6131-417f-b48a-3113b3a22182}
SCMBranchRepositoryID=5523
Export.aspx;2327116819;3;1394430863;|1415|170646
Export.aspx.designer.cs;4104145563;2;1394430863;|1402|154638
Clone.aspx.cs;2074316641;9;1408591358;|1418|227634
Default.aspx.cs;1142998266;14;1408591358;|1408|229475
Insert.aspx.cs;278968592;12;1408591358;|1401|227639
Default.aspx;367946639;7;1408639047;|1412|232515
Clone.aspx;3995568249;6;1410146582;|1406|241460
Clone.aspx.designer.cs;2239412998;3;1410146582;|1407|241461
Default.aspx.designer.cs;2470503586;4;1410146582;|1409|238646
Delete.aspx;1166165927;7;1410146582;|1413|241462
Delete.aspx.designer.cs;2804899651;3;1410146582;|1411|241463
Details.aspx.cs;3318486358;13;1410146582;|1405|248658
Details.aspx.designer.cs;1262281911;3;1410146582;|1404|241465
Export.aspx.cs;3139041342;10;1410146584;|1403|245671
Insert.aspx;2542025708;6;1410146584;|1416|241466
Insert.aspx.designer.cs;3120442800;3;1410146584;|1400|241467
Update.aspx.cs;2841102979;16;1410146584;|1398|248659
Update.aspx.designer.cs;1420099692;3;1410146584;|1399|241469
Delete.aspx.cs;3680058140;15;1414376793;|1410|273336
Details.aspx;2560011885;8;1419542792;|1414|290586
Update.aspx;4132780490;7;1419542792;|1417|290587
