SCMBranch=USR-717
SCMRepository=User Interface/Task Time Tracker/Web/Content/AjaxControlToolkit/Images
SCMMainlineUUID={6a359bb0-6131-417f-b48a-3113b3a22182}
SCMBranchRepositoryID=35531
HtmlEditor.Ed-AlignJustify-Inactive.gif;3592578208;3;1442381567;|39400|4294967295
HtmlEditor.Ed-AlignLeft-Active.gif;423502988;3;1442381567;|39401|4294967295
HtmlEditor.Ed-AlignLeft-Inactive.gif;2529586754;3;1442381567;|39402|4294967295
HtmlEditor.Ed-AlignRemove-Active.gif;3751818187;3;1442381566;|39403|4294967295
HtmlEditor.Ed-AlignRemove-Inactive.gif;3088488128;3;1442381566;|39404|4294967295
HtmlEditor.Ed-AlignRight-Active.gif;3478270359;3;1442381566;|39405|4294967295
HtmlEditor.Ed-AlignRight-Inactive.gif;3635925847;3;1442381566;|39406|4294967295
HtmlEditor.Ed-Anchor.gif;1727318134;3;1442381566;|39407|4294967295
HtmlEditor.Ed-BackColor-Active.gif;647251865;3;1442381566;|39408|4294967295
HtmlEditor.Ed-BackColor-Inactive.gif;3210361773;3;1442381566;|39409|4294967295
HtmlEditor.Ed-ColorBgClear-Active.gif;1715551553;3;1442381566;|39410|4294967295
HtmlEditor.Ed-ColorBgClear-Inactive.gif;1462777511;3;1442381566;|39411|4294967295
HtmlEditor.Ed-ColorFg-Active.gif;3414023813;3;1442381566;|39412|4294967295
HtmlEditor.Ed-ColorFg-Inactive.gif;3186217807;3;1442381566;|39413|4294967295
HtmlEditor.Ed-ColorFgClear-Active.gif;368841438;3;1442381566;|39414|4294967295
HtmlEditor.Ed-ColorFgClear-Inactive.gif;1648969230;3;1442381566;|39415|4294967295
HtmlEditor.Ed-Copy-Active.gif;3417291856;3;1442381566;|39416|4294967295
HtmlEditor.Ed-Copy-Inactive.gif;338261530;3;1442381566;|39417|4294967295
HtmlEditor.Ed-Cut-Active.gif;4166862679;3;1442381566;|39418|4294967295
HtmlEditor.Ed-Cut-Inactive.gif;2845874431;3;1442381566;|39419|4294967295
HtmlEditor.Ed-Design-Active.gif;1023970849;3;1442381566;|39420|4294967295
HtmlEditor.Ed-Design-Inactive.gif;3511318875;3;1442381566;|39421|4294967295
HtmlEditor.Ed-Flash.gif;3391867337;3;1442381565;|39422|4294967295
HtmlEditor.Ed-ForeColor-Active.gif;1172762205;3;1442381565;|39423|4294967295
HtmlEditor.Ed-ForeColor-Inactive.gif;2029660776;3;1442381565;|39424|4294967295
HtmlEditor.Ed-FormatBold-Active.gif;2726226079;3;1442381565;|39425|4294967295
HtmlEditor.Ed-FormatBold-Inactive.gif;1977718217;3;1442381565;|39426|4294967295
HtmlEditor.Ed-FormatItalic-Active.gif;3463045613;3;1442381565;|39427|4294967295
HtmlEditor.Ed-FormatItalic-Inactive.gif;2981622990;3;1442381565;|39428|4294967295
HtmlEditor.Ed-FormatLtr-Active.gif;2507297351;3;1442381565;|39429|4294967295
HtmlEditor.Ed-FormatLtr-Inactive.gif;3165634743;3;1442381565;|39430|4294967295
HtmlEditor.Ed-FormatParagraph-Active.gif;38294601;3;1442381565;|39431|4294967295
HtmlEditor.Ed-FormatParagraph-Inactive.gif;3627939694;3;1442381565;|39432|4294967295
HtmlEditor.Ed-Placeholder.gif;464529805;3;1442381563;|39462|4294967295
Seadragon.Fullscreen-Rest.png;3128320099;3;1442381562;|39492|4294967295
Tabs.Bottom-Hover.gif;1830148643;3;1442381560;|39522|4294967295
Calendar.Arrow-Right.gif;2059240649;3;1442381567;|39387|4294967295
AsyncFileUpload.Button.png;3825518250;3;1442383378;|39553|320821
BalloonPopup.CloudSprite.gif;1336020658;3;1442383378;|39552|320820
BalloonPopup.CloudSprite.png;1009787831;3;1442383378;|39551|320819
BalloonPopup.RectangleSprite.gif;554632490;3;1442383378;|39468|320736
BalloonPopup.RectangleSprite.png;1086832664;3;1442383378;|39385|320653
Calendar.Arrow-Left.gif;416464698;3;1442383378;|39386|320654
ComboBox.Arrow-Down.gif;2018294280;3;1442383378;|39388|320656
DropDown.DropArrow.gif;4286536469;3;1442383378;|39389|320657
Gravatar.Anonymous.jpg;1615537744;3;1442383378;|39390|320658
Gravatar.G.jpg;84274543;3;1442383378;|39391|320659
Gravatar.PG.jpg;3460010156;3;1442383378;|39392|320660
Gravatar.R.jpg;486595340;3;1442383378;|39393|320661
Gravatar.X.jpg;666672509;3;1442383378;|39394|320662
HtmlEditor.BgiButton.gif;724892586;3;1442383378;|39395|320663
HtmlEditor.Ed-1x1.gif;2597120689;3;1442383378;|39396|320664
HtmlEditor.Ed-AlignCenter-Active.gif;2791162956;3;1442383378;|39397|320665
HtmlEditor.Ed-AlignCenter-Inactive.gif;974366913;3;1442383378;|39398|320666
HtmlEditor.Ed-AlignJustify-Active.gif;3422564552;3;1442383378;|39399|320667
HtmlEditor.Ed-FormatRtl-Active.gif;3470077181;3;1442383378;|39433|320701
HtmlEditor.Ed-FormatRtl-Inactive.gif;614175454;3;1442383378;|39434|320702
HtmlEditor.Ed-FormatStrike-Active.gif;3704778452;3;1442383378;|39435|320703
HtmlEditor.Ed-FormatStrike-Inactive.gif;1596449435;3;1442383378;|39436|320704
HtmlEditor.Ed-FormatSub-Active.gif;2924672013;3;1442383378;|39437|320705
HtmlEditor.Ed-FormatSub-Inactive.gif;3080206004;3;1442383378;|39438|320706
HtmlEditor.Ed-FormatSup-Active.gif;213240601;3;1442383378;|39439|320707
HtmlEditor.Ed-FormatSup-Inactive.gif;2650316530;3;1442383378;|39440|320708
HtmlEditor.Ed-FormatUnderline-Active.gif;3925808536;3;1442383378;|39441|320709
HtmlEditor.Ed-FormatUnderline-Inactive.gif;2905357291;3;1442383378;|39442|320710
HtmlEditor.Ed-Html-Active.gif;1997949936;3;1442383378;|39443|320711
HtmlEditor.Ed-Html-Inactive.gif;2017163672;3;1442383378;|39444|320712
HtmlEditor.Ed-IndentLess-Active.gif;51644659;3;1442383378;|39445|320713
HtmlEditor.Ed-IndentLess-Inactive.gif;3695175113;3;1442383378;|39446|320714
HtmlEditor.Ed-IndentMore-Active.gif;2931396217;3;1442383378;|39447|320715
HtmlEditor.Ed-IndentMore-Inactive.gif;3273111173;3;1442383378;|39448|320716
HtmlEditor.Ed-Link-Active.gif;1038502428;3;1442383378;|39449|320717
HtmlEditor.Ed-Link-Inactive.gif;4255692117;3;1442383378;|39450|320718
HtmlEditor.Ed-ListBullet-Active.gif;2275339494;3;1442383378;|39451|320719
HtmlEditor.Ed-ListBullet-Inactive.gif;2500720029;3;1442383378;|39452|320720
HtmlEditor.Ed-ListNum-Active.gif;1697954226;3;1442383378;|39453|320721
HtmlEditor.Ed-ListNum-Inactive.gif;4100067915;3;1442383378;|39454|320722
HtmlEditor.Ed-Media.gif;3834587964;3;1442383378;|39455|320723
HtmlEditor.Ed-Paste-Active.gif;4107263898;3;1442383378;|39456|320724
HtmlEditor.Ed-Paste-Inactive.gif;3058046500;3;1442383378;|39457|320725
HtmlEditor.Ed-PasteText-Active.gif;2688936016;3;1442383378;|39458|320726
HtmlEditor.Ed-PasteText-Inactive.gif;56098871;3;1442383378;|39459|320727
HtmlEditor.Ed-PasteWord-Active.gif;2439207228;3;1442383378;|39460|320728
HtmlEditor.Ed-PasteWord-Inactive.gif;2384626811;3;1442383378;|39461|320729
HtmlEditor.Ed-Preview-Active.gif;3808270328;3;1442383378;|39463|320731
HtmlEditor.Ed-Preview-Inactive.gif;2952741581;3;1442383378;|39464|320732
HtmlEditor.Ed-Redo-Active.gif;3592018554;3;1442383378;|39465|320733
HtmlEditor.Ed-Redo-Inactive.gif;1403423719;3;1442383378;|39466|320734
HtmlEditor.Ed-Rule-Active.gif;3637526369;3;1442383378;|39467|320735
HtmlEditor.Ed-Rule-Inactive.gif;2493444742;3;1442383378;|39554|320822
HtmlEditor.Ed-Selector-Active.gif;1543058693;3;1442383378;|39469|320737
HtmlEditor.Ed-Selector-Inactive.gif;4158489020;3;1442383378;|39470|320738
HtmlEditor.Ed-Separator.gif;1720681902;3;1442383378;|39471|320739
HtmlEditor.Ed-Undo-Active.gif;1453303578;3;1442383378;|39472|320740
HtmlEditor.Ed-Undo-Inactive.gif;2987634375;3;1442383378;|39473|320741
HtmlEditor.Ed-Unformat-Active.gif;2925573555;3;1442383378;|39474|320742
HtmlEditor.Ed-Unformat-Inactive.gif;2825098965;3;1442383378;|39475|320743
HtmlEditor.Ed-Unlink-Active.gif;3525429087;3;1442383378;|39476|320744
HtmlEditor.Ed-Unlink-Inactive.gif;958682930;3;1442383378;|39477|320745
HtmlEditorExtender.Buttons.png;3438011868;3;1442383378;|39478|320746
MultiHandleSlider.Handle-Horizontal.gif;3770936793;3;1442383378;|39479|320747
MultiHandleSlider.Handle-Vertical.gif;1790707788;3;1442383378;|39480|320748
MultiHandleSlider.HandleDown-Horizontal.gif;1707023008;3;1442383378;|39481|320749
MultiHandleSlider.HandleDown-Vertical.gif;1526262641;3;1442383378;|39482|320750
MultiHandleSlider.HandleHover-Horizontal.gif;2821153784;3;1442383378;|39483|320751
MultiHandleSlider.HandleHover-Vertical.gif;3237634531;3;1442383378;|39484|320752
MultiHandleSlider.Rail-Horizontal.gif;3863446327;3;1442383378;|39485|320753
MultiHandleSlider.Rail-Vertical.gif;252342706;3;1442383378;|39486|320754
MultiHandleSlider.RailOuter-Horizontal.gif;3588332516;3;1442383378;|39487|320755
MultiHandleSlider.RailOuter-Vertical.gif;18624799;3;1442383378;|39488|320756
Seadragon.Fullscreen-Grouphover.png;2456424889;3;1442383378;|39489|320757
Seadragon.Fullscreen-Hover.png;1570096099;3;1442383378;|39490|320758
Seadragon.Fullscreen-Pressed.png;2934088215;3;1442383378;|39491|320759
Seadragon.Home-Grouphover.png;1214169548;3;1442383378;|39493|320761
Seadragon.Home-Hover.png;3051994384;3;1442383378;|39494|320762
Seadragon.Home-Pressed.png;4201103130;3;1442383378;|39495|320763
Seadragon.Home-Rest.png;2873979363;3;1442383378;|39496|320764
Seadragon.ZoomIn-Grouphover.png;781147386;3;1442383378;|39497|320765
Seadragon.ZoomIn-Hover.png;3508636416;3;1442383378;|39498|320766
Seadragon.ZoomIn-Pressed.png;2481019749;3;1442383378;|39499|320767
Seadragon.ZoomIn-Rest.png;1556967599;3;1442383378;|39500|320768
Seadragon.ZoomOut-Grouphover.png;1209503307;3;1442383378;|39501|320769
Seadragon.ZoomOut-Hover.png;3114913551;3;1442383378;|39502|320770
Seadragon.ZoomOut-Pressed.png;2073855504;3;1442383378;|39503|320771
Seadragon.ZoomOut-Rest.png;3524662282;3;1442383378;|39504|320772
Slider.Handle-Horizontal.gif;3770936793;3;1442383379;|39505|320773
Slider.Handle-Vertical.gif;1790707788;3;1442383379;|39506|320774
Slider.Rail-Horizontal.gif;2538232253;3;1442383379;|39507|320775
Slider.Rail-Vertical.gif;2158657581;3;1442383379;|39508|320776
Tabs.Active-VerticalLeft.gif;230114576;3;1442383379;|39509|320777
Tabs.Active-VerticalRight.gif;230114576;3;1442383379;|39510|320778
Tabs.Active.gif;3475216172;3;1442383379;|39511|320779
Tabs.ActiveLeft-VerticalLeft.gif;1809380505;3;1442383379;|39512|320780
Tabs.ActiveLeft-VerticalRight.gif;1332934170;3;1442383379;|39513|320781
Tabs.ActiveLeft.gif;121822178;3;1442383379;|39514|320782
Tabs.ActiveRight-VerticalLeft.gif;3186507464;3;1442383379;|39515|320783
Tabs.ActiveRight-VerticalRight.gif;1097468906;3;1442383379;|39516|320784
Tabs.ActiveRight.gif;3887914787;3;1442383379;|39517|320785
Tabs.Background.gif;1601889243;3;1442383379;|39518|320786
Tabs.Bottom-Active.gif;1076912411;3;1442383379;|39519|320787
Tabs.Bottom-ActiveLeft.gif;2460618115;3;1442383379;|39520|320788
Tabs.Bottom-ActiveRight.gif;3772594629;3;1442383379;|39521|320789
Tabs.Bottom-HoverLeft.gif;13948189;3;1442383379;|39523|320791
Tabs.Bottom-HoverRight.gif;3712532704;3;1442383379;|39524|320792
Tabs.Bottom-Left.gif;2562083304;3;1442383379;|39525|320793
Tabs.Bottom-Right.gif;1542104586;3;1442383379;|39526|320794
Tabs.Bottom.gif;619231198;3;1442383379;|39527|320795
Tabs.Hover-VerticalLeft.gif;2574356108;3;1442383379;|39528|320796
Tabs.Hover-VerticalRight.gif;3261916888;3;1442383379;|39529|320797
Tabs.Hover.gif;2874889116;3;1442383379;|39530|320798
Tabs.HoverLeft-VerticalLeft.gif;3475343625;3;1442383379;|39531|320799
Tabs.HoverLeft-VerticalRight.gif;253463286;3;1442383379;|39532|320800
Tabs.HoverLeft.gif;2056332024;3;1442383379;|39533|320801
Tabs.HoverRight-VerticalLeft.gif;994000873;3;1442383379;|39534|320802
Tabs.HoverRight-VerticalRight.gif;1152246567;3;1442383379;|39535|320803
Tabs.HoverRight.gif;897530424;3;1442383379;|39536|320804
Tabs.Left-VerticalLeft.gif;190519934;3;1442383379;|39537|320805
Tabs.Left-VerticalRight.gif;3659103318;3;1442383379;|39538|320806
Tabs.Left.gif;2218640200;3;1442383379;|39539|320807
Tabs.Line.gif;4150247985;3;1442383379;|39540|320808
Tabs.Right-VerticalLeft.gif;2970032170;3;1442383379;|39541|320809
Tabs.Right-VerticalRight.gif;3714101544;3;1442383379;|39542|320810
Tabs.Right.gif;2821606834;3;1442383379;|39543|320811
Tabs.VerticalLeft.gif;3981886864;3;1442383379;|39544|320812
Tabs.VerticalRight.gif;3981886864;3;1442383379;|39545|320813
Twitter.24.png;1959981042;3;1442383379;|39546|320814
Twitter.32.png;2808160846;3;1442383379;|39547|320815
ValidatorCallout.Alert-Large.gif;3049061071;3;1442383379;|39548|320816
ValidatorCallout.Alert-Small.gif;2792845447;3;1442383379;|39549|320817
ValidatorCallout.Close.gif;4097134505;3;1442383379;|39550|320818
